0 0.06178571428571429 0.05354414682539682 0.029077380952380955 0.019861111111111107
0 0.053478835978835966 0.07866071428571428 0.0321924603174603 0.014796626984126982
0 0.0746494708994709 0.08007936507936507 0.017642195767195782 0.012837301587301586
0 0.09887235449735449 0.07810515873015873 0.02238095238095239 0.014811507936507939
0 0.10927579365079364 0.0756374007936508 0.01895833333333335 0.014218750000000013
0 0.09400132275132275 0.09291666666666666 0.014219576719576714 0.012440476190476191
0 0.056216931216931214 0.10743055555555556 0.02132936507936507 0.010664682539682557
0 0.10124338624338623 0.12105902777777777 0.011322751322751312 0.014218749999999992
0 0.14982473544973543 0.11898561507936507 0.022645502645502625 0.02507936507936508
0 0.18826719576719578 0.11335565476190476 0.02106481481481482 0.01461309523809522
0 0.1941931216931217 0.1226388888888889 0.012374338624338677 0.010664682539682557
0 0.1658862433862434 0.08037698412698412 0.022645502645502625 0.012638888888888889
0 0.19169312169312167 0.07810515873015873 0.025277777777777823 0.018759920634920622
0 0.24264219576719576 0.0832390873015873 0.028174603174603165 0.020339781746031748
0 0.17339285714285715 0.0752405753968254 0.017116402116402085 0.01224454365079366
0 0.013214285714285713 0.16750744047619046 0.018501984126984127 0.009910714285714306
0 0.06568121693121692 0.19119791666666666 0.02880952380952382 0.012487599206349165
0 0.10162698412698412 0.15462301587301588 0.019295634920634915 0.011101190476190492
0 0.18673611111111113 0.1511532738095238 0.019824735449735443 0.01526289682539681
0 0.23127314814814814 0.17742063492063492 0.014272486772486796 0.010704365079365096
0 0.2467361111111111 0.15878472222222223 0.015066137566137528 0.015858134920634946
0 0.27845238095238095 0.18009672619047618 0.014537037037037 0.010505952380952355
0 0.27964285714285714 0.1718700396825397 0.017972883597883536 0.012686011904761907
0 0.2772321428571428 0.16001488095238092 0.020446428571428518 0.009119543650793639
0 0.2794378306878306 0.14472966269841267 0.017106481481481476 0.014032738095238084
0 0.29151455026455025 0.12584573412698413 0.013971560846560867 0.012383432539682548
0 0.29937830687830685 0.12432539682539681 0.01504629629629631 0.01557787698412696
0 0.3469113756613756 0.12167906746031745 0.017976190476190486 0.0070907738095238315
0 0.3793981481481481 0.13091517857142856 0.01424603174603168 0.02077132936507935
0 0.357962962962963 0.11518849206349206 0.016375661375661345 0.018874007936507953
0 0.3591600529100528 0.15073660714285714 0.016111111111111024 0.016076388888888894
0 0.38565806878306874 0.1586755952380952 0.012916666666666642 0.01517857142857144
0 0.3328637566137566 0.16391865079365078 0.011183862433862402 0.01567708333333333
0 0.37886243386243385 0.1924627976190476 0.02370039682539691 0.013263888888888875
0 0.4402149470899471 0.19212053571428572 0.024249338624338652 0.025979662698412676
0 0.41970238095238094 0.22644345238095237 0.01604497354497359 0.01941716269841267
0 0.45817129629629627 0.2332118055555555 0.009480820105820105 0.014357638888888946
0 0.4404861111111111 0.2048363095238095 0.012033730158730075 0.023246527777777803
0 0.4555291005291005 0.21051091269841268 0.011851851851851928 0.01545138888888884
0 0.4827843915343915 0.19437748015873016 0.014586640211640281 0.016817956349206353
0 0.45917328042328037 0.17536954365079366 0.01476851851851843 0.023655753968253944
0 0.527910052910053 0.20825644841269844 0.024613095238095243 0.015587797619047628
0 0.5763161375661375 0.24784226190476186 0.028078703703703668 0.01517857142857144
0 0.5576289682539682 0.24367063492063493 0.018779761904761945 0.01668154761904761
0 0.598558201058201 0.2576190476190476 0.009480820105820223 0.015587797619047628
0 0.5290046296296296 0.2568675595238095 0.016226851851851857 0.01517857142857144
0 0.4658300264550264 0.2678745039682539 0.015314153439153462 0.029809027777777785
0 0.41085978835978837 0.2752579365079365 0.022791005291005344 0.010119047619047628
0 0.3565277777777778 0.2900545634920635 0.012903439153439203 0.028576388888888804
0 0.32662037037037034 0.266703869047619 0.021917989417989385 0.014134424603174534
0 0.22973875661375662 0.327859623015873 0.014794973544973545 0.014965277777777786
0 0.24541666666666667 0.326282242063492 0.01330357142857146 0.007328869047619068
0 0.1757142857142857 0.352140376984127 0.020767195767195722 0.009977678571428594
0 0.07284060846560846 0.24619047619047615 0.0276223544973545 0.009933035714285676
0 0.09175925925925926 0.2867733134920635 0.02232473544973545 0.015607638888888876
0 0.11011243386243387 0.2589608134920635 0.01665013227513228 0.007661210317460298
0 0.24898148148148144 0.24789434523809523 0.021190476190476145 0.007661210317460298
0 0.39416335978835976 0.30963789682539683 0.011987433862433861 0.007931547619047663
0 0.3982539682539682 0.3034722222222222 0.010456349206349221 0.010520833333333358
0 0.4191699735449735 0.34995535714285714 0.019126984126984208 0.008990575396825396
0 0.48633267195767194 0.3060391865079365 0.01772817460317467 0.017395833333333322
0 0.5200496031746032 0.2930555555555555 0.011927910052910088 0.013792162698412724
0 0.591656746031746 0.305500992063492 0.016035052910052864 0.01786458333333334
0 0.6195998677248676 0.2920734126984127 0.013700396825396885 0.010391865079365115
0 0.619755291005291 0.3092956349206349 0.01868055555555538 0.015178571428571352
0 0.6312003968253969 0.3161805555555555 0.030357142857142822 0.01914186507936506
0 0.6533829365079364 0.32937003968253964 0.014632936507936496 0.01938244047619051
0 0.6768915343915344 0.33895089285714286 0.01432208994708996 0.020314980158730123
0 0.6904365079365079 0.3777157738095238 0.012453703703703667 0.02148313492063485
0 0.6820271164021163 0.3836706349206349 0.011832010582010591 0.021951884920634955
0 0.6722222222222222 0.3750297619047619 0.011832010582010591 0.011207837301587276
0 0.6543948412698413 0.3955803571428571 0.022572751322751352 0.017514880952380896
0 0.6815608465608466 0.41 0.011832010582010591 0.018563988095238137
0 0.6936276455026456 0.4236011904761905 0.020393518518518523 0.007938988095238209
0 0.6003736772486773 0.36674107142857143 0.014477513227513346 0.012609126984126995
0 0.4525165343915344 0.4170560515873015 0.011984126984126911 0.018172123015873076
0 0.49016203703703703 0.39888392857142857 0.018495370370370287 0.012700892857142909
0 0.5670138888888889 0.42701884920634925 0.013287037037036953 0.008792162698412653
0 0.10460648148148148 0.42537450396825394 0.016832010582010573 0.020019841269841264
0 0.08584986772486773 0.477859623015873 0.03270502645502645 0.011361607142857189
0 0.14067791005291005 0.5436904761904762 0.02693452380952383 0.008477182539682637
0 0.10154431216931217 0.7965451388888889 0.033333333333333305 0.009258432539682459
0 0.12315145502645503 0.9143700396825396 0.015433201058201037 0.01759176587301603
0 0.13518849206349207 0.9477058531746032 0.021603835978836004 0.019444444444444285
0 0.15910714285714284 0.9511780753968253 0.023148148148148154 0.014352678571428612
0 0.2648809523809524 0.6982192460317459 0.013138227513227492 0.02665178571428566
0 0.27488425925925924 0.6679836309523809 0.018812830687830722 0.007390873015873112
0 0.33819113756613756 0.7289037698412698 0.010453042328042273 0.01590277777777782
0 0.3729828042328042 0.7275595238095238 0.017916666666666595 0.007839781746031704
0 0.3080886243386243 0.8135044642857142 0.02457671957671958 0.01972718253968253
0 0.3404431216931217 0.91046875 0.019133597883597867 0.011448412698412725
0 0.333885582010582 0.921594742063492 0.01590939153439154 0.008546626984126959
0 0.39354497354497353 0.9233680555555555 0.02085317460317455 0.007901785714285481
0 0.4465343915343915 0.8852628968253968 0.0173015873015873 0.007641369047619051
0 0.4703703703703704 0.8245684523809522 0.016147486772486747 0.011676587301587205
0 0.3090906084656085 0.9898983134920634 0.018075396825396814 0.01084573412698404
0 0.40723875661375664 0.9836631944444445 0.021329365079365083 0.007591765873015887
0 0.4564054232804233 0.9878645833333334 0.018435846560846514 0.01437003968253947
0 0.4620072751322751 0.9745808531746032 0.012291666666666737 0.012743055555555572
0 0.5478637566137565 0.9790550595238094 0.010482804232804217 0.014640376984126745
0 0.565026455026455 0.913516865079365 0.0336904761904762 0.013412698412698276
0 0.6075562169312169 0.929893353174603 0.012268518518518571 0.017780257936507837
0 0.6414550264550265 0.8998710317460317 0.0147652116402116 0.018561507936507838
0 0.6317824074074073 0.9068898809523809 0.00790343915343925 0.015441468253968438
0 0.6131712962962962 0.905329861111111 0.014348544973544838 0.015441468253968438
0 0.6182671957671958 0.8827901785714285 0.021210317460317422 0.010605158730158947
0 0.6079728835978835 0.8924603174603174 0.02266865079365085 0.011230158730158734
0 0.5922718253968253 0.8855208333333333 0.020380291005290967 0.009513888888888645
0 0.5753042328042327 0.8543650793650794 0.013214285714285741 0.0218055555555555
0 0.6634060846560846 0.8307440476190475 0.019381613756613802 0.011562500000000142
0 0.6550363756613755 0.827440476190476 0.016739417989417877 0.01354662698412703
0 0.6827513227513227 0.8033878968253969 0.01868055555555538 0.012212301587301511
0 0.6893386243386243 0.7704315476190475 0.022271825396825543 0.021014384920634833
0 0.6524570105820106 0.7574082341269841 0.016524470899470838 0.00826140873015877
0 0.5695998677248677 0.7966542658730159 0.01365079365079372 0.01634424603174587
0 0.5314021164021164 0.776626984126984 0.0196362433862434 0.010057043650793674
0 0.7395304232804233 0.7253869047619048 0.01772817460317455 0.01584325396825399
0 0.7027876984126984 0.7042906746031745 0.01546626984127002 0.01273065476190478
0 0.6632539682539683 0.685500992063492 0.012880291005290919 0.014635416666666679
0 0.6053968253968254 0.6819146825396826 0.015416666666666618 0.018293650793650862
0 0.5395403439153438 0.6651587301587301 0.02224537037037037 0.017269345238095292
0 0.5127116402116402 0.6669146825396826 0.02907407407407412 0.010245535714285835
0 0.4414880952380952 0.6536681547619048 0.028683862433862353 0.017708333333333215
0 0.2552281746031746 0.5841989087301587 0.014570105820105777 0.005364583333333428
0 0.32052579365079364 0.5658209325396825 0.016425264550264627 0.03218501984126991
0 0.3468849206349206 0.5868799603174604 0.02251653439153441 0.018675595238095255
0 0.39165013227513223 0.548735119047619 0.025165343915343877 0.022251984126984148
0 0.288667328042328 0.49632936507936504 0.023002645502645434 0.010520833333333358
0 0.3352347883597883 0.5070610119047619 0.010661375661375653 0.02019841269841276
0 0.4449239417989418 0.5203149801587301 0.03478505291005286 0.012202380952380843
0 0.4660681216931217 0.5519593253968254 0.021210317460317422 0.01919890873015877
0 0.5017228835978835 0.4733134920634921 0.029986772486772395 0.019062500000000072
0 0.4406547619047619 0.4705704365079365 0.01279761904761898 0.013028273809523937
0 0.6265608465608465 0.45326884920634913 0.02992724867724874 0.015205853174603235
0 0.7448280423280422 0.4527256944444445 0.01641203703703719 0.025704365079365132
0 0.7129662698412699 0.4554414682539682 0.02027447089947098 0.012309027777777893
0 0.6804464285714286 0.47918154761904763 0.013009259259259191 0.0258482142857142
0 0.6960284391534391 0.47209821428571425 0.01490410052910036 0.008980654761904816
0 0.7055853174603174 0.47878720238095235 0.009298941798941722 0.009171626984126924
0 0.7309986772486773 0.4728621031746031 0.010191798941798898 0.010701884920634975
0 0.6662830687830686 0.5225496031746031 0.033862433862433976 0.011584821428571423
0 0.6967328042328041 0.5029439484126984 0.012476851851851715 0.019159226190476275
0 0.7512400793650793 0.5197643849206349 0.013068783068783318 0.020052083333333394
0 0.7528736772486773 0.509015376984127 0.01633928571428574 0.017710813492063514
0 0.7 0.5329092261904762 0.009503968253968272 0.015595238095238172
0 0.7242096560846562 0.5632638888888889 0.011286375661375796 0.011473214285714305
0 0.7763425925925925 0.582311507936508 0.011881613756613755 0.018824404761904744
0 0.7660185185185184 0.5877703373015872 0.014110449735449749 0.013256448412698418
0 0.7470833333333332 0.5907217261904761 0.018416005291005177 0.010917658730158842
0 0.7464186507936508 0.5843824404761905 0.010343915343915218 0.013484623015873077
0 0.7754332010582009 0.6262673611111111 0.017318121693121687 0.014516369047619016
0 0.7368518518518516 0.6340972222222222 0.012986111111111143 0.014898313492063409
0 0.7102380952380952 0.6509995039682539 0.012222222222222238 0.013943452380952515
0 0.615380291005291 0.615188492063492 0.02673941798941802 0.009166666666666679
0 0.6484854497354497 0.6183407738095238 0.0216468253968254 0.012797619047619158
0 0.6645271164021164 0.6163343253968254 0.01910052910052921 0.015280257936507802
0 0.6251917989417989 0.5470734126984127 0.016822089947089818 0.011468253968253883
0 0.5324603174603174 0.6265972222222221 0.014761904761904709 0.02115327380952383
0 0.4112070105820106 0.6160193452380952 0.02266865079365085 0.011071428571428576
0 0.25006944444444446 0.3926537698412699 0.014136904761904745 0.013162202380952425
0 0.6399007936507937 0.9316815476190475 0.023382936507936592 0.011567460317460388