0 0.24663690476190475 0.21811507936507937 0.014854497354497375 0.00828373015873014
0 0.2541600529100529 0.22961557539682537 0.008187830687830673 0.013283730158730123
0 0.2704431216931217 0.2194022817460317 0.007238756613756673 0.009141865079365097
0 0.28206018518518516 0.21454613095238093 0.013713624338624324 0.011140873015873076
0 0.2668253968253968 0.24782738095238094 0.019808201058201084 0.013712797619047645
0 0.2445403439153439 0.2606820436507936 0.011428571428571389 0.010285218253968243
0 0.2171164021164021 0.23518601190476188 0.007619047619047592 0.008712797619047663
0 0.19397486772486774 0.261609623015873 0.007427248677248717 0.006428571428571406
0 0.18483465608465607 0.2745386904761905 0.017331349206349246 0.00628472222222225
0 0.1676951058201058 0.2830357142857143 0.01504629629629631 0.005570436507936538
0 0.13826719576719576 0.29574900793650793 0.011428571428571403 0.008427579365079384
0 0.1322685185185185 0.30989087301587304 0.010856481481481505 0.009570932539682619
0 0.1970238095238095 0.31110367063492056 0.011236772486772514 0.011426091269841353
0 0.12903108465608465 0.31703125 0.00857142857142857 0.006140873015873094
0 0.13297288359788356 0.32015625 0.012592592592592593 0.007046130952380913
0 0.23061507936507933 0.32919890873015867 0.01518518518518519 0.007356150793650773
0 0.14820767195767195 0.3357217261904762 0.006011904761904733 0.013759920634920597
0 0.1803174603174603 0.3423660714285714 0.01708333333333337 0.005220734126984183
0 0.15475198412698413 0.3562723214285714 0.010224867724867732 0.008497023809523885
0 0.13699735449735448 0.36046875 0.014785052910052936 0.0056994047619047805
0 0.10134920634920634 0.35969246031746027 0.010916005291005278 0.008291170634920597
0 0.12787698412698412 0.3708854166666667 0.007876984126984137 0.008082837301587365
0 0.11502645502645502 0.3711954365079365 0.011468253968253942 0.006217757936507961
0 0.12407738095238094 0.38513392857142853 0.013541666666666667 0.00507688492063485
0 0.09810185185185186 0.3833705357142857 0.02238425925925925 0.01005208333333334
0 0.094646164021164 0.39798363095238093 0.012433862433862448 0.008809523809523778
0 0.12373015873015873 0.3999007936507937 0.008151455026455008 0.009325396825396837
0 0.11592592592592592 0.4161185515873016 0.016302910052910048 0.014818948412698419
0 0.1287070105820106 0.411922123015873 0.009811507936507934 0.004558531746031847
0 0.15108796296296295 0.4140972222222222 0.008703703703703703 0.006840277777777714
0 0.13022486772486772 0.4243551587301587 0.0073214285714285525 0.008291170634920597
0 0.1705952380952381 0.3986185515873016 0.007136243386243398 0.005959821428571477
0 0.17724537037037036 0.37192460317460313 0.00908068783068785 0.011433531746031723
0 0.19346230158730157 0.368578869047619 0.00908068783068785 0.008149801587301653
0 0.19913690476190476 0.3539236111111111 0.009404761904761945 0.01119047619047615
0 0.2267063492063492 0.35057787698412696 0.00908068783068785 0.012770337301587276
0 0.2277579365079365 0.36596478174603175 0.011514550264550217 0.01021577380952383
0 0.2721924603174603 0.36444444444444446 0.009242724867724898 0.009122023809523849
0 0.23667989417989418 0.3927207341269841 0.009242724867724898 0.01021577380952383
0 0.2727612433862434 0.38244295634920633 0.00972883597883604 0.0066889880952380135
0 0.2747883597883598 0.3991666666666667 0.008918650793650803 0.012891865079365105
0 0.2978968253968254 0.38663938492063493 0.011676587301587323 0.01119047619047615
0 0.28678571428571425 0.4112673611111111 0.01119047619047618 0.005716765873015994
0 0.22072420634920634 0.4176810515873015 0.008452380952380937 0.016217757936507836
0 0.18704365079365076 0.4350198412698412 0.01068783068783065 0.011371527777777678
0 0.20394841269841268 0.4370709325396825 0.008700396825396813 0.015099206349206362
0 0.15348875661375658 0.446297123015873 0.01416666666666669 0.01230406746031747
0 0.20978835978835977 0.462517361111111 0.011435185185185166 0.008576388888888786
0 0.1851818783068783 0.48582093253968245 0.013918650793650756 0.0149131944444445
0 0.3108300264550265 0.4608382936507936 0.013174603174603188 0.004846230158730158
0 0.07752976190476189 0.44785714285714284 0.009477513227513246 0.009774305555555607
0 0.08825727513227513 0.45012896825396825 0.010135582010582015 0.010957341269841159
0 0.1001058201058201 0.44775793650793644 0.011451719576719584 0.007008928571428541
0 0.10431878306878306 0.45180555555555557 0.013822751322751318 0.00799603174603174
0 0.10372354497354498 0.45659474206349204 0.019219576719576727 0.012437996031746047
0 0.11682208994708994 0.46789682539682537 0.01250330687830686 0.008983134920634938
0 0.06482804232804232 0.48502728174603177 0.02041997354497355 0.014776785714285623
0 0.08386904761904761 0.5045907738095237 0.007453703703703714 0.008268849206349137
0 0.08141865079365079 0.5218179563492062 0.014394841269841288 0.012251984126984005
0 0.0650297619047619 0.544330357142857 0.011537698412698406 0.013162202380952337
0 0.0701984126984127 0.552172619047619 0.005529100529100509 0.005590277777777786
0 0.09273478835978836 0.530265376984127 0.006369047619047604 0.00955605158730144
0 0.1163558201058201 0.5335565476190476 0.008895502645502635 0.01126984126984123
0 0.13534722222222223 0.5294097222222222 0.015145502645502636 0.013613591269841407
0 0.14784722222222219 0.5599727182539682 0.008882275132275137 0.0177628968253968
0 0.0799404761904762 0.5920436507936507 0.008379629629629607 0.013978174603174586
0 0.08173611111111109 0.5747296626984126 0.01162698412698413 0.007822420634920668
0 0.11336970899470898 0.5818477182539683 0.008548280423280433 0.015133928571428612
0 0.10732473544973545 0.6321502976190476 0.007615740740740732 0.013077876984126924
0 0.11569113756613757 0.6287673611111111 0.0061144179894179786 0.008117559523809348
0 0.1860085978835979 0.564655257936508 0.009411375661375666 0.010860615079365133
0 0.20534060846560848 0.5554761904761903 0.0069510582010581835 0.009665178571428613
0 0.23922619047619045 0.5521651785714285 0.011875000000000035 0.015639880952381092
0 0.2040376984126984 0.5800223214285715 0.011296296296296344 0.009883432539682602
0 0.1650132275132275 0.6034821428571429 0.011729497354497376 0.009015376984127067
0 0.15639550264550264 0.6183060515873016 0.007242063492063504 0.010426587301587275
0 0.17869708994708994 0.633187003968254 0.011296296296296344 0.00934027777777775
0 0.15538359788359787 0.6342708333333333 0.011005291005290966 0.007819940476190368
0 0.2185912698412698 0.6367708333333333 0.008544973544973545 0.009992559523809596
0 0.20208333333333334 0.6508878968253968 0.008832671957671975 0.011728670634920668
0 0.1609589947089947 0.6583829365079364 0.007675264550264534 0.0052132936507938155
0 0.12540674603174604 0.650453869047619 0.013032407407407387 0.009774305555555607
0 0.14670304232804232 0.6789161706349206 0.013201058201058184 0.010024801587301546
0 0.17946097883597883 0.6880133928571428 0.006435185185185214 0.013365575396825414
0 0.18919642857142854 0.7043501984126983 0.008746693121693147 0.011882440476190404
0 0.1867195767195767 0.7196354166666666 0.0077546296296296426 0.00977678571428573
0 0.2047089947089947 0.7155505952380952 0.007427248677248717 0.01151041666666668
0 0.21671957671957673 0.7416865079365079 0.00777777777777775 0.010518353174603057
0 0.24029100529100528 0.7366939484126983 0.012255291005291014 0.005126488095238102
0 0.23239417989417988 0.7370907738095237 0.008720238095238031 0.005567956349206327
0 0.23852182539682537 0.7166741071428572 0.007542989417989373 0.0213020833333335
0 0.2517791005291005 0.7059796626984127 0.012609126984126995 0.005744047619047521
0 0.21913690476190473 0.696875 0.007658730158730206 0.011225198412698489
0 0.2721097883597884 0.7034151785714285 0.008250661375661394 0.00998759920634935
0 0.25415343915343913 0.6609499007936507 0.010565476190476215 0.0059424603174603515
0 0.26187169312169306 0.6621999007936508 0.010148809523809513 0.011158234126984112
0 0.26590277777777777 0.6518774801587301 0.007645502645502589 0.016788194444444394
0 0.23208664021164022 0.6030654761904761 0.012099867724867685 0.013938492063492092
0 0.24735119047619047 0.7641592261904762 0.00915013227513229 0.014521329365079438
0 0.2602248677248677 0.7619270833333334 0.009361772486772443 0.008139880952380807
0 0.2771428571428572 0.7620064484126983 0.009573412698412772 0.007658730158730265
0 0.28703703703703703 0.7584151785714285 0.010638227513227487 0.007819940476190368
0 0.2690542328042328 0.7372693452380952 0.007873677248677217 0.006383928571428577
0 0.29235449735449737 0.7312872023809524 0.010211640211640234 0.007499999999999929
0 0.3002281746031746 0.7468452380952381 0.011064814814814857 0.010850694444444465
0 0.30756944444444445 0.7616071428571429 0.013406084656084616 0.009734623015872934
0 0.2978869047619047 0.7513144841269841 0.00893518518518519 0.007978670634920703
0 0.3296957671957672 0.7700644841269841 0.01212962962962969 0.005265376984126924
0 0.32608134920634924 0.7769270833333334 0.009573412698412654 0.00877728174603174
0 0.2842195767195767 0.7938640873015873 0.008759920634920586 0.009414682539682495
0 0.29750330687830684 0.7924950396825396 0.01518187830687836 0.008211805555555429
0 0.33472883597883596 0.7996130952380952 0.010509259259259333 0.007772817460317416
0 0.33655092592592595 0.7802876984126984 0.01561838624338622 0.012043650793650862
0 0.3509325396825397 0.7999950396825396 0.0134292328042329 0.008102678571428611
0 0.3665509259259259 0.7947395833333333 0.010509259259259333 0.012700892857142954
0 0.352390873015873 0.8181696428571428 0.011970899470899354 0.011604662698412583
0 0.35187830687830685 0.8060168650793651 0.007152777777777786 0.008320932539682602
0 0.3542162698412698 0.811217757936508 0.01561838624338622 0.005364583333333428
0 0.38275462962962964 0.8266542658730158 0.011094576719576803 0.007991071428571316
0 0.3972784391534391 0.8165823412698412 0.017371031746031797 0.008869047619047521
0 0.3977910052910053 0.7866939484126984 0.009050925925925905 0.007991071428571495
0 0.41326388888888893 0.78406498015873 0.009632936507936543 0.00843005952380942
0 0.40530753968253974 0.8054712301587301 0.005694444444444358 0.0078819444444445
0 0.42005291005291007 0.8000496031746032 0.012701719576719483 0.010620039682539684
0 0.4433564814814815 0.8181622023809523 0.014113756613756578 0.0094444444444445
0 0.45380291005291 0.7994295634920634 0.012314814814814785 0.006019345238095308
0 0.4561541005291005 0.797249503968254 0.013422619047619122 0.007886904761904834
0 0.41138888888888886 0.7700074404761905 0.015499338624338558 0.007160218253968153
0 0.43417989417989417 0.743923611111111 0.011517857142857106 0.006098710317460387
0 0.4708796296296296 0.7365550595238095 0.011742724867724992 0.008638392857142917
0 0.40809523809523807 0.7263070436507936 0.009034391534391636 0.009484126984126994
0 0.36292658730158733 0.71953125 0.016259920634920634 0.017276785714285658
0 0.37862433862433864 0.7092857142857143 0.009712301587301535 0.012026289682539649
0 0.33589285714285716 0.7064632936507936 0.015621693121693052 0.014861111111111214
0 0.3130324074074074 0.7160367063492064 0.01409722222222231 0.007145337301587418
0 0.3401587301587302 0.6975347222222222 0.011798941798941816 0.007172619047619122
0 0.3886805555555555 0.6817410714285714 0.014444444444444334 0.008239087301587312
0 0.39163029100529095 0.672281746031746 0.011798941798941698 0.008239087301587312
0 0.4425925925925926 0.6795287698412699 0.014444444444444334 0.006254960317460423
0 0.1509589947089947 0.49720734126984123 0.009093915343915349 0.014094742063492127
0 0.20662037037037037 0.5152976190476191 0.007619047619047592 0.008573908730158664
0 0.28767526455026454 0.5613467261904761 0.0065806878306878735 0.01104166666666675
0 0.2640343915343915 0.5206894841269841 0.0126421957671958 0.008442460317460387
0 0.28421296296296295 0.5116617063492063 0.015932539682539708 0.012209821428571388
0 0.2885416666666666 0.5087375992063492 0.014203042328042296 0.01104166666666675
0 0.26386243386243385 0.49438492063492057 0.0077943121693121375 0.010652281746031634
0 0.30950066137566135 0.5052306547619048 0.010737433862433813 0.007924107142857118
0 0.43277777777777776 0.6049479166666667 0.013799603174603211 0.0188169642857142
0 0.47559193121693116 0.6068849206349206 0.015049603174603259 0.011577380952381056
0 0.5031812169312169 0.6136135912698413 0.01852182539682552 0.013457341269841373
0 0.4331448412698412 0.5631845238095238 0.007331349206349221 0.009551091269841373
0 0.36323743386243385 0.5431944444444443 0.016408730158730123 0.010354662698412653
0 0.37574074074074076 0.5224875992063491 0.01693121693121687 0.008010912698412831
0 0.3901951058201058 0.49963045634920633 0.017711640211640164 0.00566468253968253
0 0.3698776455026455 0.49152281746031745 0.014586640211640281 0.014456845238095184
0 0.4052744708994709 0.4586954365079364 0.00858796296296293 0.00777777777777775
0 0.2959953703703704 0.3307787698412698 0.015307539682539683 0.014243551587301529
0 0.3724404761904762 0.3487276785714285 0.015502645502645507 0.012063492063492021
0 0.3600396825396825 0.3153720238095238 0.008525132275132326 0.011336805555555607
0 0.33368386243386244 0.3086135912698412 0.01588955026455032 0.009446924603174622
0 0.40280753968253963 0.36076884920634916 0.01047288359788361 0.012862103174603234
0 0.25029761904761905 0.2927455357142857 0.009768518518518477 0.011331845238095273
0 0.284864417989418 0.2746031746031746 0.01236111111111112 0.005265376984127013
0 0.29837301587301585 0.27036706349206346 0.023809523809523843 0.005265376984127013
0 0.320079365079365 0.22613839285714285 0.012906746031746035 0.0064980158730159054
0 0.35499669312169313 0.2204365079365079 0.011316137566137504 0.009149305555555553
0 0.3259126984126984 0.20909970238095238 0.007956349206349245 0.012197420634920686
0 0.3730291005291005 0.23561755952380953 0.007070105820105847 0.009811507936507891
0 0.3797453703703703 0.23157490079365078 0.00777777777777781 0.010210813492063497
0 0.36684193121693115 0.21188492063492062 0.007070105820105847 0.009015376984126976
0 0.3333399470899471 0.18019345238095236 0.010783730158730147 0.009811507936507934
0 0.350135582010582 0.18874751984126983 0.009368386243386222 0.008883928571428567
0 0.3744444444444444 0.19292410714285713 0.011666666666666714 0.007425595238095273
0 0.38681878306878303 0.1984920634920635 0.010962301587301581 0.010607638888888892
0 0.36807870370370366 0.17436011904761903 0.010608465608465541 0.015644841269841246
0 0.384077380952381 0.16812748015873014 0.01714947089947098 0.006629464285714271
0 0.3986640211640211 0.2067782738095238 0.015205026455026409 0.007291666666666696
0 0.4084755291005291 0.2179836309523809 0.012906746031746153 0.007425595238095273
0 0.41209986772486773 0.22374999999999998 0.016617063492063502 0.0064980158730159054
0 0.44401124338624337 0.21082341269841268 0.01467261904761905 0.006364087301587329
0 0.4866170634920634 0.1992212301587301 0.0164417989417989 0.005171130952380909
0 0.5058002645502645 0.21566220238095238 0.009546957671957656 0.008087797619047609
0 0.46823082010582007 0.23846974206349203 0.012906746031746153 0.005436507936507962
0 0.42429894179894173 0.25610367063492057 0.014497354497354564 0.008618551587301581
0 0.4990839947089947 0.27331101190476187 0.006226851851851833 0.009508928571428576
0 0.5502380952380952 0.2814856150793651 0.0075628306878307685 0.01217757936507935
0 0.6081746031746031 0.28515376984126983 0.011789021164021089 0.014179067460317451
0 0.5976091269841269 0.3000843253968254 0.01067460317460321 0.007006448412698418
0 0.647986111111111 0.2704761904761904 0.014457671957671892 0.00550347222222225
0 0.5817063492063492 0.23819940476190476 0.01089947089947098 0.005337301587301546
0 0.5742559523809523 0.21743055555555552 0.02580026455026451 0.007507440476190475
0 0.5556845238095238 0.20250248015873015 0.014011243386243422 0.007006448412698418
0 0.5243253968253968 0.19316220238095239 0.012232142857142728 0.006339285714285703
0 0.5703637566137566 0.19499503968253967 0.013568121693121781 0.005004960317460316
0 0.5901587301587302 0.18273561507936506 0.008673941798941816 0.007839781746031704
0 0.5150958994708995 0.17022569444444444 0.011121031746031799 0.006840277777777759
0 0.5164318783068783 0.16013392857142855 0.012010582010582027 0.006671626984127021
0 0.46394179894179893 0.16905753968253967 0.010231481481481453 0.007172619047619078
0 0.6031712962962962 0.1663045634920635 0.01512235449735447 0.009007936507936475
0 0.5642493386243387 0.15329365079365082 0.0075628306878307685 0.007006448412698418
0 0.6551025132275132 0.180984623015873 0.012232142857142728 0.008673115079365079
0 0.6794543650793651 0.17723214285714287 0.024021164021164054 0.005838293650793647
0 0.7102612433862433 0.19695932539682537 0.01719907407407414 0.013281249999999977
0 0.734401455026455 0.1972470238095238 0.013756613756613944 0.0054464285714285856
0 0.738859126984127 0.2105753968253968 0.009427910052910231 0.01031746031746028
0 0.7000066137566138 0.21033730158730157 0.014523809523809442 0.007929067460317452
0 0.6870138888888889 0.22954117063492063 0.012228835978835898 0.014236111111111161
0 0.7158035714285714 0.22853670634920636 0.01477843915343892 0.008789682539682531
0 0.6870072751322752 0.2580034722222222 0.01038029100529106 0.008531746031746047
0 0.6994841269841269 0.27843501984126984 0.008184523809523843 0.005389384920634921
0 0.7589616402116401 0.22933531746031743 0.006587301587301653 0.00988095238095239
0 0.7698412698412699 0.21503968253968253 0.009179894179894177 0.01002976190476188
0 0.7822883597883598 0.2618799603174603 0.009947089947089911 0.004747023809523743
0 0.8392724867724868 0.2718055555555555 0.0073842592592593325 0.014890873015873041
0 0.8461640211640212 0.2662053571428571 0.010995370370370476 0.009600694444444446
0 0.8405853174603173 0.28115823412698415 0.008042328042328014 0.009722222222222143
0 0.8571593915343916 0.2862673611111111 0.011977513227513252 0.007631448412698383
0 0.8593154761904762 0.3197544642857143 0.011345899470899685 0.006517857142857153
0 0.8643253968253967 0.3309722222222222 0.012923280423280422 0.007658730158730176
0 0.9034920634920633 0.315297619047619 0.014041005291005366 0.006701388888888893
0 0.8892129629629629 0.3270238095238095 0.007500000000000047 0.008137400793650773
0 0.9440839947089946 0.37198908730158725 0.009375000000000237 0.01075396825396826
0 0.9222056878306878 0.3717832341269841 0.013786375661375416 0.00841021825396826
0 0.9012499999999999 0.4140426587301588 0.00827380952380968 0.01075396825396826
0 0.8488558201058201 0.40942212301587294 0.005697751322751069 0.0073065476190476986
0 0.9647652116402115 0.4403769841269841 0.014338624338624347 0.009375
0 0.9598941798941798 0.45540426587301586 0.01636243386243379 0.011582341269841302
0 0.9438988095238094 0.44692460317460314 0.007536375661375653 0.0073065476190476986
0 0.9361772486772486 0.46988095238095234 0.006068121693121735 0.010478670634920561
0 0.9213789682539683 0.48132440476190474 0.008822751322751307 0.01268353174603174
0 0.89380291005291 0.46946676587301583 0.0062499999999997636 0.012408234126984219
0 0.9635681216931217 0.49531994047619043 0.01599206349206336 0.01447668650793652
0 0.9643055555555554 0.4987673611111111 0.004596560846560749 0.006755952380952302
0 0.9113591269841269 0.5227579365079366 0.01011243386243379 0.01171875
0 0.9258829365079364 0.5412326388888888 0.010479497354497151 0.009513888888888822
0 0.931491402116402 0.5475744047619048 0.0066170634920635985 0.01144345238095248
0 0.9483101851851852 0.5514360119047619 0.011213624338624347 0.013097718253968438
0 0.9558498677248676 0.5643278769841269 0.009007936507936402 0.004136904761904781
0 0.9182539682539682 0.5553645833333334 0.0125 0.00661706349206348
0 0.9341567460317459 0.5757018849206349 0.013052248677248694 0.007031250000000178
0 0.9416005291005292 0.5818377976190475 0.0125 0.00965029761904752
0 0.9410515873015871 0.5965203373015873 0.011398809523809679 0.01144345238095248
0 0.9437169312169312 0.6074826388888888 0.011947751322751306 0.011582341269841302
0 0.9008829365079365 0.6131349206349206 0.011213624338624347 0.00882440476190478
0 0.9167361111111111 0.6245411706349207 0.0150363756613757 0.0062103174603175045
0 0.8972321428571429 0.6398239087301587 0.018306878306878122 0.014221230158730159
0 0.8670469576719576 0.6476711309523809 0.010677910052910041 0.012911706349206398
0 0.8747850529100528 0.6600917658730158 0.018306878306878122 0.007028769841269877
0 0.9141203703703703 0.6594394841269842 0.015909391534391422 0.007681051587301724
0 0.8916732804232804 0.6618080357142857 0.0076289682539680825 0.01634424603174587
0 0.8821924603174602 0.6758655753968255 0.011332671957672128 0.005558035714285659
0 0.8565873015873017 0.662299107142857 0.01808862433862425 0.007192460317460281
0 0.8528802910052911 0.6515104166666666 0.010241402116402298 0.005558035714285659
0 0.8352281746031746 0.6557614087301588 0.006319444444444381 0.013730158730158593
0 0.829454365079365 0.6778273809523809 0.01656415343915351 0.00947916666666675
0 0.8444907407407406 0.6859995039682538 0.011332671957672128 0.011768353174603164
0 0.8607275132275132 0.6978497023809523 0.005882936507936402 0.009642857142857153
0 0.8322883597883598 0.6908209325396825 0.015254629629629571 0.011932043650793566
0 0.8241137566137565 0.7038144841269841 0.008935185185185428 0.007844742063492127
0 0.8034093915343915 0.7118253968253968 0.01721560846560853 0.005558035714285659
0 0.8156150793650794 0.7510515873015872 0.008062169312169232 0.014709821428571601
0 0.8028670634920635 0.7584895833333334 0.011332671957672128 0.009970238095238138
0 0.7882638888888889 0.7146850198412699 0.011332671957672128 0.010625000000000107
0 0.8103835978835978 0.7298040674603175 0.010677910052910041 0.010461309523809526
0 0.7625496031746031 0.7084747023809524 0.017433862433862402 0.005721726190476062
0 0.7356349206349205 0.7664161706349206 0.012420634920635129 0.012095734126984148
0 0.7511078042328042 0.7731994047619046 0.006755952380952361 0.008990575396825485
0 0.7563359788359788 0.7745064484126984 0.0076289682539680825 0.007681051587301724
0 0.7567724867724868 0.7840699404761904 0.009808201058200912 0.007192460317460281
0 0.7429332010582012 0.784233630952381 0.013948412698412701 0.009154265873015887
0 0.7259358465608465 0.794610615079365 0.012638888888889 0.009970238095238138
0 0.7174371693121694 0.794203869047619 0.013075396825396742 0.005885416666666643
0 0.7159093915343914 0.7735267857142858 0.010896164021163912 0.01160466269841276
0 0.7226851851851851 0.7325248015873015 0.013025793650793815 0.00665178571428573
0 0.7250892857142858 0.7245709325396825 0.011084656084656311 0.006086309523809596
0 0.7087599206349205 0.7060119047619047 0.012470238095238055 0.006976686507936591
0 0.7442923280423279 0.6956944444444444 0.016626984126983994 0.005642361111111072
0 0.7252876984126984 0.6864905753968253 0.011878306878306925 0.012470238095237996
0 0.8000132275132275 0.6743898809523808 0.014451058201058232 0.005493551587301582
0 0.7691335978835979 0.6680059523809524 0.011679894179894035 0.011431051587301688
0 0.8102116402116402 0.6475396825396825 0.011044973544973403 0.008048115079365026
0 0.8338789682539682 0.5772470238095238 0.018617724867724898 0.007574404761904674
0 0.8632275132275132 0.5572470238095237 0.007890211640211456 0.01112351190476204
0 0.8717162698412699 0.5907961309523809 0.006570767195767265 0.007085813492063409
0 0.8727083333333333 0.5236235119047619 0.015109126984126912 0.008137400793650862
0 0.793475529100529 0.44516865079365076 0.009298941798941722 0.010461309523809526
0 0.6842195767195766 0.5162152777777778 0.013948412698412701 0.010751488095238137
0 0.6828604497354497 0.48919146825396825 0.012010582010582027 0.017145337301587384
0 0.644699074074074 0.5117113095238095 0.01627314814814819 0.00987847222222218
0 0.568207671957672 0.6862797619047618 0.01650793650793645 0.009657738095238066
0 0.5690310846560845 0.7483110119047619 0.018158068783068634 0.007924107142857118
0 0.6852480158730159 0.7354340277777778 0.02542328042328042 0.010399305555555571
0 0.6315972222222221 0.7801289682539683 0.021130952380952313 0.008665674603174444
0 0.6864285714285715 0.787938988095238 0.016954365079365156 0.006919642857142705
0 0.668723544973545 0.7841989087301586 0.014960317460317422 0.011034226190476204
0 0.6891699735449736 0.7792435515873015 0.014460978835978721 0.006731150793650898
0 0.642420634920635 0.8037425595238095 0.019699074074074237 0.006359126984127173
0 0.6399272486772486 0.8131845238095238 0.013713624338624204 0.005796130952380807
0 0.5981613756613756 0.8221626984126983 0.011967592592592525 0.0061706349206350096
0 0.5974140211640211 0.7988789682539682 0.008974867724867627 0.007854662698412795
0 0.5908068783068783 0.7870039682539682 0.015208333333333239 0.006919642857142705
0 0.573478835978836 0.8083234126984126 0.006980820105820129 0.00804067460317448
0 0.5597652116402116 0.8204786706349205 0.008478835978835994 0.011406249999999929
0 0.5666038359788359 0.7978968253968255 0.011921296296296428 0.007522321428571477
0 0.5470205026455026 0.7876066468253968 0.011732804232804265 0.005959821428571388
0 0.5312202380952382 0.7825694444444444 0.010406746031745998 0.0043998015873015104
0 0.528667328042328 0.8298983134920634 0.010595238095238043 0.005959821428571388
0 0.515896164021164 0.8321676587301587 0.009272486772486726 0.004823908730158521
0 0.5202480158730158 0.835218253968254 0.01002976190476185 0.0041145833333334995
0 0.5114484126984126 0.8388368055555555 0.0196792328042329 0.0079464285714284
0 0.49413359788359784 0.8025074404761904 0.020624999999999952 0.005109126984127155
0 0.4820238095238095 0.8105977182539682 0.012678571428571435 0.007095734126983899
0 0.5195833333333333 0.7714310515873015 0.006812169312169302 0.010500992063492021
0 0.7434589947089946 0.4018501984126984 0.007010582010581838 0.013799603174603136
0 0.7011838624338623 0.33087797619047615 0.01445767195767213 0.006572420634920651
0 0.6600033068783069 0.3151066468253968 0.02672288359788363 0.009856150793650719
0 0.5852116402116402 0.347016369047619 0.02369047619047606 0.0073586309523809845
0 0.5830588624338624 0.35293898809523805 0.01459656084656089 0.00843501984126993
0 0.5477612433862434 0.36541418650793644 0.00813492063492068 0.009332837301587293
0 0.500162037037037 0.33289682539682536 0.00987103174603175 0.007805059523809455