0 0.047506613756613754 0.39352430555555556 0.01042989417989418 0.012750496031746028
0 0.05207671957671957 0.39331101190476186 0.008144841269841274 0.008680555555555535
0 0.042503306878306876 0.4109375 0.012142857142857144 0.011359126984127065
0 0.053703703703703705 0.40805803571428567 0.005727513227513222 0.007968750000000035
0 0.04804232804232804 0.4112078373015873 0.005472883597883597 0.0048189484126984535
0 0.07152116402116401 0.40506448412698415 0.009765211640211647 0.007886904761904744
0 0.07806878306878308 0.4222867063492063 0.01620370370370372 0.006760912698412724
0 0.04694775132275132 0.43979166666666664 0.013842592592592596 0.006517857142857153
0 0.04966931216931216 0.4525595238095238 0.006187169312169309 0.01000744047619051
0 0.0668287037037037 0.4683878968253968 0.009947089947089942 0.013645833333333357
0 0.053670634920634924 0.4772569444444444 0.009583333333333336 0.005002480158730194
0 0.09211970899470899 0.45497023809523807 0.01176587301587304 0.010280257936507909
0 0.12074404761904761 0.4548338293650794 0.010793650793650784 0.00891369047619044
0 0.11965277777777777 0.4648412698412698 0.012734788359788347 0.0054588293650793315
0 0.1400892857142857 0.4681597222222222 0.01503968253968253 0.007368551587301653
0 0.14590939153439153 0.43536706349206356 0.009219576719576732 0.009097222222222178
0 0.08586970899470898 0.3993452380952381 0.00909060846560846 0.010714285714285676
0 0.10405423280423282 0.40046875000000004 0.016286375661375658 0.009816468253968225
0 0.10749999999999998 0.38034970238095234 0.0095899470899471 0.004796626984126995
0 0.11804232804232802 0.3867559523809524 0.022278439153439144 0.009216269841269841
0 0.16621362433862433 0.37429811507936506 0.007962962962962965 0.010659722222222268
0 0.18250992063492064 0.3483382936507936 0.0162962962962963 0.0048710317460317395
0 0.17570767195767195 0.33827628968253964 0.0068617724867724664 0.012497519841269789
0 0.13876653439153439 0.3318427579365079 0.02095238095238095 0.01157986111111109
0 0.13251653439153438 0.33625248015873016 0.00992394179894179 0.005696924603174569
0 0.11609788359788359 0.3308308531746032 0.006984126984126989 0.00551339285714283
0 0.11597552910052909 0.32839533730158726 0.011640211640211657 0.0034002976190476097
0 0.09771825396825397 0.32848958333333333 0.0050231481481481785 0.005972222222222179
0 0.1027414021164021 0.3219642857142857 0.006984126984126989 0.0076264880952381375
0 0.13649801587301585 0.3113492063492063 0.013234126984126975 0.01157986111111109
0 0.18661375661375662 0.31851686507936505 0.012744708994708986 0.00477926587301587
0 0.15598214285714285 0.3004141865079365 0.01249669312169311 0.01047619047619044
0 0.16866402116402116 0.30271081349206347 0.010661375661375653 0.011946924603174657
0 0.1803042328042328 0.2915922619047619 0.016785714285714272 0.005696924603174569
0 0.09724206349206349 0.29397321428571427 0.008158068783068758 0.00720486111111116
0 0.11663690476190475 0.2656299603174603 0.007794312169312197 0.00897321428571427
0 0.1290542328042328 0.2770486111111111 0.011964285714285709 0.006525297619047609
0 0.13874999999999998 0.268077876984127 0.013955026455026479 0.005166170634920597
0 0.1569675925925926 0.2610763888888889 0.013412698412698454 0.012641369047619033
0 0.19602843915343912 0.2741269841269841 0.01323082010582013 0.015632440476190546
0 0.26644510582010583 0.2678720238095238 0.008336640211640222 0.011827876984126994
0 0.1984755291005291 0.24666666666666665 0.018488756613756627 0.008836805555555572
0 0.18850529100529098 0.22804315476190476 0.011600529100529104 0.01046626984126986
0 0.25502645502645505 0.24918154761904762 0.008700396825396813 0.004893353174603199
0 0.288829365079365 0.2391220238095238 0.012870370370370428 0.007068452380952372
0 0.31112433862433864 0.2164186507936508 0.012506613756613778 0.010875496031746045
0 0.33097222222222217 0.22199156746031745 0.013412698412698395 0.00815724206349211
0 0.2182308201058201 0.20044642857142855 0.015949074074074095 0.011282242063492043
0 0.26245701058201054 0.17223710317460317 0.016676587301587307 0.007068452380952372
0 0.282662037037037 0.19116319444444443 0.014794973544973545 0.009134424603174596
0 0.2890509259259259 0.19444444444444445 0.011273148148148119 0.0067931547619048075
0 0.29906415343915344 0.19516369047619048 0.014996693121693145 0.005962301587301599
0 0.2984623015873016 0.16987599206349208 0.017774470899470884 0.006294642857142874
0 0.2813062169312169 0.15543402777777776 0.011107804232804242 0.01092509920634921
0 0.3053769841269841 0.146453373015873 0.014811507936507932 0.00888640873015869
0 0.32315145502645504 0.14650049603174603 0.013578042328042272 0.006388888888888866
0 0.321114417989418 0.16163690476190476 0.018885582010581933 0.0068501984126983825
0 0.30037698412698416 0.15663690476190475 0.010737433862433813 0.01185019841269841
0 0.3395039682539683 0.16270089285714284 0.009996693121693075 0.006941964285714297
0 0.3491931216931217 0.1679786706349206 0.016292989417989408 0.006202876984126959
0 0.350244708994709 0.17478174603174604 0.015429894179894177 0.00870287698412695
0 0.3676488095238095 0.16524801587301585 0.00901124338624335 0.007405753968253936
0 0.3717228835978836 0.16307291666666665 0.00901124338624335 0.008239087301587312
0 0.3810416666666666 0.16057291666666665 0.015304232804232853 0.007127976190476204
0 0.3948313492063492 0.13091517857142856 0.008131613756613849 0.012946428571428558
0 0.4122354497354497 0.12968501984126984 0.008416005291005273 0.010915178571428586
0 0.417443783068783 0.14412946428571427 0.016263227513227462 0.0059920634920635155
0 0.45375330687830684 0.11989335317460317 0.010413359788359718 0.014873511904761915
0 0.4656646825396826 0.14396825396825397 0.007705026455026479 0.014017857142857127
0 0.4372751322751322 0.1641393849206349 0.008845899470899473 0.008345734126984139
0 0.46316798941798937 0.1968799603174603 0.018690476190476226 0.0059920634920635155
0 0.47265542328042326 0.18778521825396824 0.010558862433862377 0.008132440476190484
0 0.489917328042328 0.18206101190476193 0.013125000000000024 0.0054563492063492095
0 0.5083928571428572 0.16339037698412698 0.010413359788359718 0.008345734126984139
0 0.5355720899470899 0.15461557539682538 0.013124999999999965 0.007490079365079394
0 0.5552612433862433 0.1544022817460317 0.007705026455026598 0.01219742063492064
0 0.5556183862433862 0.13995535714285712 0.013554894179894224 0.009417162698412706
0 0.5074669312169312 0.1317708333333333 0.012268518518518453 0.005243055555555598
0 0.5250165343915344 0.1272222222222222 0.010271164021164007 0.003638392857142847
0 0.5715244708994709 0.14370039682539681 0.014265873015872899 0.009843750000000017
0 0.5827248677248676 0.13032738095238094 0.011841931216931082 0.012839781746031731
0 0.588287037037037 0.14418402777777778 0.015552248677248788 0.007810019841269833
0 0.6044080687830687 0.14107886904761907 0.015552248677248788 0.009308035714285711
0 0.6255952380952381 0.1332142857142857 0.013124999999999906 0.008988095238095229
0 0.6015575396825397 0.16141121031746028 0.018402777777777858 0.007170138888888911
0 0.6110449735449736 0.17355406746031746 0.015406746031746129 0.006421130952380993
0 0.5878604497354497 0.1751066468253968 0.009560185185185095 0.007810019841269833
0 0.6761706349206349 0.1700768849206349 0.013554894179894224 0.007810019841269833
0 0.7482242063492064 0.18318700396825396 0.010631613756613707 0.009255952380952382
0 0.7722420634920635 0.19543402777777777 0.011960978835978863 0.011817956349206371
0 0.7588458994708994 0.19845238095238094 0.006699735449735537 0.007435515873015897
0 0.7601157407407407 0.20734623015873016 0.009513888888888999 0.010148809523809543
0 0.6997619047619047 0.19116815476190474 0.008842592592592523 0.009947916666666634
0 0.7083366402116403 0.2084002976190476 0.005628306878306925 0.007636408730158717
0 0.6285482804232804 0.30201140873015875 0.012218915343915171 0.017018849206349173
0 0.7191402116402116 0.3055456349206349 0.015360449735449559 0.014662698412698382
0 0.8296263227513226 0.2695461309523809 0.014312169312169231 0.007591765873015887
0 0.8402744708994708 0.2902306547619048 0.009775132275132374 0.008117559523809525
0 0.8678373015873017 0.31108878968253967 0.012013888888888857 0.014516369047619104
0 0.887526455026455 0.32393601190476184 0.022913359788359837 0.009176587301587259
0 0.8616071428571428 0.33219742063492064 0.015572089947090006 0.007676091269841212
0 0.8757341269841269 0.3518849206349206 0.01890873015873022 0.012346230158730176
0 0.900651455026455 0.34496031746031747 0.012235449735449795 0.012514880952381003
0 0.9133300264550264 0.36423115079365076 0.016240079365079176 0.008343253968253972
0 0.9107738095238094 0.3737425595238095 0.008898809523809585 0.009010416666666642
0 0.9029861111111112 0.3700719246031746 0.01156746031746015 0.008675595238095201
0 0.8800727513227513 0.3724900793650794 0.009788359788359931 0.013849206349206344
0 0.8811838624338624 0.3862549603174603 0.0102347883597884 0.01501736111111116
0 0.9323511904761903 0.4021899801587302 0.01156746031746015 0.010845734126984174
0 0.9271230158730158 0.3918452380952381 0.005115740740740904 0.011512896825396801
0 0.9266798941798943 0.42012648809523806 0.014460978835978721 0.01401537698412696
0 0.8193386243386241 0.3950148809523809 0.0102347883597884 0.013514384920634902
0 0.8061011904761906 0.41303571428571423 0.009566798941798993 0.011845238095238209
0 0.7863029100529101 0.3801661706349206 0.009566798941798993 0.0095114087301587
0 0.8200066137566137 0.4388963293650794 0.008898809523809585 0.013182043650793673
0 0.7581613756613755 0.44615327380952385 0.010677910052910041 0.017351190476190402
0 0.8481481481481482 0.4793576388888889 0.018465608465608577 0.011679067460317504
0 0.893419312169312 0.4373115079365079 0.008452380952381116 0.012681051587301618
0 0.9097718253968254 0.4383110119047619 0.016240079365079176 0.00800843253968253
0 0.9201157407407407 0.44031498015873016 0.016018518518518477 0.011346726190476275
0 0.8773974867724867 0.451359126984127 0.006431878306878265 0.009647817460317398
0 0.8922685185185184 0.4566046626984127 0.010128968253968177 0.01290178571428573
0 0.9064186507936508 0.46118799603174604 0.013988095238095374 0.012661210317460281
0 0.8654166666666666 0.4864508928571428 0.011094576719576803 0.011577380952380877
0 0.8829431216931217 0.48313492063492064 0.008521825396825496 0.010974702380952373
0 0.8865608465608464 0.49555555555555547 0.010291005291005224 0.01049107142857153
0 0.9107605820105819 0.503092757936508 0.006590608465608483 0.011334325396825485
0 0.9168683862433863 0.509000496031746 0.006590608465608483 0.011093750000000036
0 0.9169477513227513 0.5156324404761905 0.01061177248677249 0.007234623015873076
0 0.8967724867724868 0.5257614087301586 0.010773809523809538 0.008199404761904816
0 0.521683201058201 0.21038194444444444 0.013531746031746058 0.00550347222222225
0 0.4881977513227513 0.20840277777777777 0.01032076719576717 0.007395833333333357
0 0.37454695767195767 0.19102926587301589 0.016974206349206374 0.008085317460317442
0 0.3791335978835979 0.2151984126984127 0.011468253968253942 0.017202380952380913
0 0.39679563492063497 0.22508928571428571 0.014679232804232712 0.007053571428571459
0 0.3906018518518518 0.2541617063492063 0.011468253968253942 0.009804067460317523
0 0.49060515873015864 0.2347222222222222 0.014679232804232712 0.009461805555555536
0 0.5199636243386243 0.24074404761904758 0.0105522486772486 0.0122123015873016
0 0.5316600529100529 0.24624751984126983 0.009173280423280339 0.011180555555555572
0 0.5152612433862435 0.2695585317460317 0.013531746031746058 0.012041170634920651
0 0.4721395502645503 0.2645684523809524 0.011240079365079344 0.015825892857142865
0 0.4766732804232804 0.3021230158730159 0.02611441798941788 0.005853174603174605
0 0.46691798941798945 0.30594990079365075 0.015307539682539683 0.0067534722222222674
0 0.43254960317460317 0.29435763888888883 0.010806878306878194 0.009231150793650755
0 0.32760582010582007 0.24633184523809523 0.015029761904761922 0.01224702380952385
0 0.31554563492063487 0.2573958333333333 0.01874007936507939 0.00988095238095239
0 0.3316898148148148 0.2847420634920635 0.01651455026455023 0.011969246031746117
0 0.36675925925925923 0.28105406746031747 0.01836970899470908 0.015448908730158717
0 0.4063525132275132 0.3269593253968254 0.02747685185185193 0.008189484126984148
0 0.32568121693121693 0.33970734126984126 0.010568783068783106 0.009379960317460334
0 0.2844642857142857 0.35556051587301585 0.004226190476190439 0.008586309523809454
0 0.28041335978835974 0.3773561507936508 0.014090608465608412 0.006207837301587383
0 0.2573412698412698 0.37319444444444444 0.007751322751322754 0.014002976190476168
0 0.2524966931216931 0.37134672619047615 0.007572751322751378 0.0095114087301587
0 0.21119047619047618 0.37656498015873013 0.008455687830687826 0.017834821428571422
0 0.133151455026455 0.41269345238095234 0.008082010582010612 0.010143849206349208
0 0.19726521164021163 0.4087400793650794 0.010539021164021101 0.01436011904761898
0 0.20271164021164018 0.42665674603174597 0.018267195767195748 0.011197916666666608
0 0.2502281746031746 0.4547842261904762 0.008607804232804207 0.014228670634920526
0 0.16792989417989418 0.4701339285714285 0.008783068783068811 0.00988095238095248
0 0.11699074074074073 0.4855481150793651 0.022483465608465605 0.012251984126984184
0 0.12243386243386242 0.4939136904761905 0.020376984126984136 0.005533234126984077
0 0.09309854497354496 0.5066939484126984 0.012999338624338611 0.017390873015873075
0 0.08062830687830687 0.5153869047619047 0.0070271164021164035 0.01132936507936524
0 0.05287367724867724 0.5313293650793651 0.008432539682539675 0.007904265873015782
0 0.07948743386243386 0.5320535714285713 0.014930555555555535 0.01067212301587297
0 0.10750330687830686 0.5277058531746032 0.014054232804232807 0.006455853174603199
0 0.1282308201058201 0.5222395833333333 0.008783068783068752 0.013700396825396765
0 0.10302579365079365 0.5420659722222222 0.019146825396825395 0.007247023809523867
0 0.08941137566137566 0.5461507936507937 0.005972222222222209 0.008301091269841266
0 0.14571097883597883 0.5533308531746032 0.014229497354497352 0.015019841269841372
0 0.1654728835978836 0.5750694444444444 0.008783068783068752 0.013437500000000036
0 0.16090608465608464 0.5900223214285714 0.01299933862433864 0.008826884920634904
0 0.15299933862433862 0.6006919642857141 0.010889550264550251 0.010406746031746118
0 0.09529431216931217 0.5807986111111111 0.014930555555555535 0.01699404761904777
0 0.09371362433862433 0.6125496031746032 0.007202380952380949 0.013568948412698489
0 0.10056547619047619 0.611626984126984 0.008607804232804236 0.016205357142857223
0 0.10890873015873015 0.6024727182539682 0.006676587301587311 0.010540674603174515
0 0.21333994708994705 0.580205853174603 0.011068121693121687 0.006324404761904745
0 0.20183531746031746 0.5908779761904761 0.015105820105820142 0.006324404761904745
0 0.21650132275132275 0.5506969246031745 0.008958333333333297 0.010803571428571601
0 0.24636243386243387 0.5626190476190476 0.008958333333333297 0.00566468253968253
0 0.2857109788359788 0.5641344246031746 0.016335978835978912 0.007378472222222143
0 0.27069444444444446 0.5262574404761904 0.024943783068783056 0.00961805555555557
0 0.2760515873015873 0.5178249007936507 0.006498015873015935 0.010143849206349032
0 0.344646164021164 0.5118973214285714 0.01862103174603173 0.011197916666666608
0 0.36677910052910057 0.5696006944444444 0.012999338624338582 0.00988095238095248
0 0.38276455026455025 0.571577380952381 0.013700396825396765 0.013568948412698489
0 0.21189484126984126 0.4399727182539682 0.007976190476190463 0.007790178571428541
0 0.2544609788359788 0.4337152777777778 0.005565476190476145 0.008901289682539648
0 0.3414451058201058 0.44957093253968256 0.00741732804232799 0.012519841269841337
0 0.35081018518518514 0.46056051587301583 0.01205687830687836 0.010014880952381056
0 0.40886243386243387 0.4129191468253969 0.015393518518518572 0.007373511904761898
0 0.43834986772486767 0.384890873015873 0.013167989417989526 0.004729662698412707
0 0.4438227513227513 0.37376240079365075 0.012242063492063455 0.011128472222222196
0 0.3418584656084656 0.4887822420634921 0.006292989417989503 0.009439484126984077
0 0.18112103174603175 0.6366269841269842 0.013131613756613742 0.01785218253968246
0 0.17523809523809522 0.6445262896825397 0.011765873015872981 0.012723214285714412
0 0.18148809523809523 0.6534002976190476 0.006078042328042344 0.0051760912698412655
0 0.1877314814814815 0.655126488095238 0.01068121693121693 0.005421626984126959
0 0.21163690476190475 0.6498263888888889 0.007886904761904744 0.012078373015872935
0 0.23579365079365075 0.6368253968253967 0.012159391534391517 0.010228174603174623
0 0.2572354497354497 0.6306646825396826 0.007394179894179883 0.00850446428571434
0 0.26413690476190477 0.6380580357142857 0.010350529100529086 0.010967261904762004
0 0.27218915343915345 0.6245634920634919 0.013637566137566164 0.011091269841269912
0 0.21829365079365076 0.6588244047619047 0.006736111111111083 0.008132440476190439
0 0.22806878306878303 0.6656001984126984 0.010515873015872994 0.005669642857142776
0 0.23078042328042328 0.6752752976190476 0.008052248677248623 0.009243551587301724
0 0.22839947089947088 0.6819915674603174 0.01708994708994709 0.006408730158730158
0 0.18536706349206347 0.6980233134920634 0.01003306878306874 0.01078869047619051
0 0.1923776455026455 0.6952579365079365 0.009067460317460353 0.009610615079365026
0 0.21655423280423278 0.7160193452380952 0.009550264550264606 0.014322916666666607
0 0.22574074074074074 0.7132093253968252 0.013174603174603127 0.010334821428571495
0 0.22501322751322753 0.6983878968253968 0.020671296296296285 0.00843005952380942
0 0.226765873015873 0.7058209325396825 0.017166005291005308 0.006254960317460423
0 0.24653108465608461 0.6964384920634921 0.014143518518518524 0.00997271825396826
0 0.2442328042328042 0.7031001984126984 0.014143518518518524 0.00824900793650798
0 0.25493055555555555 0.7113045634920635 0.01474867724867721 0.005438988095238173
0 0.24471560846560844 0.7133457341269841 0.01003306878306874 0.004623015873015923
0 0.24320767195767196 0.7189657738095238 0.008462301587301546 0.00824900793650798
0 0.24320767195767196 0.7343774801587302 0.006527777777777762 0.00933779761904745
0 0.2495535714285714 0.7323387896825396 0.005198412698412725 0.009246031746031669
0 0.2762070105820105 0.7168353174603175 0.007979497354497411 0.01232886904761905
0 0.2872056878306878 0.7370064484126984 0.008462301587301605 0.003536706349206398
0 0.28085978835978836 0.7441245039682539 0.007374338624338605 0.011966765873015817
0 0.26381613756613753 0.6978869047619047 0.007132936507936479 0.011061507936508086
0 0.3255853174603175 0.6969816468253968 0.0076157407407407614 0.006165674603174587
0 0.3241335978835978 0.7058209325396825 0.009308862433862449 0.006254960317460423
0 0.33942460317460316 0.7183308531746031 0.005803571428571411 0.00933779761904745
0 0.3510912698412698 0.7233630952380952 0.01075727513227515 0.006708829365079438
0 0.3535681216931217 0.690453869047619 0.013779761904761875 0.009429563492063586
0 0.3665608465608466 0.6823412698412697 0.007132936507936568 0.007343749999999894
0 0.33894179894179893 0.6740897817460316 0.00822089947089945 0.006981646825396659
0 0.2525132275132275 0.6807986111111111 0.007493386243386269 0.009699900793650684
0 0.2579530423280423 0.6774454365079364 0.004834656084656075 0.004804067460317363
0 0.2612169312169312 0.6772643849206349 0.0055588624338624255 0.01060763888888907
0 0.29518518518518516 0.6627132936507936 0.015231481481481405 0.017767857142857224
0 0.5018320105820105 0.5765451388888889 0.016501322751322788 0.013053075396825342
0 0.5271858465608465 0.6307787698412699 0.009603174603174598 0.011701388888888964
0 0.5288359788359788 0.6388789682539683 0.01170304232804232 0.009900793650793637
0 0.5460879629629629 0.6400049603174602 0.018002645502645482 0.0076512896825397195
0 0.6050330687830687 0.663779761904762 0.01912037037037043 0.005781250000000071
0 0.4866931216931217 0.6789285714285713 0.015572089947090006 0.006014384920634974
0 0.5032705026455027 0.6847098214285714 0.016342592592592572 0.007400793650793602
0 0.4164781746031746 0.7124776785714285 0.014814814814814881 0.01078869047619051
0 0.39098214285714283 0.739985119047619 0.012820767195767146 0.016237599206349353
0 0.36178571428571427 0.7428149801587302 0.01737764550264558 0.011001984126984077
0 0.3579398148148148 0.7482638888888888 0.014242724867724968 0.008866567460317398
0 0.33557539682539683 0.7617757936507936 0.021934523809523772 0.00576884920634928
0 0.397037037037037 0.7693625992063492 0.016378968253968295 0.013673115079365061
0 0.39333333333333337 0.7553670634920635 0.01011243386243379 0.004486607142857224
0 0.414130291005291 0.7716046626984128 0.01096891534391536 0.00897321428571427
0 0.4349239417989418 0.7794022817460318 0.015241402116402132 0.015597718253968296
0 0.43399801587301584 0.7640749007936508 0.015099206349206303 0.005875496031745975
0 0.45878306878306874 0.7617237103174602 0.008544973544973545 0.010148809523809454
0 0.47437830687830684 0.7811656746031745 0.008402777777777714 0.009722222222222143
0 0.478938492063492 0.7905133928571428 0.0112533068783069 0.006408730158730158
0 0.48570436507936504 0.7447371031746032 0.019371693121693075 0.00822668650793652
0 0.49339285714285713 0.7671180555555555 0.011111111111111072 0.004913194444444535
0 0.531494708994709 0.7450595238095238 0.01096891534391536 0.014422123015872933
0 0.5206712962962963 0.7507217261904761 0.0112533068783069 0.004379960317460352
0 0.5376917989417989 0.7718725198412698 0.019371693121693075 0.0103621031746032
0 0.5431051587301586 0.7806845238095237 0.009685846560846537 0.011964285714285695
0 0.5556382275132276 0.7619915674603174 0.012248677248677352 0.00576884920634928
0 0.5764351851851851 0.7584126984126984 0.009970238095238197 0.011644345238095256
0 0.5804927248677249 0.7652480158730158 0.012675264550264605 0.013779761904761934
0 0.6022850529100529 0.7680257936507935 0.012675264550264605 0.009079861111110966
0 0.610760582010582 0.7655158730158729 0.01053902116402104 0.008546626984126959
0 0.6221560846560847 0.7661557539682539 0.011679894179894271 0.016664186507936486
0 0.5536441798941799 0.7153075396825396 0.027063492063492116 0.00897321428571427
0 0.5607671957671958 0.7387028769841268 0.00769179894179904 0.009186507936508015
0 0.5892526455026454 0.7335218253968254 0.011679894179894271 0.005662202380952408
0 0.6346891534391533 0.7295684523809524 0.011679894179894271 0.008653273809523831
0 0.6522817460317459 0.739077380952381 0.01353174603174594 0.007584325396825342
0 0.668587962962963 0.7525372023809523 0.007976190476190463 0.008439980158730088
0 0.67521164021164 0.7498660714285714 0.008974867724867627 0.009506448412698454
0 0.6772784391534391 0.7575049603174604 0.013105158730158687 0.010895337301587382
0 0.6721494708994709 0.7299429563492064 0.009401455026454878 0.004273313492063302
0 0.6912367724867725 0.7289285714285714 0.013958333333333428 0.009079861111110966
0 0.6883862433862433 0.749439484126984 0.013673941798942007 0.005235615079364919
0 0.6995701058201058 0.7475694444444444 0.006408730158730217 0.008117559523809348
0 0.5629464285714285 0.6861036706349205 0.01191798941798936 0.004692460317460423
0 0.6640939153439154 0.7185615079365079 0.014001322751322693 0.0070386904761905456
0 0.6608167989417989 0.7074454365079366 0.013108465608465517 0.004246031746031775
0 0.7184689153439153 0.7063839285714285 0.01698082010582027 0.005250496031746011
0 0.7139980158730158 0.6949305555555555 0.01102513227513242 0.017204861111111035
0 0.7142228835978836 0.6873338293650793 0.014748677248677448 0.007596726190476133
0 0.705135582010582 0.6849875992063492 0.021005291005291107 0.009384920634920668
0 0.7563062169312169 0.707219742063492 0.015492724867724898 0.013854166666666501
0 0.7480390211640212 0.7177777777777777 0.016534391534391565 0.006145833333333251
0 0.7895238095238094 0.6968303571428571 0.01459986772486772 0.008492063492063374
0 0.7667328042328042 0.6521974206349206 0.010128968253968177 0.005922619047619015
0 0.7712037037037036 0.6515252976190475 0.0047685185185185235 0.00726190476190478
0 0.7767890211640212 0.6630902777777777 0.015046296296296191 0.004692460317460423
0 0.7924305555555554 0.6578373015873016 0.01206679894179885 0.006034226190476133
0 0.7970469576719577 0.6761061507936508 0.01534391534391517 0.006145833333333251
0 0.8096362433862434 0.6765525793650793 0.009533730158730217 0.01038938492063508
0 0.8030820105820105 0.6667757936507936 0.007744708994709034 0.01005456349206355
0 0.8180522486772487 0.6715252976190477 0.008789682539682531 0.012177579365079438
0 0.7883333333333333 0.6362748015873015 0.014302248677248742 0.010277777777777608
0 0.8122420634920633 0.5981200396825396 0.012662037037037048 0.008380456349206256
0 0.8260218253968253 0.5983457341269841 0.013703703703703477 0.004804067460317363
0 0.8488888888888888 0.6067807539682539 0.009384920634920727 0.011842757936507908
0 0.8479199735449735 0.591641865079365 0.019365079365079415 0.006145833333333251
0 0.8497089947089946 0.5654985119047619 0.016385582010582076 0.010838293650793673
0 0.8035284391534391 0.5823685515873016 0.008640873015873041 0.01173115079365079
0 0.9061011904761905 0.5610143849206349 0.018571428571428565 0.0074355158730158525
0 0.8926951058201059 0.5471899801587301 0.019130291005291157 0.009531250000000036
0 0.7202645502645503 0.40475694444444443 0.020889550264550395 0.011964285714285695
0 0.6568386243386243 0.4477678571428571 0.011772486772486702 0.019937996031745973
0 0.5753273809523809 0.3311755952380952 0.016812169312169327 0.014563492063491968