0 0.2891798941798942 0.04673115079365079 0.041312830687830746 0.012522321428571436
0 0.365406746031746 0.03701388888888889 0.03639219576719578 0.014742063492063483
0 0.3778670634920635 0.05362103174603174 0.027870370370370403 0.011093750000000008
0 0.4046693121693121 0.056014384920634916 0.028359788359788377 0.017313988095238098
0 0.42803240740740733 0.07698412698412697 0.03573743386243393 0.020868055555555553
0 0.3609821428571428 0.07871279761904762 0.02360780423280424 0.026850198412698402
0 0.21876984126984125 0.08295386904761905 0.019507275132275126 0.019352678571428573
0 0.20548941798941797 0.07114831349206349 0.02246031746031747 0.02524801587301586
0 0.2058994708994709 0.10336557539682538 0.04294973544973543 0.013454861111111115
0 0.17335978835978835 0.10195188492063492 0.03196759259259257 0.014312996031746027
0 0.18245701058201058 0.11768849206349205 0.020327380952380972 0.023065476190476185
0 0.15483465608465607 0.11745039682539682 0.01787037037037038 0.0256374007936508
0 0.13819775132275133 0.13811011904761905 0.015737433862433883 0.022698412698412707
0 0.2238525132275132 0.13928075396825396 0.02442460317460314 0.03118551587301588
0 0.2640972222222222 0.11221726190476189 0.040654761904761916 0.013105158730158717
0 0.3327843915343916 0.10065724206349207 0.03770502645502643 0.011636904761904755
0 0.33524470899470893 0.11160218253968254 0.02950727513227515 0.011877480158730159
0 0.46827711640211633 0.09751984126984126 0.043769841269841334 0.01914186507936506
0 0.4721296296296296 0.03235863095238095 0.019672619047619005 0.027589285714285715
0 0.5041798941798942 0.013663194444444447 0.02639219576719576 0.014786706349206351
0 0.3408994708994709 0.00929811507936508 0.03786706349206348 0.01859623015873016
0 0.11376984126984127 0.19646081349206349 0.022622354497354488 0.02874503968253972
0 0.12909722222222222 0.19996527777777778 0.010654761904761905 0.01976934523809526
0 0.26344246031746027 0.22591517857142857 0.015737433862433856 0.020029761904761932
0 0.36007936507936505 0.23858382936507935 0.02180224867724867 0.018315972222222233
0 0.3106547619047619 0.26816220238095234 0.02623015873015871 0.02706597222222227
0 0.27554563492063494 0.2644246031746032 0.011177248677248623 0.024456845238095236
0 0.24844907407407404 0.2659474206349206 0.011177248677248681 0.014801587301587293
0 0.2043716931216931 0.28910218253968256 0.016683201058201053 0.012209821428571476
0 0.19908068783068783 0.29374007936507934 0.02049272486772485 0.004970238095238067
0 0.17448082010582008 0.28503720238095237 0.03310846560846562 0.009159226190476133
0 0.12926256613756612 0.2950396825396825 0.02006944444444446 0.008306051587301511
0 0.14429232804232803 0.309781746031746 0.012870370370370369 0.01609623015873014
0 0.12494378306878305 0.33166666666666667 0.020406746031746036 0.01858878968253963
0 0.09937169312169311 0.32448908730158726 0.02006944444444446 0.018201884920634903
0 0.08095238095238094 0.3071453373015873 0.016259920634920634 0.020352182539682497
0 0.10174272486772487 0.2824925595238095 0.0281977513227513 0.013712797619047645
0 0.07265542328042328 0.26887152777777773 0.0199834656084656 0.023189484126984093
0 0.0768882275132275 0.2507638888888889 0.021676587301587287 0.01110863095238095
0 0.11130952380952382 0.23583333333333334 0.035479497354497326 0.010463789682539738
0 0.11219907407407408 0.23764632936507937 0.016087962962962946 0.01853174603174601
0 0.10677910052910052 0.25435267857142857 0.039120370370370354 0.01002976190476188
0 0.1097850529100529 0.2656894841269841 0.031924603174603154 0.008576388888888875
0 0.15881613756613755 0.34492559523809524 0.027860449735449735 0.018430059523809474
0 0.19230489417989416 0.36147569444444444 0.027774470899470906 0.020409226190476203
0 0.22473875661375659 0.3702703373015873 0.022185846560846538 0.013444940476190492
0 0.09678902116402116 0.38726686507936503 0.01896825396825396 0.011024305555555535
0 0.3058201058201058 0.32589533730158726 0.03192460317460319 0.010104166666666626
0 0.343204365079365 0.3106200396825397 0.02404761904761905 0.018410218253968224
0 0.4202612433862433 0.33358382936507935 0.022354497354497363 0.009084821428571477
0 0.4610350529100529 0.3156001984126984 0.022777777777777786 0.03323412698412698
0 0.4856349206349206 0.3359647817460317 0.01693452380952382 0.005840773809523814
0 0.10847552910052909 0.4104861111111111 0.02811507936507936 0.007289186507936485
0 0.08971891534391534 0.4145858134920634 0.020238095238095256 0.01993303571428573
0 0.2301554232804233 0.4362202380952381 0.010697751322751319 0.03539930555555557
0 0.1389186507936508 0.46066716269841274 0.022208994708994702 0.022423115079365098
0 0.06368055555555555 0.4541369047619047 0.026742724867724874 0.014804067460317505
0 0.039702380952380954 0.433360615079365 0.02320436507936508 0.018802083333333285
0 0.04500661375661375 0.4829389880952381 0.017857142857142853 0.021416170634920562
0 0.05715277777777778 0.49564732142857143 0.018945105820105824 0.02522817460317448
0 0.0763723544973545 0.5108556547619048 0.013144841269841272 0.024900793650793673
0 0.03544312169312169 0.5087797619047618 0.023749999999999997 0.018710317460317327
0 0.09227843915343915 0.531969246031746 0.015952380952380954 0.020220734126984042
0 0.13977843915343915 0.5195858134920635 0.020304232804232807 0.023581349206349245
0 0.21764550264550261 0.4685838293650793 0.021574074074074072 0.016810515873015852
0 0.2629695767195767 0.4676661706349206 0.0143220899470899 0.019327876984126923
0 0.313640873015873 0.5053745039682539 0.027195767195767218 0.012574404761904745
0 0.2976421957671958 0.5226140873015872 0.021484788359788353 0.012767857142856975
0 0.41593915343915344 0.504625496031746 0.019308862433862355 0.023591269841269736
0 0.42038029100529095 0.4766121031746032 0.012238756613756625 0.01284474206349202
0 0.44544312169312167 0.44464533730158723 0.017404100529100575 0.015736607142857118
0 0.2283862433862434 0.5716815476190475 0.02275132275132273 0.017294146825396695
0 0.1793022486772487 0.5773983134920635 0.03843584656084656 0.0186160714285716
0 0.05502314814814814 0.565220734126984 0.023025793650793647 0.02281498015873016
0 0.03621362433862434 0.5740624999999999 0.02438492063492063 0.026902281746031775
0 0.05117063492063492 0.6013814484126984 0.023660714285714295 0.021121031746031704
0 0.12468584656084657 0.6099131944444445 0.030730820105820098 0.025128968253968154
0 0.12201058201058199 0.6307936507936508 0.026107804232804233 0.020084325396825344
0 0.09155423280423279 0.6417757936507936 0.029007936507936507 0.013752480158730051
0 0.07387896825396825 0.6693725198412698 0.03535383597883598 0.012881944444444394
0 0.1594940476190476 0.6380902777777778 0.01912698412698415 0.021024305555555678
0 0.1734986772486772 0.6397495039682539 0.017404100529100516 0.02256448412698404
0 0.24039682539682541 0.6189806547619047 0.02501984126984128 0.024957837301587384
0 0.27198743386243385 0.6001711309523808 0.017132936507936472 0.025580357142857224
0 0.26868055555555553 0.6394419642857143 0.02646825396825395 0.030657242063491984
0 0.29804894179894176 0.6511061507936508 0.022116402116402156 0.03384672619047624
0 0.2528174603174603 0.6587599206349206 0.031001984126984152 0.016500496031745904
0 0.3436011904761905 0.617921626984127 0.022572751322751352 0.015912698412698312
0 0.3609589947089947 0.6179538690476191 0.023204365079365154 0.027405753968253954
0 0.38108465608465614 0.6689583333333332 0.02646825396825392 0.03417658730158735
0 0.1988822751322751 0.6852108134920634 0.021031746031745988 0.02478174603174601
0 0.07759589947089947 0.689734623015873 0.02791997354497354 0.02729662698412714
0 0.11226851851851852 0.7202207341269841 0.024745370370370376 0.027512400793650825
0 0.15591269841269842 0.7121279761904762 0.012691798941798933 0.0233010912698413
0 0.17136904761904762 0.7083234126984126 0.029824735449735466 0.012604166666666573
0 0.14993055555555554 0.7285168650793651 0.015228174603174575 0.019074900793650686
0 0.16665674603174602 0.747735615079365 0.0187632275132275 0.02684027777777782
0 0.2390839947089947 0.7316195436507936 0.027648809523809468 0.025877976190476205
0 0.3131415343915344 0.7280828373015873 0.02529100529100532 0.02424355158730158
0 0.12786044973544972 0.7502852182539683 0.031818783068783066 0.021741071428571422
0 0.10157076719576717 0.7591865079365079 0.02275132275132273 0.02708085317460309
0 0.13964285714285712 0.7787772817460318 0.020578703703703693 0.022294146825396943
0 0.21701058201058201 0.796875 0.028283730158730157 0.007234623015872988
0 0.09690145502645502 0.8098685515873015 0.012870370370370369 0.017390873015872898
0 0.09041997354497354 0.8272718253968254 0.01676917989417988 0.015786210317460102
0 0.15799933862433863 0.8368824404761904 0.01758597883597884 0.020580357142857154
0 0.2815972222222222 0.7784672619047619 0.037800925925925925 0.013678075396825307
0 0.3187169312169312 0.7754042658730158 0.020667989417989457 0.0211607142857142
0 0.38906084656084655 0.7712574404761904 0.0286441798941798 0.01449900793650798
0 0.3402017195767196 0.8349776785714285 0.01939814814814819 0.018948412698412652
0 0.31463955026455026 0.8359375 0.012509920634920608 0.02103918650793659
0 0.3884259259259259 0.8421924603174602 0.03897817460317453 0.022676091269841336
0 0.2784689153439153 0.8511681547619047 0.014867724867724873 0.010711805555555287
0 0.24157738095238093 0.866674107142857 0.028101851851851833 0.019970238095238103
0 0.22258597883597883 0.8550471230158729 0.01278108465608471 0.022547123015872826
0 0.1918551587301587 0.8611334325396826 0.011150793650793685 0.01908234126984105
0 0.2169642857142857 0.8926190476190475 0.031091269841269843 0.01542906746031747
0 0.3442791005291005 0.9026909722222222 0.023931878306878217 0.016775793650793604
0 0.26292328042328045 0.9194593253968254 0.02637896825396823 0.021520337301587488
0 0.2859490740740741 0.9349925595238094 0.029097222222222167 0.01879712301587304
0 0.2138392857142857 0.9192162698412698 0.03970238095238094 0.012279265873015888
0 0.1730456349206349 0.9180977182539681 0.027374338624338593 0.01336061507936499
0 0.15623015873015872 0.9347544642857143 0.014232804232804241 0.022673611111111214
0 0.1986111111111111 0.9677455357142856 0.0164980158730159 0.026716269841269735
0 0.22883928571428572 0.9779141865079364 0.01985119047619044 0.019298115079365276
0 0.2548115079365079 0.9676488095238094 0.030638227513227534 0.007762896825396837
0 0.28767195767195763 0.9615302579365078 0.01604497354497359 0.0227207341269839
0 0.31092261904761903 0.9623809523809523 0.021755952380952338 0.01829861111111093
0 0.2652810846560847 0.9933556547619047 0.030548941798941846 0.01294642857142847
0 0.24048941798941798 0.9903819444444444 0.009609788359788318 0.01923611111111114
0 0.36970899470899465 0.9525471230158729 0.017493386243386293 0.025161210317460103
0 0.4084589947089947 0.9538095238095238 0.03698412698412703 0.012038690476190439
0 0.38380291005290995 0.9893105158730158 0.011603835978835993 0.020491071428571317
0 0.40574074074074074 0.9868576388888888 0.03154431216931215 0.01432787698412703
0 0.46388888888888885 0.9129067460317459 0.01676917989417994 0.022011408730158877
0 0.5100760582010582 0.8849156746031746 0.017767857142857106 0.029213789682539827
0 0.52875 0.7696081349206348 0.025925925925926012 0.01483382936507951
0 0.6451421957671958 0.874642857142857 0.029550264550264653 0.017547123015873113
0 0.701660052910053 0.8378149801587302 0.028009259259259286 0.008482142857142706
0 0.5999074074074073 0.9285763888888889 0.027556216931216918 0.02007192460317455
0 0.7003439153439153 0.9236830357142857 0.015228174603174693 0.01354662698412703
0 0.6325396825396825 0.9515997023809524 0.03843584656084668 0.012782738095238244
0 0.7006613756613757 0.9726463293650793 0.039070767195767075 0.008077876984127031
0 0.6883796296296295 0.981656746031746 0.017404100529100457 0.009771825396825307
0 0.6634986772486773 0.9865203373015874 0.030003306878306782 0.007524801587301511
0 0.7857374338624339 0.9790302579365079 0.03299603174603168 0.01842757936507944
0 0.9312268518518518 0.9708358134920634 0.02302579365079372 0.012378472222222214
0 0.965218253968254 0.8907837301587301 0.018492063492063456 0.015436507936507837
0 0.9767757936507936 0.8446205357142856 0.02347883597883609 0.011212797619047522
0 0.9880158730158731 0.7009325396825397 0.01985119047619032 0.022973710317460316
0 0.6602777777777777 0.7055208333333333 0.04550595238095241 0.01923611111111114
0 0.9493551587301586 0.6177653769841269 0.04387235449735461 0.02456349206349202
0 0.8633300264550264 0.5356076388888888 0.01831018518518519 0.02281498015873016
0 0.6644477513227512 0.5329662698412698 0.016316137566137694 0.031049107142857045
0 0.5062698412698413 0.5533581349206348 0.03625992063492068 0.026063988095238067
0 0.5833201058201057 0.4644866071428571 0.02810185185185195 0.029382440476190475
0 0.5573941798941798 0.3749553571428571 0.02193783068783072 0.022326388888888892
0 0.7734060846560846 0.34668898809523807 0.052212301587301606 0.02401041666666668
0 0.6815806878306877 0.33696924603174605 0.01649801587301596 0.015019841269841284
0 0.6499900793650792 0.3083705357142857 0.028009259259259286 0.007452876984127066
0 0.564510582010582 0.33567708333333335 0.01314484126984136 0.02195436507936508
0 0.5928373015873016 0.272906746031746 0.03263227513227515 0.014709821428571423
0 0.5074007936507936 0.2830753968253968 0.05756283068783071 0.01940724206349209
0 0.9334457671957671 0.3248859126984127 0.029460978835978816 0.012606646825396783
0 0.8893022486772486 0.27809771825396823 0.01459325396825406 0.022371031746031722
0 0.8420271164021164 0.26309523809523805 0.015591931216930987 0.023268849206349175
0 0.9827579365079365 0.2115897817460317 0.014775132275132326 0.022604166666666713
0 0.9135482804232804 0.16855902777777776 0.015046296296296191 0.015406746031746011
0 0.9420138888888888 0.1211235119047619 0.033177910052909945 0.012318948412698427
0 0.8439781746031746 0.1383606150793651 0.03798280423280408 0.012356150793650756
0 0.8456977513227513 0.17243055555555556 0.025472883597883585 0.013561507936507945
0 0.8248048941798942 0.17937003968253967 0.027919973544973685 0.008477182539682548
0 0.784239417989418 0.21204861111111112 0.017857142857142825 0.018764880952381
0 0.5941964285714285 0.2241865079365079 0.023568121693121686 0.009727182539682567
0 0.6474966931216931 0.1392063492063492 0.03227182539682545 0.020610119047619023
0 0.6174041005291004 0.13206597222222222 0.02646825396825392 0.029446924603174596
0 0.7465773809523809 0.09139880952380952 0.03607804232804242 0.01881448412698413
0 0.8146064814814814 0.10877480158730157 0.01930886243386259 0.02161210317460318
0 0.8855853174603175 0.10438988095238093 0.025291005291005083 0.0325595238095238
0 0.8893915343915343 0.07470238095238094 0.014775132275132326 0.022817460317460327
0 0.846742724867725 0.04836061507936508 0.01649801587301596 0.024518849206349214
0 0.7412731481481482 0.06508928571428571 0.024927248677248787 0.019903273809523815
0 0.6985780423280423 0.07086805555555556 0.025109126984127053 0.016507936507936492
0 0.6717460317460318 0.051691468253968254 0.030003306878306782 0.021664186507936493
0 0.6319510582010582 0.029930555555555554 0.034173280423280515 0.024372519841269834