0 0.11792989417989416 0.3856994047619048 0.011392195767195782 0.008908730158730194
0 0.12729166666666666 0.38647321428571424 0.012123015873015851 0.008070436507936485
0 0.15979497354497355 0.38465525793650795 0.011365740740740727 0.007388392857142811
0 0.15774801587301587 0.3989756944444444 0.011517857142857165 0.009432043650793708
0 0.12539682539682537 0.413578869047619 0.00894179894179894 0.01182043650793645
0 0.1024371693121693 0.42471726190476194 0.009999999999999993 0.008182043650793603
0 0.13956349206349206 0.42596726190476186 0.011213624338624347 0.006592261904761898
0 0.13016865079365078 0.4507440476190476 0.011213624338624332 0.007274305555555571
0 0.14767195767195765 0.4397767857142857 0.010152116402116404 0.007160218253968153
0 0.1823743386243386 0.4439260912698413 0.01076058201058198 0.009320436507936413
0 0.18123677248677247 0.42983134920634913 0.007275132275132279 0.008638392857142917
0 0.14645833333333333 0.46205357142857145 0.013184523809523795 0.007842261904761828
0 0.15971891534391533 0.4637003968253969 0.004847883597883573 0.007956349206349245
0 0.11175925925925925 0.4529042658730158 0.00712301587301587 0.008182043650793603
0 0.10599867724867724 0.44881200396825394 0.006818783068783082 0.0052281746031745515
0 0.09349867724867725 0.45477926587301587 0.00878968253968256 0.006932043650793673
0 0.08531415343915344 0.46245039682539674 0.008789682539682531 0.007499999999999929
0 0.11115079365079364 0.4760317460317459 0.00863756613756615 0.013296130952380913
0 0.14327711640211638 0.4746676587301587 0.012880291005291037 0.006024305555555465
0 0.16608465608465608 0.4759747023809524 0.005152116402116391 0.01068452380952376
0 0.17153769841269842 0.47097470238095235 0.0106084656084656 0.005682043650793567
0 0.17282738095238095 0.4904092261904761 0.010152116402116404 0.008182043650793603
0 0.19487433862433862 0.4701215277777777 0.008485449735449771 0.013752480158730051
0 0.19404100529100526 0.51046875 0.011061507936507968 0.008750000000000036
0 0.17002314814814812 0.5191046626984127 0.008485449735449771 0.011478174603174551
0 0.14903439153439152 0.509501488095238 0.009546957671957656 0.012502480158730123
0 0.13736772486772483 0.5170610119047618 0.010456349206349221 0.007388392857142811
0 0.08902777777777778 0.51859375 0.009546957671957686 0.009774305555555607
0 0.0989153439153439 0.5047495039682539 0.010016534391534382 0.008137400793650862
0 0.07971560846560846 0.5400421626984127 0.010433201058201055 0.009546130952380948
0 0.0894212962962963 0.550607638888889 0.009808201058201061 0.010642361111111142
0 0.09902116402116401 0.5473214285714285 0.012728174603174599 0.01126984126984123
0 0.09829034391534391 0.5698586309523809 0.015026455026455032 0.010329861111111071
0 0.10663690476190477 0.5780753968253969 0.020449735449735464 0.008921130952380984
0 0.13125992063492065 0.5968576388888889 0.0187797619047619 0.006416170634920526
0 0.17581349206349203 0.580032242063492 0.017321428571428578 0.006572420634920561
0 0.1942063492063492 0.6017137896825397 0.010985449735449748 0.006009424603174551
0 0.15103505291005292 0.5981274801587302 0.006590608465608424 0.008531746031745868
0 0.15355489417989418 0.611359126984127 0.006722883597883585 0.010565476190476274
0 0.17009920634920633 0.6205679563492064 0.008273809523809501 0.010178571428571459
0 0.13898148148148148 0.5361061507936508 0.013915343915343926 0.00843005952380942
0 0.18840277777777778 0.5362400793650793 0.009632936507936543 0.012445436507936591
0 0.1132903439153439 0.607827380952381 0.010347222222222197 0.009233630952380879
0 0.13898148148148148 0.6177951388888888 0.009632936507936484 0.009099702380952302
0 0.10035714285714285 0.6220114087301586 0.0076719576719576745 0.010838293650793673
0 0.11227843915343913 0.6414484126984127 0.00901785714285713 0.00979910714285719
0 0.12280423280423279 0.645421626984127 0.007734788359788366 0.0058010912698414074
0 0.13540343915343914 0.6438715277777778 0.01453373015873017 0.005900297619047557
0 0.15460648148148148 0.6468204365079365 0.010267857142857117 0.005200892857142847
0 0.15820436507936508 0.668422619047619 0.007867063492063469 0.008601190476190545
0 0.1716732804232804 0.6615724206349206 0.0049338624338624605 0.007499999999999929
0 0.17613756613756612 0.6601215277777778 0.00799933862433863 0.008601190476190545
0 0.13133928571428571 0.6769717261904762 0.010932539682539695 0.008100198412698312
0 0.14647156084656085 0.6762723214285714 0.01293320105820109 0.014501488095238102
0 0.14733796296296295 0.6869717261904762 0.009867724867724862 0.0068998015873015465
0 0.18295965608465609 0.6928769841269841 0.008670634920634928 0.006130952380952515
0 0.1915046296296296 0.6944568452380953 0.00966269841269843 0.005758928571428612
0 0.1992493386243386 0.6962227182539682 0.007060185185185179 0.005575396825396694
0 0.2113888888888889 0.6936210317460316 0.012509920634920608 0.008732638888888821
0 0.2063690476190476 0.6642162698412697 0.009414682539682554 0.010498511904761898
0 0.20544312169312168 0.6483779761904762 0.006316137566137551 0.012447916666666536
0 0.2358531746031746 0.6798239087301587 0.00842261904761905 0.012170138888888894
0 0.24526785714285715 0.6809399801587301 0.009166666666666679 0.010870535714285623
0 0.2624239417989418 0.6923660714285714 0.009537037037036988 0.007152777777777786
0 0.26180224867724866 0.7008209325396825 0.01176917989417984 0.0045510912698413005
0 0.2667592592592592 0.7056994047619047 0.013501984126984112 0.005389384920634832
0 0.2242824074074074 0.7315451388888888 0.005909391534391517 0.0100892857142858
0 0.21409391534391534 0.7486656746031746 0.0083564814814815 0.0100892857142858
0 0.2295833333333333 0.7423214285714285 0.018955026455026433 0.005654761904761862
0 0.24670304232804233 0.7345262896825397 0.0083564814814815 0.02155257936507926
0 0.2670833333333333 0.7633382936507936 0.007539682539682513 0.011004464285714199
0 0.2721759259259259 0.7589062499999999 0.01161706349206355 0.007641369047619228
0 0.28460978835978834 0.7799231150793651 0.012840608465608482 0.01360367063492074
0 0.28654431216931214 0.7685367063492062 0.007744708994709034 0.013757440476190475
0 0.29948743386243387 0.782063492063492 0.006726190476190415 0.012380952380952336
0 0.2971329365079365 0.7501512896825397 0.004103835978836064 0.008725198412698454
0 0.3370039682539682 0.769250992063492 0.010777116402116368 0.005334821428571423
0 0.32822089947089944 0.7801636904761904 0.010667989417989432 0.0074355158730158525
0 0.30779761904761904 0.791155753968254 0.00625 0.012609126984126995
0 0.3242328042328042 0.8030778769841269 0.008515211640211599 0.007839781746031704
0 0.3353869047619048 0.8075248015873016 0.009699074074074094 0.0057390873015872755
0 0.33398478835978834 0.7986334325396826 0.013363095238095231 0.008164682539682477
0 0.36744708994708997 0.764908234126984 0.010839947089947207 0.009957837301587169
0 0.3801785714285714 0.7644518849206349 0.010962301587301581 0.009957837301587169
0 0.389619708994709 0.7944642857142857 0.01425264550264546 0.008588789682539755
0 0.40088624338624335 0.7939161706349206 0.012668650793650826 0.008769841269841195
0 0.41337301587301584 0.7787499999999999 0.012546296296296333 0.008588789682539755
0 0.43667328042328035 0.8402033730158729 0.017688492063491996 0.008931051587301652
0 0.3981448412698413 0.8289756944444443 0.021541005291005295 0.008799603174603021
0 0.4121560846560846 0.8228670634920634 0.019087301587301535 0.006041666666666501
0 0.42642857142857143 0.81531498015873 0.01155753968253966 0.007224702380952408
0 0.4412268518518518 0.8164980158730157 0.01488425925925938 0.006961805555555501
0 0.4943088624338624 0.8359722222222221 0.010248015873015841 0.011817956349206326
0 0.5114980158730158 0.8385763888888889 0.0173015873015873 0.007274305555555571
0 0.509183201058201 0.8095238095238095 0.01090939153439147 0.01529017857142847
0 0.4673082010582011 0.796217757936508 0.009368386243386222 0.00884424603174594
0 0.4827347883597883 0.7957614087301588 0.014437830687830673 0.007274305555555571
0 0.48775132275132277 0.7883655753968253 0.006392195767195711 0.008182043650793603
0 0.501193783068783 0.7898536706349206 0.00793320105820096 0.010332341269841195
0 0.5399834656084656 0.7718849206349205 0.012080026455026408 0.006153273809523974
0 0.5660813492063492 0.7785416666666667 0.022222222222222143 0.008278769841269806
0 0.6034424603174603 0.7954315476190476 0.019090608465608484 0.010290178571428577
0 0.570109126984127 0.7982837301587301 0.010588624338624442 0.0070461309523810025
0 0.5592956349206349 0.8100297619047618 0.010142195767195735 0.009508928571428755
0 0.5598181216931216 0.822390873015873 0.02043320105820096 0.008278769841269806
0 0.5609589947089947 0.7461433531746031 0.015062830687830816 0.008554067460317328
0 0.6452017195767196 0.802938988095238 0.017585978835978722 0.007123015873015959
0 0.6593551587301588 0.7787375992063492 0.01881613756613755 0.008573908730158664
0 0.6508267195767196 0.7621205357142856 0.014067460317460246 0.007254464285714235
0 0.6605886243386243 0.7584275793650793 0.01635582010582013 0.006197916666666537
0 0.6838888888888889 0.7582291666666665 0.022509920634920633 0.0058035714285713524
0 0.6876686507936508 0.7623189484126984 0.017056878306878312 0.007123015873015959
0 0.7041104497354497 0.7850694444444445 0.016531084656084497 0.007254464285714235
0 0.7005059523809524 0.8001041666666666 0.018111772486772537 0.012792658730158734
0 0.7380489417989418 0.7818377976190476 0.010198412698412795 0.012661210317460281
0 0.7573181216931216 0.7602380952380952 0.017972883597883776 0.012805059523809526
0 0.7647321428571429 0.7331944444444444 0.019768518518518383 0.0062351190476190865
0 0.7919146825396824 0.7303323412698413 0.019768518518518383 0.007919146825396873
0 0.7766865079365078 0.7191815476190475 0.01117724867724874 0.010811011904761969
0 0.7663194444444444 0.6945833333333333 0.01132605820105823 0.010369543650793744
0 0.7908796296296295 0.7048983134920634 0.013677248677248599 0.009595734126984112
0 0.7976455026455026 0.6928745039682539 0.01132605820105823 0.006728670634920597
0 0.8118386243386243 0.707765376984127 0.02500330687830683 0.006728670634920597
0 0.8193386243386241 0.7165897817460317 0.022060185185185096 0.008273809523809383
0 0.8201455026455026 0.699657738095238 0.0072056878306878975 0.010369543650793744
0 0.816762566137566 0.6817881944444444 0.009560185185185095 0.007279265873015995
0 0.8073511904761903 0.6739012896825397 0.011031746031745844 0.005183531746031633
0 0.8135284391534391 0.6693799603174603 0.006028439153439062 0.010037202380952515
0 0.851547619047619 0.675500992063492 0.010588624338624442 0.007279265873015995
0 0.8488260582010582 0.6836086309523809 0.011031746031745844 0.0069494047619048874
0 0.8099371693121693 0.6177132936507935 0.017833994708994775 0.006738591269841265
0 0.7544609788359787 0.6052579365079365 0.01660714285714301 0.006125992063492092
0 0.8556084656084656 0.6073511904761905 0.011980820105819846 0.009699900793650684
0 0.895975529100529 0.5862152777777777 0.013478835978835946 0.014191468253968331
0 0.9070006613756614 0.5837648809523809 0.013204365079365251 0.01378472222222218
0 0.8991038359788359 0.5593625992063491 0.009120370370370286 0.006636904761904816
0 0.919864417989418 0.5527777777777778 0.009801587301587488 0.008779761904761863
0 0.8407705026455026 0.5676339285714285 0.013068783068783318 0.005820932539682566
0 0.7869940476190476 0.5528348214285714 0.014252645502645577 0.011909722222222285
0 0.8276289682539683 0.512891865079365 0.010730820105820034 0.00834077380952376
0 0.8513326719576718 0.5122321428571428 0.008194444444444334 0.015801091269841194
0 0.8467460317460317 0.4976016865079365 0.005658068783068634 0.008779761904761863
0 0.8606944444444443 0.48421378968253964 0.01170634920634915 0.00892609126984123
0 0.8682043650793649 0.5010391865079364 0.00877976190476204 0.008633432539682495
0 0.883422619047619 0.5223288690476191 0.013458994708994728 0.007316468253968189
0 0.8930787037037037 0.5239384920634921 0.007414021164021278 0.009947916666666501
0 0.891223544973545 0.49526041666666665 0.007999338624338511 0.010240575396825413
0 0.9010780423280422 0.503234126984127 0.007023809523809395 0.011264880952380985
0 0.9114153439153438 0.5393725198412698 0.01170634920634915 0.01155753968253972
0 0.8823379629629629 0.45643601190476185 0.008184523809523843 0.012160218253968225
0 0.913991402116402 0.46847966269841274 0.015595238095238054 0.015171130952380985
0 0.9053439153439153 0.4537152777777778 0.009417989417989266 0.014126984126984076
0 0.8689814814814816 0.44138144841269844 0.00988095238095236 0.013779761904761934
0 0.8656613756613757 0.425922619047619 0.008799603174603021 0.01019097222222225
0 0.8905224867724867 0.4124305555555556 0.008184523809523843 0.009379960317460422
0 0.873991402116402 0.3905952380952381 0.00441468253968272 0.006093750000000053
0 0.8772023809523809 0.38833829365079364 0.004212962962963 0.008802083333333321
0 0.8332705026455026 0.3899950396825397 0.006818783068783082 0.009853670634920597
0 0.8293088624338624 0.3970659722222222 0.007721560846560986 0.009253472222222215
0 0.8220866402116401 0.3974404761904762 0.010730820105820034 0.010156249999999912
0 0.8178240740740741 0.3841641865079365 0.006620370370370428 0.009327876984127048
0 0.8642129629629629 0.3723536706349206 0.013138227513227463 0.008576388888888875
0 0.8654662698412697 0.3655084325396825 0.014844576719576945 0.006619543650793691
0 0.866220238095238 0.36099454365079364 0.016147486772486747 0.007973710317460369
0 0.33202050264550265 0.6898040674603174 0.010165343915343902 0.016515376984126993
0 0.38688822751322755 0.6739236111111111 0.010350529100529115 0.010163690476190368
0 0.3333399470899471 0.6766046626984127 0.015810185185185215 0.007058531746031704
0 0.3275992063492063 0.6602306547619048 0.009599867724867768 0.01326884920634921
0 0.3120701058201058 0.6554315476190475 0.015433201058201125 0.007341269841269949
0 0.3015575396825396 0.5797147817460317 0.014900793650793649 0.014414682539682566
0 0.26797949735449733 0.6034399801587302 0.012956349206349197 0.0064781746031746575
0 0.4005654761904761 0.5908878968253968 0.019867724867724826 0.007611607142857047
0 0.2773743386243386 0.5805233134920635 0.009285714285714283 0.009231150793650934
0 0.2675462962962963 0.5722643849206348 0.01425264550264546 0.017328869047618944
0 0.3650429894179894 0.5624652777777778 0.02353835978835974 0.00680307539682552
0 0.2809358465608465 0.5343675595238095 0.011660052910052935 0.015384424603174551
0 0.33859126984126975 0.531046626984127 0.011230158730158734 0.015548115079364955
0 0.3587466931216931 0.523891369047619 0.010578703703703595 0.004806547619047663
0 0.412959656084656 0.536173115079365 0.015052910052910089 0.006636904761904816
0 0.4117162698412698 0.5146155753968253 0.010105820105820128 0.0072197420634919855
0 0.3740178571428571 0.4878149801587301 0.016081349206349196 0.007006448412698418
0 0.27625 0.4750396825396825 0.008478835978835994 0.012817460317460316
0 0.2432308201058201 0.47557043650793646 0.011306216931216953 0.007517361111111143
0 0.28980820105820104 0.46492063492063485 0.02094246031746027 0.008576388888888786
0 0.3154398148148148 0.45398313492063486 0.013363095238095231 0.012142857142857188
0 0.39080026455026456 0.44290178571428573 0.02222883597883592 0.006359126984126995
0 0.4010780423280423 0.4261830357142856 0.016061507936507978 0.014166666666666572
0 0.3431316137566138 0.4078249007936508 0.014520502645502613 0.00847966269841276
0 0.4040343915343915 0.38580357142857136 0.023511904761904744 0.007805059523809455
0 0.4209953703703703 0.3938020833333333 0.013492063492063503 0.006455853174603199
0 0.46078042328042323 0.45031498015873017 0.006914682539682459 0.013573908730158735
0 0.4793948412698413 0.44314236111111105 0.011478174603174669 0.010483630952380984
0 0.5362665343915344 0.4736557539682539 0.018981481481481488 0.0061805555555555
0 0.5562003968253968 0.5843650793650793 0.011673280423280374 0.013501984126984112
0 0.5495734126984128 0.5587723214285714 0.013055555555555523 0.013650793650793603
0 0.5750925925925926 0.6489087301587302 0.007123015873015959 0.013204365079364955
0 0.4715806878306878 0.6670734126984127 0.005052910052910064 0.011758432539682496
0 0.4804001322751323 0.6722941468253968 0.010932539682539636 0.006728670634920597
0 0.740598544973545 0.4884151785714286 0.021683201058201006 0.009310515873015924
0 0.7766468253968254 0.4146676587301587 0.007099867724867911 0.010647321428571388
0 0.7566137566137565 0.409342757936508 0.012146164021163959 0.004732142857142918
0 0.7436871693121693 0.3712475198412698 0.01031746031746034 0.0054067460317460455
0 0.2327116402116402 0.41618055555555555 0.00966269841269843 0.015550595238095256
0 0.2046296296296296 0.4078000992063492 0.020330687830687862 0.008152281746031775
0 0.1475 0.35862103174603177 0.009431216931216941 0.011607142857142882
0 0.15898478835978835 0.3554464285714286 0.011607142857142882 0.01269345238095232
0 0.18842261904761903 0.3676884920634921 0.01511243386243386 0.003809523809523885
0 0.19839616402116403 0.3733556547619047 0.007010582010582015 0.008975694444444482
0 0.20148148148148146 0.3656473214285714 0.01148478835978839 0.0044419642857142175
0 0.19567791005291005 0.3480580357142857 0.011243386243386232 0.0057118055555555715
0 0.18484457671957671 0.32892609126984124 0.00965277777777782 0.006160714285714341
0 0.18014550264550264 0.3225768849206349 0.013971560846560867 0.006922123015873005
0 0.2199404761904762 0.31289186507936506 0.009060846560846573 0.013082837301587259
0 0.2289153439153439 0.2790525793650794 0.010734126984126983 0.005421626984127048
0 0.2544345238095238 0.2841865079365079 0.020591931216931238 0.006654265873015852
0 0.25585978835978834 0.29248263888888887 0.005916005291005296 0.0064905753968254485
0 0.27508267195767194 0.2943328373015873 0.010625000000000048 0.0050942460317460634
0 0.28557208994708994 0.28886160714285714 0.012777777777777761 0.004489087301587258
0 0.2961607142857143 0.28386160714285713 0.01031084656084656 0.003923611111111125
0 0.27729497354497357 0.2712301587301587 0.013707010582010544 0.005463789682539755
0 0.29569444444444437 0.2746552579365079 0.010992063492063527 0.004352678571428648
0 0.2792724867724868 0.25603918650793644 0.010496031746031776 0.0087996031746032
0 0.3005753968253968 0.24784474206349202 0.010125661375661347 0.008521825396825378
0 0.2949074074074074 0.2620982142857143 0.014920634920634867 0.006088789682539719
0 0.2973412698412698 0.2665500992063492 0.012890211640211646 0.004035218253968242
0 0.3275396825396825 0.2544469246031746 0.0073082010582010545 0.010734126984127013
0 0.32637235449735447 0.2639236111111111 0.009642857142857153 0.0038070436507935844
0 0.334239417989418 0.27621775793650793 0.01076058201058198 0.006014384920634885
0 0.3452513227513227 0.2795684523809524 0.010658068783068823 0.004186507936507944
0 0.35824404761904755 0.29011160714285716 0.005787037037037024 0.008526785714285712
0 0.38732142857142854 0.28291666666666665 0.009947089947089911 0.004796626984126995
0 0.4079298941798941 0.31140873015873016 0.012199074074074072 0.0028943452380952193
0 0.4251058201058201 0.31602926587301583 0.007718253968254037 0.009895833333333392
0 0.4167030423280423 0.2965178571428571 0.006845238095238079 0.02296626984126986
0 0.42479497354497353 0.2914285714285714 0.013568121693121781 0.0103621031746032
0 0.4518716931216931 0.2980580357142857 0.012946428571428588 0.007189980158730069
0 0.4641931216931217 0.3185491071428571 0.006223544973545003 0.005414186507936502
0 0.47558531746031746 0.315515873015873 0.010582010582010545 0.007562003968253883
0 0.45142195767195764 0.3401016865079365 0.013849206349206373 0.00877728174603174
0 0.3969642857142857 0.35159474206349206 0.01076058201058198 0.009060019841269895
0 0.3839682539682539 0.3444766865079365 0.00791997354497352 0.004568452380952426
0 0.3549338624338624 0.3501488095238095 0.014212962962963023 0.007080853174603252
0 0.3291468253968254 0.34630208333333334 0.01076058201058198 0.004568452380952426
0 0.3075727513227513 0.351671626984127 0.00822420634920628 0.010736607142857135
0 0.2879265873015873 0.33693700396825393 0.01076058201058198 0.0042633928571429005
0 0.2509722222222222 0.3529265873015873 0.0073082010582010545 0.012638888888888911
0 0.25244378306878307 0.3828993055555555 0.009675925925925928 0.011324404761904727
0 0.3068320105820106 0.3744345238095238 0.012314814814814785 0.008906249999999982
0 0.6597652116402116 0.5178397817460316 0.006296296296296333 0.014558531746031634
0 0.5874603174603175 0.4031522817460317 0.01066798941798955 0.009704861111111107
0 0.641140873015873 0.37574156746031745 0.007519841269841265 0.011803075396825412
0 0.5649007936507936 0.3710863095238095 0.012414021164021231 0.0072123015873015285
0 0.6071296296296296 0.35095486111111107 0.010142195767195735 0.01547619047619051
0 0.556683201058201 0.3297743055555556 0.008217592592592618 0.013509424603174568
0 0.5123544973544972 0.3220362103174603 0.008042328042328132 0.008261408730158681
0 0.5068452380952381 0.3604613095238095 0.013115079365079297 0.009573412698412654
0 0.47764219576719574 0.35639632936507937 0.013115079365079297 0.01140873015873014
0 0.7282705026455025 0.32663690476190477 0.007513227513227605 0.01167162698412696
0 0.7353174603174603 0.3098313492063492 0.00684193121693113 0.01167162698412696
0 0.7136474867724868 0.3010763888888889 0.011269841269841171 0.009861111111111143
0 0.6892294973544973 0.3117435515873016 0.012076719576719816 0.007849702380952372
0 0.7490013227513227 0.2826612103174603 0.014894179894179871 0.014489087301587312
0 0.7404828042328042 0.2886483134920635 0.012076719576719816 0.008955853174603234
0 0.7307539682539682 0.27924107142857146 0.008988095238095422 0.01247767857142854
0 0.7288095238095238 0.2665625 0.011537698412698442 0.00664186507936515
0 0.6977480158730157 0.25282490079365083 0.009259259259259285 0.011371527777777769
0 0.6769510582010582 0.25664930555555554 0.011941137566137646 0.00875496031746037
0 0.6691699735449734 0.2691269841269841 0.014087301587301463 0.00915674603174601
0 0.6347552910052909 0.2798933531746032 0.013683862433862496 0.003320932539682531
0 0.6051719576719576 0.27949156746031745 0.014894179894179871 0.005937500000000017
0 0.6443485449735449 0.24623511904761902 0.013551587301587394 0.008050595238095237
0 0.6825661375661375 0.24156746031746032 0.01715608465608464 0.008841765873015906
0 0.6723611111111111 0.24638392857142857 0.007860449735449748 0.008266369047619015
0 0.6768154761904762 0.23358878968253965 0.011980820105820082 0.00783482142857137
0 0.6608101851851852 0.23154017857142856 0.008339947089946993 0.011932043650793655
0 0.6666567460317461 0.23358878968253965 0.007189153439153273 0.008266369047619015
0 0.6394378306878307 0.22338045634920634 0.013898809523809537 0.006111111111111178
0 0.606656746031746 0.22111607142857143 0.013515211640211551 0.008913690476190528
0 0.579725529100529 0.23125248015873012 0.016580687830687897 0.008338293650793638
0 0.5925694444444445 0.24803819444444444 0.010062830687830626 0.012723214285714235
0 0.5821197089947089 0.2453769841269841 0.010638227513227605 0.006684027777777768
0 0.5595238095238095 0.28567460317460314 0.014930555555555476 0.009320436507936503
0 0.5568154761904761 0.2660565476190476 0.016332671957671845 0.010672123015873058
0 0.5535582010582011 0.2391517857142857 0.01563161375661366 0.006614583333333357
0 0.5596230158730158 0.22573660714285712 0.013326719576719626 0.0065376984126984
0 0.5686904761904761 0.21889632936507936 0.011825396825396932 0.005637400793650826
0 0.5690939153439153 0.20826140873015872 0.015231481481481523 0.0076661706349206325
0 0.5515046296296297 0.21314732142857143 0.009920634920635033 0.0070659722222222495
0 0.545542328042328 0.2101016865079365 0.006613756613756531 0.01194940476190478
0 0.5130753968253968 0.21280753968253965 0.008819444444444475 0.012400793650793673
0 0.4900760582010582 0.21175595238095238 0.007516534391534435 0.011800595238095202
0 0.48236111111111113 0.22156498015873013 0.012126322751322742 0.006163194444444464
0 0.4880720899470899 0.23219990079365077 0.019140211640211645 0.005786210317460317
0 0.4834623015873015 0.2368204365079365 0.008918650793650684 0.005411706349206291
0 0.4939847883597883 0.2464409722222222 0.008518518518518547 0.010520833333333358
0 0.5247982804232804 0.2529042658730159 0.019441137566137516 0.008117559523809525
0 0.48190806878306874 0.24843253968253967 0.010019841269841361 0.006388888888888911
0 0.4878207671957672 0.26376488095238093 0.01643518518518512 0.011949404761904692
0 0.49072751322751323 0.2745510912698413 0.012225529100529068 0.010372023809523867
0 0.4683300264550264 0.27379960317460317 0.011726190476190486 0.004960317460317487
0 0.455704365079365 0.2507638888888889 0.013128306878306854 0.005786210317460317
0 0.4390707671957672 0.2461036706349206 0.01593253968253959 0.009694940476190439
0 0.4313525132275132 0.23524305555555552 0.011124338624338629 0.008266369047619015
0 0.44548280423280423 0.20653273809523806 0.017337962962962906 0.006614583333333357
0 0.4234887566137566 0.2141989087301587 0.01242724867724867 0.00886904761904761
0 0.42238425925925926 0.22340525793650792 0.012225529100529068 0.011800595238095202
0 0.43796626984126985 0.2261111111111111 0.00952050264550266 0.009243551587301547
0 0.45314814814814813 0.2187078373015873 0.014431216931216895 0.00556051587301587
0 0.45009259259259254 0.22746527777777775 0.008518518518518547 0.008794642857142865
0 0.35657076719576714 0.24001984126984124 0.01540013227513235 0.005173611111111054
0 0.37642195767195763 0.2374702380952381 0.012698412698412771 0.005173611111111054
0 0.3839186507936508 0.23930555555555552 0.006699735449735537 0.0068998015873015465
0 0.35757275132275124 0.24684275793650792 0.009199735449735513 0.007274305555555571
0 0.362771164021164 0.24928075396825394 0.007400793650793721 0.0065997023809523546
0 0.37037037037037035 0.2606423611111111 0.010800264550264534 0.005925099206349138
0 0.26457341269841267 0.32667410714285716 0.016173941798941806 0.00606646825396826