0 0.35529761904761903 0.17250248015873013 0.021213624338624372 0.009136904761904763
0 0.3995138888888889 0.1947941468253968 0.016382275132275127 0.00992559523809522
0 0.4171560846560846 0.1935342261904762 0.01554232804232806 0.00708829365079362
0 0.41904761904761906 0.2059002976190476 0.01512235449735447 0.00661706349206348
0 0.4336474867724867 0.20889384920634918 0.019953703703703713 0.00661706349206348
0 0.4228273809523809 0.21574652777777775 0.014702380952380996 0.005198412698412725
0 0.4409986772486772 0.22598710317460316 0.008611111111111095 0.009610615079365115
0 0.4114351851851852 0.2405282738095238 0.014646164021164055 0.005339781746031757
0 0.40772156084656086 0.23465525793650793 0.012308201058201008 0.006103670634920633
0 0.4648346560846561 0.2347296626984127 0.011187169312169232 0.005339781746031757
0 0.4639186507936508 0.24514384920634918 0.009153439153439061 0.006636904761904728
0 0.488776455026455 0.20643849206349207 0.01380621693121699 0.0037549603174602984
0 0.48410714285714285 0.20054811507936504 0.009609788359788377 0.004771825396825413
0 0.4700958994708994 0.17613343253968253 0.014619708994709057 0.004670138888888875
0 0.477609126984127 0.15537450396825397 0.008528439153439156 0.008831845238095192
0 0.4499272486772486 0.14862351190476192 0.010287698412698514 0.007919146825396827
0 0.49188822751322747 0.1621750992063492 0.011369047619047615 0.007207341269841239
0 0.49987433862433855 0.14578124999999997 0.01759589947089945 0.005481150793650791
0 0.5314153439153438 0.16405257936507936 0.012453703703703667 0.0056845238095238225
0 0.5475231481481481 0.15836805555555553 0.012182539682539802 0.006294642857142874
0 0.5421759259259259 0.1806001984126984 0.01096560846560853 0.00588789682539681
0 0.5655257936507937 0.14608382936507935 0.012182539682539802 0.005481150793650791
0 0.6043716931216931 0.17643849206349205 0.006498015873015817 0.00588789682539681
0 0.5664715608465608 0.1916145833333333 0.009474206349206326 0.0059895833333333485
0 0.5568617724867725 0.18618551587301588 0.011369047619047733 0.006091269841269842
0 0.5480125661375662 0.21097966269841267 0.010211640211640354 0.005106646825396766
0 0.6313293650793651 0.17348710317460317 0.007705026455026598 0.007795138888888919
0 0.6414517195767195 0.17946676587301585 0.016841931216931273 0.006852678571428595
0 0.6486177248677248 0.1938467261904762 0.010033068783068918 0.01034722222222224
0 0.6923379629629629 0.1718080357142857 0.012182539682539802 0.00712301587301587
0 0.7231580687830687 0.19176339285714286 0.0161243386243387 0.007256944444444446
0 0.684454365079365 0.22341021825396826 0.010033068783068918 0.009541170634920614
0 0.7038955026455026 0.23456349206349203 0.010211640211640354 0.005510912698412707
0 0.7460912698412697 0.2156175595238095 0.016841931216931273 0.011423611111111055
0 0.7736838624338624 0.2090327380952381 0.011468253968254061 0.00577876984126986
0 0.7060449735449734 0.2690327380952381 0.017020502645502707 0.007795138888888875
0 0.77135582010582 0.2697718253968254 0.013617724867724945 0.008735119047619033
0 0.7988591269841269 0.26600942460317456 0.012003968253968367 0.007390873015873023
0 0.8188359788359788 0.2728645833333333 0.007883597883598032 0.007390873015873023
0 0.8289616402116402 0.27756696428571426 0.008062169312169232 0.009809027777777857
0 0.8084457671957671 0.2267708333333333 0.007883597883598032 0.011153273809523778
0 0.8569477513227512 0.26862351190476186 0.0073710317460317755 0.011919642857142865
0 0.8570072751322751 0.2989012896825397 0.00916997354497345 0.008377976190476222
0 0.8642592592592593 0.3014657738095238 0.008336640211640163 0.010002480158730176
0 0.8735978835978836 0.32022073412698415 0.008336640211640163 0.010503472222222232
0 0.8810152116402116 0.3134697420634921 0.008501984126984042 0.010002480158730176
0 0.8461706349206349 0.3276612103174603 0.008501984126984042 0.010877976190476257
0 0.9201951058201058 0.3281622023809524 0.008167989417989456 0.0076264880952381375
0 0.916524470899471 0.3177207341269841 0.008835978835978864 0.010252976190476205
0 0.8809325396825397 0.36323412698412694 0.011001984126984372 0.010503472222222232
0 0.907688492063492 0.36911210317460313 0.006501322751322647 0.007752976190476257
0 0.874431216931217 0.39174355158730156 0.009335317460317327 0.007502480158730141
0 0.9486177248677248 0.3908060515873016 0.008002645502645341 0.00987847222222218
0 0.8020734126984126 0.4107490079365079 0.007668650793650755 0.014005456349206292
0 0.8949371693121692 0.44875992063492065 0.012003968253968367 0.007752976190476169
0 0.9230291005291005 0.4476984126984126 0.011504629629629667 0.013129960317460387
0 0.9602876984126982 0.4373809523809523 0.011335978835978722 0.010252976190476205
0 0.9327810846560847 0.4713293650793651 0.00966931216931215 0.00987847222222218
0 0.9337797619047618 0.47864335317460316 0.008336640211640163 0.009002976190476275
0 0.9640410052910053 0.519593253968254 0.009503968253968272 0.0093774801587303
0 0.9663756613756613 0.5392237103174603 0.00916997354497345 0.01312996031746021
0 0.9767096560846561 0.5365997023809524 0.012837301587301416 0.011128472222222107
0 0.9456183862433863 0.5262847222222222 0.008670634920634987 0.014503968253968224
0 0.9542030423280424 0.5446006944444444 0.00550264550264572 0.01512896825396819
0 0.9327810846560847 0.5506026785714286 0.01233796296296319 0.00562748015872998
0 0.9169444444444445 0.524094742063492 0.007000661375661347 0.009627976190476062
0 0.8708465608465608 0.52140625 0.011835317460317423 0.007752976190476169
0 0.9121924603174602 0.568670634920635 0.012169312169312245 0.0065029761904762395
0 0.9625396825396825 0.579548611111111 0.005168650793650897 0.012504960317460245
0 0.9143584656084656 0.5972420634920634 0.00916997354497345 0.011877480158730159
0 0.8914351851851852 0.5925545634920634 0.007334656084656169 0.010252976190476205
0 0.9010218253968253 0.6083705357142857 0.010502645502645673 0.008377976190476134
0 0.9299470899470899 0.6080580357142857 0.011335978835978722 0.007752976190476169
0 0.9045238095238095 0.6102455357142857 0.00916997354497345 0.005877976190476098
0 0.8906845238095237 0.618936011904762 0.013835978835978816 0.007251984126984112
0 0.9093584656084656 0.6137475198412699 0.015505952380952455 0.008127480158730193
0 0.9252777777777778 0.617624007936508 0.01067129629629638 0.006376488095238031
0 0.8332903439153438 0.641986607142857 0.010314153439153272 0.007048611111111214
0 0.8342063492063492 0.6480877976190477 0.009854497354497482 0.006877480158730087
0 0.9183267195767196 0.6513541666666667 0.005730820105820082 0.010657242063492056
0 0.899074074074074 0.6683730158730159 0.014441137566137503 0.00790674603174608
0 0.8470436507936507 0.6722420634920635 0.012605820105819987 0.007390873015873112
0 0.883257275132275 0.6874553571428572 0.008022486772486796 0.011346726190476275
0 0.8772982804232803 0.6989732142857144 0.009854497354497482 0.0072197420634919855
0 0.8691600529100528 0.6954489087301587 0.004583333333333191 0.007048611111111214
0 0.8428009259259259 0.7024107142857142 0.012377645502645624 0.006877480158730087
0 0.8524305555555555 0.7179687499999999 0.013753306878306877 0.00842261904761905
0 0.8434887566137567 0.7226959325396825 0.01329365079365085 0.005156249999999929
0 0.8280191798941797 0.6988864087301587 0.013521825396825449 0.0056721230158730766
0 0.820568783068783 0.6897767857142856 0.015128968253968367 0.008080357142857153
0 0.7954695767195766 0.6964806547619047 0.011230158730158734 0.00945436507936499
0 0.7759887566137567 0.6890897817460317 0.008482142857142824 0.007735615079364955
0 0.7970734126984127 0.7360193452380952 0.0075628306878307685 0.007735615079364955
0 0.7887103174603174 0.7312921626984127 0.010542328042328108 0.006532738095238066
0 0.8022321428571427 0.7587971230158729 0.013753306878306877 0.00790674603174608
0 0.7653306878306878 0.7740972222222221 0.00916997354497345 0.00825148809523828
0 0.7659027777777777 0.7847544642857143 0.008482142857142824 0.011001984126984077
0 0.760975529100529 0.7858730158730158 0.010542328042328108 0.00842261904761905
0 0.742063492063492 0.7887946428571428 0.015357142857142729 0.010486111111111108
0 0.7417195767195767 0.765500992063492 0.008710317460317422 0.0072197420634919855
0 0.748366402116402 0.7551860119047619 0.0068749999999999055 0.00825148809523828
0 0.7421792328042327 0.7446999007936508 0.010542328042328108 0.007564484126984183
0 0.7230390211640211 0.7654141865079365 0.01306547619047625 0.0056721230158730766
0 0.7200000000000001 0.7407266865079365 0.007705026455026598 0.009796626984127066
0 0.716736111111111 0.748702876984127 0.009546957671957538 0.008668154761904745
0 0.7083597883597883 0.7510887896825397 0.01825396825396813 0.005148809523809561
0 0.6865046296296295 0.771312003968254 0.00937830687830683 0.004144345238095326
0 0.680978835978836 0.8021502976190475 0.00837301587301577 0.009295634920634743
0 0.7048445767195766 0.8128273809523809 0.014570105820106012 0.004774305555555714
0 0.6521693121693121 0.8081175595238095 0.012394179894180013 0.005401785714285623
0 0.6540972222222222 0.8217460317460317 0.008541666666666715 0.012562003968253776
0 0.5829166666666666 0.8364409722222221 0.007870370370370475 0.009796626984126889
0 0.5725330687830686 0.8357514880952381 0.009546957671957538 0.005401785714285623
0 0.5715376984126983 0.8376016865079364 0.009652777777777762 0.004479166666666856
0 0.557308201058201 0.8381994047619047 0.013832671957671986 0.0065674603174603165
0 0.5637764550264549 0.8254365079365078 0.013634259259259334 0.0059697420634918785
0 0.5506911375661375 0.8330133928571428 0.01373346560846566 0.004402281746031633
0 0.5434259259259259 0.8267063492063492 0.014927248677248647 0.006121031746031846
0 0.5322817460317459 0.831594742063492 0.009355158730158722 0.005300099206349174
0 0.5215343915343914 0.8337227182539684 0.012539682539682554 0.006716269841269806
0 0.5268088624338624 0.8169295634920635 0.007761243386243303 0.0065674603174603165
0 0.5430257936507935 0.8098015873015874 0.01432870370370362 0.01037450396825399
0 0.47720238095238093 0.8264831349206349 0.007066798941798898 0.005672123015872899
0 0.48187830687830685 0.8359226190476191 0.010846560846560866 0.005597718253968154
0 0.4629728835978836 0.8300272817460318 0.006468253968253989 0.006941964285714164
0 0.45665343915343914 0.8288715277777777 0.008558201058201102 0.010746527777777714
0 0.4322718253968254 0.8236086309523809 0.012738095238095208 0.007986111111111072
0 0.4305820105820105 0.8143179563492063 0.00756283068783065 0.004925595238095326
0 0.40515542328042325 0.8104365079365078 0.010248015873015841 0.008209325396825663
0 0.39271825396825394 0.8106597222222222 0.014427910052910064 0.011344246031746153
0 0.3731150793650793 0.8164434523809524 0.008260582010582003 0.01186755952380949
0 0.36938161375661377 0.8189062499999998 0.010350529100529115 0.0047023809523810915
0 0.32952380952380955 0.8083010912698413 0.008101851851851905 0.008435019841270019
0 0.33281415343915344 0.8072271825396824 0.008005952380952409 0.010577876984126888
0 0.33729166666666666 0.8060119047619047 0.00857804232804232 0.008435019841270019
0 0.3373875661375661 0.7988293650793651 0.008769841269841313 0.004074900793650827
0 0.3116071428571428 0.7956473214285714 0.00886243386243386 0.008578869047619087
0 0.28244378306878304 0.7870709325396825 0.007149470899470837 0.012294146825396802
0 0.27853505291005287 0.7841741071428571 0.005813492063492021 0.00907738095238102
0 0.26285714285714284 0.7749900793650794 0.0066699735449735915 0.0110069444444445
0 0.267526455026455 0.7627306547619047 0.01010251322751321 0.0033606150793652036
0 0.2619047619047619 0.7664484126984127 0.00915013227513229 0.013224206349206291
0 0.333478835978836 0.7779910714285714 0.011246693121693123 0.009863591269841442
0 0.34191468253968255 0.7714880952380951 0.009246031746031728 0.006004464285714306
0 0.3430588624338624 0.7818526785714285 0.006577380952380926 0.008578869047619087
0 0.3618320105820106 0.7654836309523809 0.007149470899470837 0.006004464285714306
0 0.3883300264550264 0.7618725198412697 0.007337962962963 0.00736359126984123
0 0.3969543650793651 0.7592633928571428 0.010102513227513299 0.005002480158730194
0 0.3096527777777778 0.742467757936508 0.011818783068783034 0.004288194444444393
0 0.5391203703703703 0.8003472222222221 0.006934523809523796 0.008385416666666767
0 0.5314054232804233 0.7989136904761904 0.010188492063492068 0.004670138888888875
0 0.5079133597883598 0.7962078373015873 0.009057539682539684 0.004776785714285836
0 0.4878174603174603 0.7875570436507935 0.010188492063492068 0.011676587301587205
0 0.47394841269841265 0.785327380952381 0.012738095238095208 0.007006448412698418
0 0.4367989417989418 0.7450471230158731 0.011746031746031704 0.007110615079365168
0 0.5270899470899472 0.7345386904761904 0.009480820105820105 0.009022817460317434
0 0.4757903439153439 0.7049280753968253 0.009057539682539684 0.011569940476190333
0 0.5459126984126983 0.6885292658730158 0.00863425925925938 0.013162202380952337
0 0.5778240740740741 0.6879985119047619 0.012738095238095326 0.0065798611111111075
0 0.5652579365079364 0.775751488095238 0.022688492063492067 0.007058531746031704
0 0.5457076719576719 0.7528521825396826 0.014480820105820176 0.00543154761904745
0 0.6035119047619047 0.7791889880952381 0.01423941798941802 0.005974702380952479
0 0.6172685185185184 0.8000074404761905 0.013756613756613708 0.00959325396825399
0 0.6374239417989417 0.7615401785714286 0.015446428571428564 0.009050099206349138
0 0.5989252645502645 0.7376463293650793 0.017619047619047735 0.006155753968253919
0 0.652146164021164 0.7503174603174603 0.013998015873015864 0.005793650793650684
0 0.6820568783068783 0.7221775793650794 0.01787698412698428 0.011024305555555535
0 0.6377645502645503 0.7269444444444444 0.015492724867724898 0.004171626984126852
0 0.7289285714285715 0.710111607142857 0.015492724867724898 0.007745535714285623
0 0.7087698412698413 0.6450868055555554 0.01211640211640225 0.012065972222222143
0 0.7861904761904762 0.5871378968253969 0.016183862433862353 0.010210813492063587
0 0.6960251322751323 0.6303893849206349 0.013101851851851858 0.008861607142856975
0 0.77051917989418 0.4978397817460317 0.012585978835979006 0.007321428571428612
0 0.6917857142857142 0.48724206349206345 0.007705026455026598 0.01772569444444443
0 0.7163161375661374 0.4503472222222221 0.011044973544973403 0.015605158730158664
0 0.734642857142857 0.32469742063492063 0.012714947089947042 0.009779265873015853
0 0.6671626984126984 0.3470684523809524 0.029666005291005368 0.004156746031746117
0 0.6614550264550264 0.35110367063492065 0.013690476190476157 0.0073338293650794025
0 0.5436441798941799 0.2600620039682539 0.01220238095238102 0.010610119047619104
0 0.5508035714285715 0.2798239087301587 0.009196428571428565 0.014322916666666696
0 0.5135978835978835 0.3912202380952381 0.006481481481481429 0.011622023809523884
0 0.46824074074074074 0.36655257936507935 0.010423280423280445 0.011726190476190546
0 0.506061507936508 0.42296875 0.012255291005291014 0.009402281746031704
0 0.4693485449735449 0.42418154761904764 0.006789021164021255 0.009082341269841265
0 0.4164451058201058 0.4370064484126984 0.010115740740740738 0.010181051587301582
0 0.33411044973544973 0.4546875 0.013237433862433907 0.00476934523809529
0 0.32216269841269846 0.47370535714285716 0.009282407407407333 0.008509424603174586
0 0.3082407407407407 0.4744791666666666 0.008594576719576707 0.009541170634920526
0 0.3410747354497355 0.5037475198412698 0.01272156084656082 0.009541170634920526
0 0.3969477513227513 0.5127083333333332 0.012377645502645506 0.006316964285714377
0 0.42453703703703705 0.5048437499999999 0.015300925925925905 0.00580109126984123
0 0.460380291005291 0.49833085317460313 0.00756283068783065 0.008767361111111071
0 0.38658068783068783 0.5473139880952381 0.01512235449735447 0.005461309523809632
0 0.3510119047619048 0.603187003968254 0.011947751322751306 0.008541666666666536
0 0.3982506613756613 0.5987053571428571 0.009708994708994704 0.007981150793650827
0 0.4645337301587301 0.6297941468253968 0.00858796296296293 0.011622023809523796
0 0.5159722222222222 0.6414161706349206 0.014004629629629643 0.0065823412698412295
0 0.41091931216931216 0.6429737103174602 0.010231481481481453 0.008720238095238031
0 0.4058597883597883 0.6514781746031746 0.011511243386243326 0.005843253968254025
0 0.4271957671957672 0.6812574404761904 0.008604497354497316 0.008023313492063621
0 0.4002777777777778 0.6871006944444444 0.013604497354497268 0.007326388888888857
0 0.433531746031746 0.6867088293650794 0.013138227513227463 0.00706349206349195
0 0.37312830687830684 0.7064186507936508 0.009768518518518477 0.00811011904761898
0 0.355162037037037 0.7044543650793651 0.013835978835978934 0.006103670634920633
0 0.3211011904761904 0.7011929563492063 0.01162367724867733 0.008204365079365061
0 0.3376388888888889 0.6795585317460316 0.006240079365079272 0.009680059523809525
0 0.3101157407407407 0.6818675595238095 0.008974867724867745 0.006731150793650898
0 0.26101521164021163 0.6923462301587301 0.007007275132275126 0.009357638888888787
0 0.29015542328042326 0.6672420634920635 0.010929232804232806 0.0052157738095237605
0 0.281058201058201 0.6460714285714285 0.007390873015872993 0.01197172619047624
0 0.21724867724867725 0.7022445436507936 0.01097883597883597 0.004965277777777821
0 0.19432208994708994 0.7041195436507937 0.008396164021164054 0.011746031746031704
0 0.19581349206349205 0.717016369047619 0.007830687830687862 0.010292658730158699
0 0.17272156084656082 0.7197619047619047 0.006273148148148167 0.010250496031746081
0 0.16576719576719573 0.7079290674603174 0.00851190476190477 0.008107638888888857
0 0.17508267195767196 0.6908060515873016 0.007764550264550252 0.009365079365079331
0 0.16383928571428572 0.6883382936507936 0.005281084656084663 0.008804563492063443
0 0.14473875661375663 0.6827703373015872 0.007331349206349221 0.00894593253968239
0 0.13157407407407407 0.668298611111111 0.0089021164021164 0.009980158730158627
0 0.1177910052910053 0.6480530753968253 0.009477513227513217 0.008831845238095149
0 0.17460648148148147 0.6527678571428571 0.008082010582010628 0.008861607142856975
0 0.1837169312169312 0.6511359126984126 0.007648809523809538 0.008675595238095113
0 0.18813161375661375 0.6584350198412697 0.008892195767195805 0.008162202380952267
0 0.13227513227513227 0.6159598214285714 0.008707010582010606 0.008978174603174516
0 0.13330357142857144 0.6046701388888889 0.00737433862433862 0.011245039682539648
0 0.08947420634920634 0.6073462301587302 0.012089947089947106 0.0057118055555555715
0 0.10071759259259258 0.5612326388888889 0.010155423280423292 0.006346726190476204
0 0.1719940476190476 0.5797321428571428 0.01148478835978839 0.009613095238095327
0 0.0780489417989418 0.5508953373015872 0.014629629629629637 0.0065302579365079435
0 0.09430886243386243 0.527906746031746 0.007255291005291031 0.008978174603174516
0 0.10313492063492062 0.5334399801587301 0.0070138888888889046 0.004625496031745868
0 0.11117724867724867 0.5321701388888889 0.004474206349206344 0.005349702380952337
0 0.11444113756613757 0.5438219246031746 0.01293650793650795 0.00924851190476197
0 0.1543154761904762 0.5392559523809524 0.00828373015873017 0.009875992063492055
0 0.08671626984126984 0.504923115079365 0.010939153439153445 0.0071676587301586995
0 0.08236111111111111 0.5009424603174603 0.019011243386243375 0.013859126984126923
0 0.11294973544973545 0.4868427579365079 0.01221230158730157 0.01210813492063494
0 0.07938822751322751 0.4712301587301587 0.006266534391534388 0.010513392857142811
0 0.06956349206349206 0.47023561507936507 0.008495370370370374 0.008683035714285836
0 0.07328373015873016 0.45021577380952377 0.023955026455026465 0.014769345238095255
0 0.10043650793650793 0.41892857142857143 0.012080026455026437 0.009895833333333392
0 0.08374007936507935 0.3901909722222222 0.012179232804232795 0.00753720238095239
0 0.10201058201058202 0.39098958333333333 0.019083994708994734 0.009288194444444375
0 0.11926587301587302 0.4000099206349206 0.0062929894179894145 0.007842261904761871
0 0.13596230158730158 0.410515873015873 0.008627645502645498 0.008601190476190368
0 0.1400727513227513 0.3982217261904762 0.006292989417989384 0.007611607142857135
0 0.15494378306878306 0.38615575396825397 0.0112665343915344 0.006775793650793727
0 0.13042989417989417 0.3827678571428571 0.011570767195767202 0.006393849206349245
0 0.10510582010582009 0.37606894841269833 0.007814153439153445 0.008070436507936485
0 0.09003306878306878 0.3816641865079365 0.012384259259259256 0.007080853174603252
0 0.14832010582010582 0.36920138888888887 0.008849206349206362 0.008931051587301652
0 0.15575066137566135 0.35752480158730154 0.011035052910052912 0.005245535714285765
0 0.1216600529100529 0.3645734126984127 0.0053538359788359935 0.007046130952380913
0 0.12029431216931215 0.34957589285714286 0.010052910052910046 0.013276289682539754
0 0.1259755291005291 0.3336383928571428 0.010271164021164007 0.008767361111111071
0 0.1547123015873016 0.3218799603174603 0.009834656084656087 0.006391369047619033
0 0.16667658730158727 0.32253472222222224 0.011253306878306842 0.005736607142857153
0 0.15941137566137567 0.31188244047619046 0.018356481481481463 0.011473214285714305
0 0.1645271164021164 0.3144940476190476 0.011220238095238125 0.007750496031746046
0 0.14849867724867724 0.2968874007936507 0.01285714285714287 0.004367559523809561
0 0.16677579365079362 0.288172123015873 0.004553571428571423 0.005622519841269824
0 0.20700066137566137 0.30466269841269844 0.004970238095238067 0.009813988095238101
0 0.22377645502645505 0.2750868055555556 0.008991402116402132 0.010086805555555588
0 0.2351785714285714 0.2796378968253968 0.009722222222222262 0.009208829365079385
0 0.24807870370370372 0.27623759920634916 0.01213293650793652 0.011622023809523884
0 0.23349537037037038 0.2637946428571428 0.009576719576719602 0.008003472222222197
0 0.2734060846560846 0.2752777777777778 0.0125 0.005426587301587293
0 0.2867460317460317 0.2812549603174603 0.006577380952381044 0.0065228174603174875
0 0.21482142857142858 0.24346230158730156 0.005165343915343889 0.007224702380952408
0 0.22068121693121692 0.2385069444444444 0.010727513227513263 0.0043204365079365205
0 0.25256283068783064 0.23601190476190476 0.007149470899470837 0.008566468253968207
0 0.2729199735449735 0.23876984126984127 0.017480158730158703 0.0051388888888888925
0 0.2908465608465608 0.2496428571428571 0.008442460317460269 0.008566468253968207
0 0.32044312169312167 0.23567708333333331 0.01142195767195761 0.006257440476190456
0 0.2397982804232804 0.22696180555555556 0.008839285714285694 0.005213293650793638
0 0.288614417989418 0.20915922619047617 0.01191798941798936 0.011768353174603164
0 0.2994378306878307 0.2098685515873016 0.011719576719576708 0.008417658730158716
0 0.29189153439153437 0.1957142857142857 0.010727513227513204 0.005885416666666687
0 0.32953042328042326 0.21690724206349205 0.009136904761904792 0.007596726190476221
0 0.3418981481481482 0.2701909722222222 0.00952380952380949 0.00817956349206348
0 0.3941997354497354 0.26143601190476184 0.013055555555555523 0.005875496031746063
0 0.38175595238095233 0.294094742063492 0.009368386243386222 0.00875496031746037
0 0.29681878306878307 0.29766369047619046 0.011521164021163936 0.006912202380952337
0 0.4014186507936508 0.31016369047619047 0.011825396825396932 0.0067956349206349746
0 0.41958994708994707 0.3268526785714285 0.009477513227513158 0.006436011904761863
0 0.5229960317460317 0.5636582341269841 0.012473544973544885 0.010364583333333321
0 0.5872123015873015 0.5486160714285714 0.013482142857142776 0.007584325396825342
0 0.6033928571428572 0.4980530753968254 0.007417328042327872 0.006572420634920561
0 0.2421759259259259 0.6108333333333333 0.014583333333333275 0.008792162698412653
0 0.2361706349206349 0.5774875992063492 0.011722883597883597 0.013080357142857046
0 0.2395998677248677 0.5609771825396825 0.007433862433862437 0.009863591269841442
0 0.20793650793650792 0.5355109126984126 0.009292328042328001 0.011257440476190617
0 0.22298280423280423 0.48077876984126977 0.008184523809523784 0.016054067460317435
0 0.20844907407407406 0.46196924603174605 0.006822089947089971 0.009285714285714342
0 0.1938128306878307 0.43391369047619044 0.010284391534391505 0.007633928571428683
0 0.169781746031746 0.44213789682539684 0.011332671957671951 0.011175595238095148
0 0.15404100529100528 0.43434523809523806 0.00734457671957672 0.008028273809523867
0 0.16847222222222222 0.4300570436507936 0.009130291005291013 0.014087301587301582
0 0.17380621693121692 0.40551587301587294 0.011405423280423281 0.009067460317460353
0 0.24587962962962961 0.41528521825396825 0.010909391534391528 0.010910218253968118
0 0.2656216931216931 0.40870783730158733 0.00909060846560846 0.007499999999999929
0 0.24172288359788358 0.3827951388888889 0.010651455026455044 0.01159226190476188
0 0.24847552910052909 0.363360615079365 0.008832671957671975 0.007599206349206344
0 0.25036044973544974 0.3523536706349206 0.01286044973544976 0.008377976190476222
0 0.2607506613756614 0.35035714285714287 0.008961640211640188 0.00672123015873014
0 0.21827711640211642 0.34699652777777773 0.014675925925925941 0.007209821428571494
0 0.3166402116402116 0.32661954365079365 0.01002976190476185 0.007316468253968278
0 0.3192526455026455 0.3535168650793651 0.012777777777777761 0.009583333333333322
0 0.3799834656084656 0.35784474206349204 0.011954365079365085 0.007316468253968278
0 0.3702281746031746 0.3866989087301587 0.01882275132275133 0.005667162698412653
0 0.32515873015873015 0.4041666666666666 0.014702380952380996 0.01051091269841269
0 0.21470899470899468 0.745875496031746 0.0110383597883598 0.012368551587301546
0 0.2606349206349206 0.7408680555555555 0.009404761904761945 0.011140873015873076
0 0.23951058201058198 0.7269667658730159 0.006130952380952396 0.010119047619047628
0 0.25347883597883597 0.7294196428571429 0.00763227513227509 0.009506448412698454
0 0.2612466931216931 0.729265873015873 0.007903439153439192 0.010629960317460174