0 0.4619510582010582 0.012157738095238096 0.05699735449735452 0.017249503968253966
0 0.45431547619047613 0.06797619047619047 0.02377314814814812 0.022353670634920643
0 0.4103075396825397 0.0485391865079365 0.034322089947089886 0.015337301587301577
0 0.3984986772486772 0.06301587301587301 0.027080026455026385 0.01715525793650794
0 0.412827380952381 0.08438988095238095 0.022986111111111165 0.018033234126984144
0 0.3935383597883597 0.08073164682539682 0.028184523809523774 0.014801587301587293
0 0.6487632275132273 0.030525793650793647 0.03762896825396827 0.017120535714285713
0 0.6206580687830687 0.05616815476190475 0.04188161375661371 0.019995039682539677
0 0.6890674603174602 0.052978670634920635 0.032592592592592715 0.015977182539682545
0 0.6489186507936507 0.09461557539682539 0.034166666666666616 0.017772817460317458
0 0.5308333333333333 0.1248561507936508 0.04455687830687835 0.0168452380952381
0 0.33300264550264547 0.1014112103174603 0.02833994708994704 0.032542162698412716
0 0.2808068783068783 0.13111855158730157 0.020939153439153438 0.03173115079365081
0 0.30686507936507934 0.15072420634920636 0.017635582010582004 0.028435019841269858
0 0.3585879629629629 0.13324156746031746 0.04014880952380947 0.017085813492063506
0 0.4028306878306879 0.12987599206349204 0.03101851851851857 0.016257440476190467
0 0.42778439153439146 0.14162946428571427 0.0466038359788359 0.022051091269841283
0 0.44171957671957673 0.16749751984126984 0.03290674603174608 0.028918650793650746
0 0.3736243386243386 0.15881448412698412 0.0591997354497354 0.015094246031745983
0 0.3275694444444444 0.1761780753968254 0.025350529100529092 0.019119543650793647
0 0.30969907407407404 0.19112103174603173 0.025820105820105847 0.02893353174603175
0 0.24939814814814812 0.19490079365079366 0.04062169312169311 0.017594246031746065
0 0.6514384920634921 0.1790128968253968 0.035426587301587396 0.010617559523809517
0 0.5553174603174603 0.2003348214285714 0.018263888888888857 0.02374007936507938
0 0.48698412698412696 0.22301587301587303 0.021412037037037025 0.03131448412698408
0 0.47643518518518513 0.2896279761904762 0.034322089947089886 0.01022569444444441
0 0.704970238095238 0.24811507936507932 0.021256613756613755 0.0331001984126984
0 0.7222916666666667 0.20210565476190476 0.02440476190476204 0.01547371031746032
0 0.7426785714285714 0.22537450396825398 0.022671957671957916 0.01714037698412696
0 0.3932242063492063 0.2567385912698413 0.029126984126984112 0.024365079365079367
0 0.37259920634920635 0.26713045634920635 0.033535052910052814 0.01208581349206348
0 0.3679530423280423 0.2501810515873016 0.021412037037037025 0.02424355158730158
0 0.2978902116402116 0.25425099206349205 0.03243386243386238 0.016034226190476186
0 0.2578207671957672 0.26766617063492065 0.022830687830687837 0.03559275793650798
0 0.23089616402116403 0.31963541666666667 0.04833664021164026 0.016723710317460318
0 0.41085978835978837 0.3163293650793651 0.03762896825396827 0.029005456349206326
0 0.2931679894179894 0.3364087301587302 0.022986111111111047 0.02665426587301578
0 0.21775132275132275 0.35300595238095234 0.03211970899470901 0.020877976190476134
0 0.1966534391534391 0.3423735119047619 0.02645171957671959 0.01378472222222218
0 0.15028439153439152 0.32530753968253967 0.029758597883597856 0.02806547619047617
0 0.13658399470899468 0.2927579365079365 0.03700066137566136 0.019317956349206345
0 0.1264318783068783 0.3124255952380952 0.025820105820105816 0.018953373015872986
0 0.5472883597883598 0.3888715277777778 0.03747354497354506 0.014846230158730211
0 0.32465608465608464 0.45230902777777776 0.02928571428571421 0.03409226190476193
0 0.30544642857142856 0.4268526785714285 0.04250992063492068 0.024508928571428612
0 0.19302910052910055 0.45213045634920634 0.028025793650793673 0.027832341269841264
0 0.17090939153439155 0.44652033730158724 0.017476851851851844 0.024875992063492093
0 0.13572089947089946 0.37381696428571426 0.029285714285714314 0.029439484126984095
0 0.11462301587301588 0.3739360119047619 0.014801587301587293 0.02258928571428571
0 0.09494047619047619 0.3692708333333333 0.024560185185185192 0.03097222222222227
0 0.10737764550264549 0.4003273809523809 0.02739748677248679 0.02736111111111117
0 0.09399470899470899 0.4331125992063492 0.04660383597883599 0.020498511904761863
0 0.19106150793650792 0.499766865079365 0.030386904761904768 0.029813988095238032
0 0.24671957671957673 0.5011830357142857 0.030859788359788354 0.0184747023809523
0 0.35945105820105816 0.5320709325396825 0.019523809523809513 0.024754464285714307
0 0.2999371693121693 0.5961929563492063 0.025191798941798994 0.02073908730158731
0 0.45943121693121686 0.6378893849206348 0.01983796296296288 0.03564732142857139
0 0.539100529100529 0.6417857142857142 0.05321759259259249 0.022182539682539647
0 0.6735615079365079 0.6097668650793651 0.030545634920634987 0.03476934523809518
0 0.07360780423280423 0.5122718253968254 0.04487103174603175 0.04301339285714292
0 0.08935185185185185 0.5288045634920635 0.032275132275132276 0.024124503968254097
0 0.09155423280423279 0.5494171626984127 0.03416666666666665 0.026381448412698384
0 0.12556547619047617 0.554967757936508 0.016531084656084646 0.020949900793650934
0 0.14729166666666668 0.5602256944444444 0.026924603174603174 0.03028521825396826
0 0.10249669312169311 0.58484375 0.03967592592592594 0.03029513888888875
0 0.11643187830687829 0.5960739087301586 0.022199074074074066 0.027589285714285695
0 0.17303571428571426 0.595359623015873 0.03967592592592594 0.016351686507936593
0 0.16642195767195764 0.6149727182539683 0.04030753968253968 0.022876984126984114
0 0.08840608465608464 0.6468427579365079 0.021570767195767213 0.0311135912698413
0 0.15217261904761906 0.6786011904761904 0.04203703703703703 0.021418650793650684
0 0.12273148148148147 0.7080729166666666 0.0281845238095238 0.024861111111111
0 0.15697420634920636 0.7096081349206348 0.027711640211640187 0.025570436507936556
0 0.19822751322751322 0.6969122023809523 0.04597552910052911 0.03205853174603188
0 0.23247023809523806 0.6785912698412698 0.0325925925925926 0.03528025793650791
0 0.26750330687830687 0.7076537698412698 0.04597552910052907 0.014945436507936626
0 0.22444113756613757 0.7388343253968254 0.03290674603174602 0.02815724206349195
0 0.19397486772486774 0.7398487103174604 0.024246031746031703 0.03409226190476193
0 0.2695502645502645 0.7378323412698412 0.038733465608465543 0.02426091269841262
0 0.24049933862433862 0.7575049603174604 0.013382936507936509 0.023353174603174588
0 0.2242824074074074 0.7725595238095238 0.020310846560846585 0.016207837301587348
0 0.14067791005291005 0.7337624007936508 0.0325925925925926 0.020741567460317432
0 0.12611441798941797 0.7445114087301586 0.03023148148148147 0.01625992063492081
0 0.21176587301587302 0.7953050595238095 0.031488095238095266 0.023375496031745956
0 0.15791997354497356 0.7919766865079365 0.03211970899470901 0.01789930555555559
0 0.1354828042328042 0.7806349206349206 0.025350529100529092 0.01883928571428566
0 0.3021428571428571 0.86672123015873 0.023303571428571482 0.03513392857142854
0 0.34512566137566136 0.87421875 0.036841931216931204 0.018246527777777643
0 0.4983994708994709 0.7947172619047619 0.03920304232804241 0.020307539682539753
0 0.6136507936507936 0.6966170634920635 0.048022486772486654 0.02638888888888875
0 0.39125661375661375 0.6952008928571429 0.03148809523809521 0.024499007936507944
0 0.2937962962962963 0.8300620039682538 0.024877645502645505 0.013774801587301511
0 0.24892526455026454 0.9186532738095238 0.042195767195767134 0.025637400793650754
0 0.2788392857142857 0.9009871031746032 0.04534391534391533 0.015595238095238172
0 0.3122982804232804 0.916341765873016 0.030386904761904768 0.032123015873015956
0 0.3174933862433862 0.9404439484126984 0.05463293650793647 0.01608382936507944
0 0.30843915343915346 0.9569171626984125 0.04282407407407405 0.02536706349206348
0 0.34866732804232803 0.9930654761904762 0.02660714285714292 0.01386656746031747
0 0.38968253968253974 0.9606969246031746 0.025191798941798873 0.02725446428571452
0 0.359375 0.9014657738095238 0.014957010582010592 0.018422619047618837
0 0.4106216931216931 0.9098511904761905 0.01794973544973549 0.018663194444444288
0 0.40952050264550266 0.9433407738095237 0.014484126984127007 0.02069196428571445
0 0.4376256613756614 0.9242063492063493 0.025350529100529092 0.029657738095238174
0 0.433531746031746 0.8885317460317459 0.023144841269841145 0.02443948412698411
0 0.46006283068783066 0.9002777777777778 0.026137566137566164 0.021738591269841123
0 0.4470734126984127 0.9489781746031746 0.031646825396825305 0.01880952380952401
0 0.4230621693121693 0.9656299603174603 0.01511574074074081 0.025652281746031846
0 0.4112533068783069 0.9692931547619047 0.014801587301587323 0.02068948412698397
0 0.41644841269841265 0.9845882936507936 0.015744047619047664 0.026703869047619122
0 0.4471494708994709 0.9863020833333334 0.03621362433862447 0.0197346230158729
0 0.5247718253968254 0.956892361111111 0.05731150793650788 0.014789186507936591
0 0.6005820105820106 0.9589062499999998 0.03290674603174608 0.029387400793650896
0 0.6014484126984126 0.9224057539682539 0.017318121693121687 0.024878472222222215
0 0.5805092592592592 0.884955357142857 0.03400793650793664 0.019320436507936377
0 0.5990079365079365 0.8598611111111112 0.039520502645502616 0.021416170634920562
0 0.5653141534391535 0.9948363095238093 0.03133267195767194 0.010324900793650827
0 0.6872585978835979 0.9360515873015872 0.02204365079365071 0.04390376984127009
0 0.7329166666666667 0.9478000992063492 0.04408399470899482 0.01662450396825399
0 0.7474041005291006 0.9149652777777776 0.01511574074074081 0.021803075396825376
0 0.7757440476190476 0.921875 0.016375661375661585 0.020270337301587206
0 0.7744047619047619 0.8694816468253969 0.04140873015873036 0.024290674603174623
0 0.7894411375661375 0.992921626984127 0.02172619047619051 0.01239831349206355
0 0.7195337301587301 0.9921800595238095 0.029914021164021184 0.015639880952381092
0 0.841712962962963 0.9827058531746031 0.019209656084656027 0.01676339285714299
0 0.8773743386243386 0.9849503968253968 0.02440476190476204 0.018891369047619122
0 0.930515873015873 0.9863045634920635 0.05667989417989408 0.01028273809523803
0 0.9567294973544974 0.9633903769841268 0.037314814814814905 0.008878968253968366
0 0.9208300264550265 0.7234895833333332 0.01779100529100527 0.013184523809523795
0 0.7802314814814815 0.2772098214285714 0.018736772486772444 0.028700396825396803
0 0.7381150793650793 0.3069122023809524 0.027711640211640305 0.008993055555555607
0 0.8346296296296296 0.23881944444444442 0.04062169312169317 0.02985863095238095
0 0.9037466931216931 0.17172867063492062 0.018892195767195828 0.03738095238095238
0 0.9521626984126984 0.14225446428571428 0.029126984126983994 0.01976190476190478
0 0.9884259259259258 0.15265376984126983 0.023148148148148095 0.018601190476190466
0 0.986904761904762 0.1920411706349206 0.02618716931216909 0.011877480158730202
0 0.7888128306878307 0.06466765873015873 0.02833994708994704 0.013377976190476204
0 0.8159722222222221 0.046597222222222213 0.01968253968253985 0.02683283730158729
0 0.8129794973544973 0.013878968253968255 0.021570767195767122 0.025158730158730158
0 0.8278571428571428 0.008916170634920634 0.03211970899470913 0.017829861111111116
0 0.9115410052910052 0.008916170634920634 0.04581679894179894 0.017829861111111116
0 0.9749140211640211 0.05451140873015873 0.047863756613756435 0.021403769841269838