0 0.18573958333333335 0.6812109375000001 0.013520833333333352 0.012132812499999979
0 0.20416666666666666 0.6759453125 0.016968750000000022 0.0111328125
0 0.21998958333333332 0.6735234375 0.016343749999999997 0.006523437499999929
0 0.21329166666666666 0.6638124999999999 0.010604166666666673 0.011609374999999922
0 0.23015624999999998 0.692375 0.01026041666666669 0.013437500000000036
0 0.23755208333333336 0.7030703125 0.013218749999999998 0.00717187500000005
0 0.2783333333333333 0.70521875 0.012343750000000023 0.010953124999999985
0 0.30493750000000003 0.68865625 0.011302083333333357 0.010171874999999986
0 0.12597916666666667 0.5814296875 0.0036979166666666783 0.010039062499999928
0 0.13566666666666669 0.5851953125 0.009687500000000012 0.007523437500000086
0 0.1766875 0.574890625 0.009687500000000012 0.0138671875
0 0.18240625000000002 0.6049375 0.01303124999999999 0.012148437499999965
0 0.17466666666666666 0.623953125 0.014791666666666654 0.011882812500000029
0 0.17008333333333334 0.6372890625000001 0.010916666666666686 0.011359374999999972
0 0.15722916666666667 0.561625 0.009864583333333362 0.012414062500000078
0 0.20503125000000003 0.5498671875000001 0.010385416666666696 0.011882812500000029
0 0.119375 0.49314843750000004 0.01267708333333332 0.010695312500000043
0 0.15309375 0.47954687500000004 0.010385416666666696 0.009109375000000064
0 0.138125 0.4652265625 0.0125 0.006867187499999971
0 0.1775625 0.445609375 0.0125 0.009640624999999936
0 0.20071875 0.440265625 0.011270833333333325 0.009242187499999943
0 0.22308333333333333 0.46568750000000003 0.01303124999999999 0.015453124999999979
0 0.18253124999999998 0.4096796875 0.013874999999999993 0.009898437500000056
0 0.18692708333333333 0.3778359375 0.017927083333333312 0.005585937499999982
0 0.20655208333333333 0.36210156250000003 0.014552083333333361 0.006093749999999965
0 0.24833333333333335 0.3744140625 0.01285416666666664 0.010406250000000039
0 0.26339583333333333 0.3778359375 0.011166666666666695 0.0071015625000000245
0 0.24276041666666667 0.4523125 0.013197916666666682 0.008375000000000021
0 0.36489583333333336 0.43975 0.014552083333333361 0.010656250000000079
0 0.3155 0.5657421874999999 0.011166666666666695 0.014968750000000064
0 0.38333333333333336 0.5469609375 0.015562500000000057 0.009898437500000056
0 0.42342708333333334 0.588453125 0.011166666666666695 0.013195312500000079
0 0.47434375 0.5662499999999999 0.0128541666666667 0.011421874999999915
0 0.45184375 0.6430078124999999 0.01658333333333329 0.011164062499999971
0 0.3906041666666667 0.6634296875000001 0.014552083333333361 0.0063437499999999146
0 0.2738125 0.7241328125 0.019343750000000052 0.0080078125
0 0.3205 0.7302578125 0.011343749999999986 0.008757812500000028
0 0.3091666666666667 0.7563984375 0.020010416666666704 0.015007812500000028
0 0.34952083333333334 0.7400156250000001 0.02134375000000001 0.008757812500000028
0 0.37353125 0.7548984375 0.020010416666666704 0.017007812499999986
0 0.36703125000000003 0.7830390625 0.019010416666666665 0.00625
0 0.4255625 0.8095546875 0.016677083333333325 0.010757812499999986
0 0.43672916666666667 0.7844140625 0.015010416666666634 0.016507812500000087
0 0.45140625 0.7817890625 0.021677083333333277 0.008257812499999951
0 0.46107291666666667 0.792171875 0.01367708333333333 0.011007812499999936
0 0.47925 0.7781640624999999 0.023343749999999965 0.0080078125
0 0.49526041666666665 0.7576484375 0.01801041666666663 0.00900781249999998
0 0.48535416666666664 0.81665625 0.010447916666666638 0.0069453124999999
0 0.49412500000000004 0.7979609375 0.011041666666666691 0.00857031250000002
0 0.5171875 0.8138515625 0.01616666666666665 0.007835937500000157
0 0.5800625 0.7970703125 0.01853124999999996 0.009757812499999829
0 0.5643020833333333 0.7959609375 0.014583333333333334 0.011085937500000042
0 0.5959375 0.8179921875 0.019114583333333237 0.009609375000000142
0 0.60046875 0.7628515625000001 0.02109375 0.009609374999999965
0 0.5943541666666667 0.7540546875 0.018729166666666686 0.007984375000000021
0 0.6588125 0.771203125 0.01793750000000003 0.0050234375000000496
0 0.64925 0.8050546875 0.009458333333333258 0.010640624999999914
0 0.67625 0.7828828125 0.01616666666666665 0.007093749999999943
0 0.67821875 0.7909375 0.013010416666666675 0.01138281249999995
0 0.6881770833333333 0.7977421875 0.010447916666666638 0.006945312500000078
0 0.6972395833333334 0.7913828125 0.012020833333333295 0.01345312500000002
0 0.7065104166666667 0.7770390625 0.014781250000000056 0.00990625000000005
0 0.7138958333333334 0.75125 0.01221875000000002 0.012710937499999986
0 0.7312395833333334 0.7692109375 0.014187499999999886 0.006945312500000078
0 0.7669166666666667 0.7638125 0.011041666666666571 0.0109375
0 0.7682916666666666 0.7534609375 0.017343750000000095 0.008867187499999929
0 0.7306354166666666 0.6900234375000001 0.01662500000000004 0.008515625000000072
0 0.8081979166666666 0.7008203125 0.017645833333333392 0.010039062499999928
0 0.8456041666666666 0.7099453125 0.01135416666666676 0.013382812500000086
0 0.8276666666666667 0.6864453125 0.009937499999999962 0.00988281250000007
0 0.828875 0.6528359375 0.013177083333333428 0.011710937500000008
0 0.8301979166666666 0.6413515624999999 0.021895833333333316 0.00912500000000005
0 0.8579791666666666 0.6139765625 0.015010416666666752 0.011562499999999965
0 0.88475 0.621203125 0.015416666666666618 0.012320312499999986
0 0.8995625 0.602484375 0.007895833333333258 0.013296874999999986
0 0.91640625 0.59471875 0.009385416666666656 0.012742187499999957
0 0.8850416666666666 0.5709140625 0.010135416666666685 0.011398437499999936
0 0.8772916666666667 0.5715312499999999 0.006260416666666657 0.011953124999999964
0 0.8495 0.579015625 0.01295833333333339 0.006367187500000071
0 0.7485104166666667 0.5466640625 0.009354166666666686 0.013625000000000043
0 0.7727291666666667 0.516453125 0.009354166666666686 0.010179687499999979
0 0.8344791666666667 0.508609375 0.011739583333333314 0.012937499999999958
0 0.8618125 0.5284296875 0.009541666666666752 0.010460937500000078
0 0.89446875 0.53571875 0.009541666666666752 0.009359375000000014
0 0.8653125 0.477828125 0.008260416666666734 0.008773437500000014
0 0.8430520833333334 0.471890625 0.021572916666666705 0.00998437499999998
0 0.87746875 0.431796875 0.008718749999999886 0.011015624999999928
0 0.86209375 0.4154453125 0.008260416666666734 0.00929687500000007
0 0.8557916666666666 0.431453125 0.008031250000000038 0.010671875000000063
0 0.8318125 0.42353125 0.013312499999999972 0.012046875000000058
0 0.819875 0.433 0.009177083333333277 0.010328125000000021
0 0.8125312499999999 0.4459921875 0.012854166666666582 0.01015625
0 0.80690625 0.4002109375 0.010322916666666753 0.00912500000000005
0 0.7900416666666668 0.39857812500000006 0.012854166666666582 0.00998437499999998
0 0.7941770833333333 0.36691406249999997 0.013770833333333362 0.011703125000000014
0 0.8206770833333333 0.355125 0.009864583333333362 0.013593749999999983
0 0.7855729166666666 0.349875 0.011697916666666686 0.010671874999999975
0 0.7680208333333333 0.34084375 0.013770833333333362 0.01015625
0 0.7184479166666667 0.30453125000000003 0.012395833333333429 0.01015625
0 0.7080104166666668 0.31364843750000004 0.012624999999999886 0.01118750000000004
0 0.6656770833333333 0.3188125 0.015604166666666686 0.010843749999999996
0 0.6727916666666667 0.30539062499999997 0.010093750000000058 0.006367187499999982
0 0.6614270833333333 0.29850781249999997 0.008947916666666582 0.01015625
0 0.6461666666666667 0.2868046875 0.010093750000000058 0.0070546874999999785
0 0.646625 0.30340625 0.011927083333333382 0.0068828124999999575
0 0.6314895833333334 0.306078125 0.016062500000000077 0.009468750000000003
0 0.6069375 0.3063359375 0.016062500000000077 0.010328125000000021
0 0.593625 0.28250000000000003 0.012395833333333429 0.006710937500000025
0 0.5994791666666667 0.27053906250000004 0.014458333333333446 0.011359374999999972
0 0.6162291666666667 0.27053906250000004 0.015374999999999991 0.007914062499999996
0 0.610375 0.25212500000000004 0.013312499999999972 0.010328125000000021
0 0.6635000000000001 0.2652890625 0.014458333333333446 0.007742187499999975
0 0.5149374999999999 0.287875 0.027604166666666666 0.013898437499999972
0 0.5184791666666667 0.27175781250000003 0.018927083333333292 0.008875000000000011
0 0.5161145833333334 0.24529687500000003 0.022083333333333382 0.009164062500000014
0 0.4388333333333333 0.24617968750000002 0.02049999999999995 0.006804687500000029
0 0.41360416666666666 0.24765625 0.018135416666666633 0.008578125000000015
0 0.41703125 0.259671875 0.013020833333333334 0.005718750000000039
0 0.4064270833333333 0.29790625 0.013395833333333348 0.009210937499999971
0 0.40628125 0.31758593749999997 0.011447916666666676 0.0087890625
0 0.41521875 0.30670312499999997 0.00977083333333333 0.011726562499999992
0 0.34696875 0.27540624999999996 0.012281249999999962 0.012773437500000017
0 0.35115625 0.28650000000000003 0.017302083333333346 0.008999999999999985
0 0.34627083333333336 0.2963359375 0.019260416666666676 0.011515625000000007
0 0.3046770833333333 0.28921874999999997 0.013114583333333367 0.006906250000000025
0 0.3059375 0.29528906250000003 0.01842708333333339 0.004812499999999975
0 0.276625 0.2929921875 0.008937500000000043 0.011515625000000007
0 0.26866666666666666 0.2963359375 0.013114583333333367 0.009835937500000025
0 0.26866666666666666 0.30753906249999996 0.016468749999999942 0.010468749999999982
0 0.29226041666666663 0.30963281249999997 0.01395833333333331 0.009632812500000032
0 0.29351041666666666 0.32240625 0.018697916666666713 0.006703125000000032
0 0.30454166666666665 0.3318203125 0.012281249999999962 0.012140624999999971
0 0.27425 0.34114062500000003 0.011999999999999981 0.007328124999999996
0 0.3055104166666667 0.3475234375 0.012562499999999944 0.006703125000000032
0 0.2384895833333333 0.3107421875 0.0078125 0.006640625
0 0.23468750000000002 0.31710937499999997 0.010000000000000024 0.004531249999999964
0 0.229375 0.320703125 0.008333333333333333 0.009375
0 0.25635416666666666 0.3287109375 0.009166666666666679 0.007734374999999983
0 0.255 0.33902343749999997 0.01083333333333331 0.0067968750000000355
0 0.215625 0.34097656249999997 0.00625 0.012421874999999982
0 0.35714583333333333 0.35954687500000004 0.013010416666666675 0.004656250000000028
0 0.4724479166666667 0.40223437500000003 0.009458333333333376 0.008867187499999929
0 0.5295104166666667 0.35134375 0.016552083333333318 0.009531250000000036
0 0.5734166666666667 0.350125 0.011531249999999934 0.012859375000000029
0 0.5638020833333334 0.4104375 0.010052083333333428 0.012859375000000029