0 0.49111458333333335 0.22112500000000002 0.019239583333333362 0.010093749999999967
0 0.48153124999999997 0.2405625 0.024656249999999956 0.013054687500000028
0 0.4477083333333333 0.259515625 0.013906250000000024 0.007281250000000039
0 0.42223958333333333 0.249265625 0.02408333333333334 0.007382812500000035
0 0.42608333333333337 0.2546953125 0.012687499999999947 0.005406249999999968
0 0.3903125 0.2606953125 0.013583333333333296 0.007820312499999992
0 0.3736666666666667 0.25666406249999996 0.01584375000000004 0.007632812499999986
0 0.3673645833333333 0.2471171875 0.01616666666666665 0.009750000000000014
0 0.36655208333333333 0.2235546875 0.01778125000000005 0.009312499999999968
0 0.34101041666666665 0.2176796875 0.01842708333333339 0.013312499999999972
0 0.372375 0.2697578125 0.01584375000000004 0.007398437500000021
0 0.3890208333333333 0.280734375 0.008406250000000053 0.0060546875
0 0.29413541666666665 0.21515625 0.013906250000000024 0.005242187500000028
0 0.26466666666666666 0.2582421875 0.01705208333333334 0.008359375000000035
0 0.2539166666666667 0.24778125 0.011072916666666661 0.012296875000000007
0 0.2600208333333333 0.226890625 0.008406249999999994 0.009921875000000035
0 0.25319791666666663 0.22835156250000002 0.008489583333333309 0.010406250000000039
0 0.44616666666666666 0.280890625 0.018593750000000023 0.0087890625
0 0.4952708333333333 0.2621796875 0.013333333333333286 0.009218749999999965
0 0.44726041666666666 0.21109375 0.012364583333333339 0.006523437500000018
0 0.52259375 0.256453125 0.010427083333333325 0.005523437500000039
0 0.5805416666666667 0.258484375 0.02222916666666658 0.005710937499999957
0 0.59909375 0.25817968750000003 0.01341666666666678 0.009953125000000007
0 0.5832916666666667 0.266671875 0.010260416666666572 0.009945312500000015
0 0.5852708333333333 0.27815625 0.010343750000000066 0.010609375000000032
0 0.5394062500000001 0.2801328125 0.012364583333333219 0.012124999999999986
0 0.5354791666666666 0.2871640625 0.006468750000000038 0.009226562499999957
0 0.5381874999999999 0.302234375 0.00670833333333339 0.012171875000000032
0 0.492 0.2855546875 0.01584375000000004 0.007937499999999976
0 0.52921875 0.29565625 0.010104166666666714 0.005320312499999957
0 0.49846874999999996 0.283015625 0.006791666666666648 0.006374999999999975
0 0.5096979166666666 0.310875 0.01438541666666661 0.0076171875
0 0.48391666666666666 0.3066640625 0.013260416666666686 0.012453125000000042
0 0.47389583333333335 0.2968671875 0.013260416666666686 0.00923437500000004
0 0.5220625 0.3246953125 0.010666666666666677 0.013914062499999958
0 0.5758958333333334 0.32703125 0.012937500000000076 0.012273437500000029
0 0.6191041666666667 0.309453125 0.017864583333333427 0.00864843750000004
0 0.6427812500000001 0.2826171875 0.017375000000000067 0.008359375000000035
0 0.6429479166666667 0.29016406250000004 0.013822916666666648 0.010843749999999996
0 0.6620208333333333 0.301265625 0.011239583333333296 0.014109374999999957
0 0.6783854166666666 0.3126640625 0.01810416666666678 0.005859375
0 0.6705104166666668 0.31927343750000003 0.01204166666666661 0.010828125000000011
0 0.6391458333333334 0.3314609375 0.012531249999999971 0.014773437499999976
0 0.6763229166666667 0.3321953125 0.010104166666666714 0.012257812500000043
0 0.6978229166666666 0.34283593749999997 0.012364583333333219 0.014617187500000028
0 0.7110833333333333 0.35660156249999997 0.01171875 0.009281249999999996
0 0.6559583333333333 0.36242968750000004 0.010583333333333418 0.013648437500000022
0 0.5871770833333334 0.356875 0.02190624999999997 0.012609374999999989
0 0.519 0.3403203125 0.01552083333333331 0.01127343749999996
0 0.5526145833333334 0.368578125 0.014229166666666753 0.012242187499999968
0 0.58434375 0.3684921875 0.009614583333333352 0.008804687499999986
0 0.6045937499999999 0.37882812499999996 0.008895833333333296 0.011898437500000015
0 0.5522916666666667 0.384859375 0.010989583333333285 0.010023437500000032
0 0.5415833333333333 0.386140625 0.009781250000000104 0.013789062499999982
0 0.5240520833333333 0.3807734375 0.015114583333333324 0.015781250000000035
0 0.46908333333333335 0.3169140625 0.011885416666666633 0.010531250000000015
0 0.44059375 0.3068828125 0.020364583333333287 0.009250000000000026
0 0.32408333333333333 0.294296875 0.0128541666666667 0.01015625
0 0.2910625 0.302515625 0.012281249999999962 0.005367187500000004
0 0.30221875 0.32953125 0.021010416666666625 0.011507812500000015
0 0.23068750000000002 0.267859375 0.020041666666666676 0.008195312500000006
0 0.20235416666666667 0.2446796875 0.03176041666666667 0.009117187499999967
0 0.17378125000000003 0.260140625 0.018593750000000023 0.009734375000000028
0 0.16617708333333334 0.276359375 0.02085416666666665 0.008828124999999964
0 0.18182291666666667 0.2853046875 0.02109375 0.0066250000000000146
0 0.13328125 0.2870625 0.011958333333333323 0.012656250000000036
0 0.16077083333333334 0.30740625 0.020364583333333346 0.010304687500000043
0 0.18631250000000002 0.3156875 0.014552083333333361 0.016554687500000043
0 0.21321874999999998 0.294703125 0.017302083333333346 0.01096093749999998
0 0.23011458333333332 0.29015625 0.017458333333333322 0.007929687499999982
0 0.2529895833333333 0.29133593750000003 0.012124999999999986 0.015749999999999976
0 0.23933333333333331 0.305796875 0.023604166666666693 0.010125000000000028
0 0.23237500000000003 0.321140625 0.019395833333333338 0.008070312500000032
0 0.2630104166666667 0.331453125 0.0082395833333333 0.00928906249999999
0 0.32529166666666665 0.3317265625 0.01705208333333334 0.006804687500000029
0 0.23092708333333334 0.3442734375 0.01584374999999998 0.0064453125
0 0.20736458333333332 0.33630468750000003 0.018510416666666647 0.00928906249999999
0 0.30233333333333334 0.24616406249999997 0.01139583333333339 0.011484375000000036
0 0.17155208333333333 0.34567187499999996 0.014145833333333318 0.008023437499999985
0 0.189625 0.346765625 0.012770833333333323 0.010203124999999957
0 0.20975000000000002 0.3479453125 0.019395833333333338 0.008328124999999974
0 0.21452083333333333 0.3549140625 0.017947916666666685 0.008937500000000043
0 0.19003125 0.3610390625 0.020041666666666676 0.007851562499999964
0 0.08204166666666667 0.3508828125 0.019395833333333338 0.011179687499999957
0 0.111625 0.372625 0.008729166666666661 0.007976562500000029
0 0.15922916666666667 0.373234375 0.021822916666666654 0.014039062500000022
0 0.20182291666666666 0.37996093750000004 0.01584374999999998 0.012515624999999985
0 0.2196875 0.36746875 0.017302083333333346 0.008578125000000015
0 0.21375 0.3774140625 0.013822916666666648 0.010335937500000014
0 0.2655208333333333 0.35624218750000003 0.014552083333333361 0.00795312499999996
0 0.26721874999999995 0.3681875 0.009864583333333362 0.011234374999999996
0 0.25096875 0.36512500000000003 0.014552083333333361 0.006414062500000028
0 0.24785416666666665 0.369703125 0.012364583333333339 0.006351562499999996
0 0.22934374999999999 0.3848671875 0.013333333333333345 0.007000000000000029
0 0.19688541666666665 0.395265625 0.02287499999999998 0.006601562500000035
0 0.23571875 0.405203125 0.011135416666666665 0.006820312500000014
0 0.19604166666666664 0.40903124999999996 0.014885416666666687 0.00803124999999998
0 0.17094791666666667 0.40328125000000004 0.007947916666666662 0.011890625000000021
0 0.1545 0.3908203125 0.006187499999999998 0.009812499999999957
0 0.15419791666666666 0.3991484375 0.012666666666666692 0.007117187500000011
0 0.13089583333333332 0.39459374999999997 0.00987500000000002 0.010359374999999994
0 0.07932291666666667 0.3933203125 0.012093750000000014 0.008609374999999985
0 0.09276041666666666 0.4058359375 0.013489583333333322 0.0067968750000000355
0 0.07316666666666666 0.41870312500000006 0.01295833333333333 0.006492187499999957
0 0.07384375 0.41275781250000004 0.010885416666666654 0.006140624999999922
0 0.12311458333333333 0.42953125 0.014354166666666668 0.012570312499999936
0 0.17939583333333334 0.42207812499999997 0.01954166666666666 0.007062499999999972
0 0.21411458333333336 0.43339062500000003 0.011666666666666655 0.009562500000000007
0 0.19022916666666667 0.4364921875 0.009697916666666669 0.007445312499999979
0 0.2024895833333333 0.4473828125 0.011312500000000014 0.012390624999999923
0 0.17755208333333333 0.4434609375 0.006406249999999976 0.009289062500000079
0 0.151875 0.45639843750000003 0.020906249999999994 0.007781250000000029
0 0.10888541666666667 0.470265625 0.011666666666666655 0.008953125000000029
0 0.07501041666666668 0.459390625 0.010343750000000007 0.008140625000000058
0 0.05759375 0.4823515625 0.00902083333333333 0.009492187500000072
0 0.16346875 0.5026953125 0.012385416666666652 0.011531249999999993
0 0.18896875 0.5023359375 0.006760416666666676 0.009460937499999923
0 0.18326041666666668 0.495109375 0.007875000000000002 0.008437499999999964
0 0.12807291666666668 0.5225 0.010885416666666654 0.013820312500000043
0 0.10265624999999999 0.5356328125 0.008729166666666661 0.011085937500000042
0 0.09440625 0.5612734374999999 0.010562499999999985 0.009226562499999957
0 0.19282291666666668 0.527359375 0.006229166666666686 0.012804687500000078
0 0.381125 0.3151328125 0.017270833333333378 0.010531250000000015
0 0.36184375 0.3236015625 0.015583333333333371 0.008656250000000032
0 0.34870833333333334 0.333171875 0.010677083333333334 0.00809375000000001
0 0.3616354166666667 0.3411953125 0.009572916666666724 0.006914062500000017
0 0.42051041666666666 0.3226640625 0.008989583333333329 0.004585937500000003
0 0.42127083333333337 0.31865625 0.01633333333333328 0.0038671875000000355
0 0.47088541666666667 0.33410937500000004 0.011031250000000032 0.003593750000000018
0 0.46067708333333335 0.3432109375 0.013947916666666652 0.004640625000000042
0 0.3141979166666667 0.35164062500000004 0.007583333333333305 0.008281250000000018
0 0.3286979166666667 0.35255468749999996 0.01651041666666669 0.006515625000000025
0 0.3731875 0.3561484375 0.01680208333333333 0.009835937500000025
0 0.3842708333333333 0.3528671875 0.013302083333333315 0.008531249999999968
0 0.418 0.3587109375 0.013541666666666667 0.005156250000000018
0 0.44204166666666667 0.360328125 0.012135416666666643 0.006289062499999965
0 0.45128125 0.357875 0.012895833333333329 0.0059453125000000105
0 0.44428125 0.3528203125 0.010447916666666638 0.004515624999999979
0 0.4578541666666667 0.351203125 0.019020833333333324 0.006601562500000035
0 0.46879166666666666 0.37112500000000004 0.010562499999999985 0.0065703124999999755
0 0.45396875 0.368875 0.014531250000000048 0.008015624999999993
0 0.4382395833333333 0.3747578125 0.016218750000000053 0.005429687500000035
0 0.4465833333333334 0.38121875 0.014708333333333339 0.006085937499999972
0 0.4607708333333333 0.3863203125 0.013187499999999967 0.006828125000000007
0 0.47378125 0.3874375 0.014000000000000058 0.013351562500000025
0 0.3556875 0.3745 0.014468749999999985 0.009804687499999964
0 0.3191875 0.3588046875 0.015697916666666718 0.006859374999999978
0 0.3387604166666666 0.34587500000000004 0.020302083333333342 0.006804687500000029
0 0.3176979166666667 0.36953125 0.015750000000000004 0.011078124999999961
0 0.31259374999999995 0.381984375 0.01604166666666664 0.009890624999999976
0 0.29503125 0.39549218750000004 0.007989583333333291 0.010210937499999951
0 0.25028125 0.414640625 0.021531250000000016 0.0047499999999999435
0 0.23414583333333333 0.4147265625 0.01552083333333331 0.009085937500000085
0 0.21151041666666667 0.47634375 0.008749999999999977 0.011312500000000014
0 0.22230208333333332 0.47657812499999996 0.011666666666666655 0.0069765625000000496
0 0.21851041666666668 0.48294531249999995 0.009916666666666648 0.007859374999999957
0 0.250625 0.4670859375 0.010447916666666638 0.015109374999999935
0 0.27414583333333337 0.45660156250000006 0.018260416666666637 0.014710937499999943
0 0.27779166666666666 0.49328125 0.007114583333333376 0.011054687500000071
0 0.26962499999999995 0.5017031249999999 0.011781249999999943 0.006468749999999979
0 0.25246875 0.520046875 0.017854166666666654 0.014265624999999994
0 0.29616666666666663 0.452359375 0.012364583333333339 0.021109374999999986
0 0.3105833333333334 0.446078125 0.011322916666666672 0.009859374999999915
0 0.3310625 0.44382031250000004 0.011197916666666667 0.013664062500000008
0 0.35390625 0.4418125 0.016281249999999994 0.013140624999999951
0 0.3000833333333333 0.4714609375 0.011322916666666672 0.007632812499999986
0 0.2988854166666667 0.5008515625000001 0.013125000000000024 0.013507812499999971
0 0.31145833333333334 0.49853125 0.007937500000000005 0.013250000000000029
0 0.36341666666666667 0.48546875 0.010093750000000058 0.01205468750000005
0 0.36160416666666667 0.46397656249999997 0.008458333333333339 0.00845312499999995
0 0.3139375 0.5214296875 0.00869791666666669 0.010898437500000035
0 0.04848958333333333 0.5882968749999999 0.012718750000000008 0.01160156249999993
0 0.06015625 0.5932578125 0.015052083333333322 0.009539062500000028
0 0.06710416666666667 0.610421875 0.011666666666666655 0.012539062499999965
0 0.09385416666666666 0.6456484375 0.01090625 0.012539062499999965
0 0.14119791666666667 0.626765625 0.010499999999999983 0.01283593750000005
0 0.20509375 0.585609375 0.013416666666666662 0.016953125000000034
0 0.20164583333333336 0.614703125 0.012364583333333339 0.012789062499999915
0 0.16640625 0.6503125 0.011437500000000019 0.012671875000000022
0 0.17851041666666667 0.6757109375 0.00997916666666665 0.01489843749999995
0 0.22171875 0.6475625 0.00816666666666664 0.01724218749999995
0 0.21398958333333334 0.648328125 0.007291666666666667 0.013960937499999914
0 0.2358125 0.7063828125 0.01242708333333334 0.013226562500000049
0 0.20809375000000002 0.7178984374999999 0.013833333333333305 0.014375000000000072
0 0.16515625 0.7157734375 0.013364583333333317 0.0140625
0 0.10482291666666667 0.7195859375 0.006010416666666677 0.013804687500000056
0 0.07681249999999999 0.7269140625 0.015000000000000006 0.007898437499999921
0 0.07094791666666667 0.7072812500000001 0.008864583333333323 0.014585937500000057
0 0.08285416666666667 0.748703125 0.018666666666666654 0.012531249999999971
0 0.13954166666666667 0.743515625 0.01441666666666664 0.011343749999999986
0 0.12008333333333333 0.7564296875000001 0.018906250000000006 0.008289062499999921
0 0.14294791666666665 0.75940625 0.010499999999999983 0.014242187500000014
0 0.09601041666666667 0.7765 0.008229166666666673 0.012984374999999914
0 0.10791666666666666 0.7774140625 0.014645833333333335 0.012195312499999921
0 0.09641666666666666 0.7945781249999999 0.01779166666666665 0.009757812500000008
0 0.109375 0.7984218750000001 0.005781250000000012 0.010882812499999872
0 0.12710416666666666 0.8026640625000001 0.019427083333333338 0.007992187500000015
0 0.1396875 0.7879375 0.014708333333333339 0.013984375000000071
0 0.14869791666666668 0.7911953125 0.008927083333333327 0.011312500000000014
0 0.17585416666666667 0.800765625 0.013302083333333315 0.016000000000000014
0 0.13784375000000001 0.812359375 0.021291666666666664 0.015570312499999872
0 0.20409375000000002 0.78728125 0.018906249999999975 0.011789062499999937
0 0.17530208333333333 0.7445546875 0.011729166666666657 0.012117187499999993
0 0.21927083333333333 0.7401796875 0.009104166666666675 0.017367187500000013
0 0.2659166666666667 0.7171796875 0.011375000000000017 0.014687499999999964
0 0.25147916666666664 0.73628125 0.010499999999999983 0.006945312500000078
0 0.26941666666666664 0.741625 0.009041666666666615 0.01763281249999995
0 0.28858333333333336 0.742 0.01796875 0.0109375
0 0.2627395833333333 0.768546875 0.021822916666666654 0.016335937500000064
0 0.2632604166666666 0.7560234375 0.010270833333333347 0.008796874999999992
0 0.23309375000000002 0.7581953125 0.01925000000000002 0.011820312500000086
0 0.1963125 0.8051015625 0.006947916666666683 0.01417968750000007
0 0.20036458333333332 0.8150625 0.02404166666666665 0.010023437499999944
0 0.18026041666666667 0.8273984375 0.01569791666666666 0.004953125000000114
0 0.15304166666666666 0.8323671875 0.007822916666666657 0.010078125000000071
0 0.19618750000000001 0.847234375 0.00962500000000001 0.012234374999999886
0 0.18277083333333335 0.856640625 0.008458333333333339 0.00917187499999983
0 0.17332291666666666 0.858484375 0.0076458333333333075 0.011101562500000028
0 0.17667708333333335 0.8498828125 0.007937500000000005 0.0048359375000000425
0 0.19723958333333333 0.873625 0.014531249999999989 0.01112499999999983
0 0.21270833333333333 0.8628125000000001 0.010447916666666638 0.010875000000000056
0 0.23294791666666667 0.8628828125 0.020124999999999994 0.007203124999999843
0 0.24292708333333335 0.8520234375 0.010677083333333334 0.010000000000000142
0 0.2760729166666666 0.8280156249999999 0.006593750000000042 0.0096796874999999
0 0.2728645833333333 0.893546875 0.013833333333333305 0.007593749999999844
0 0.2808541666666667 0.875625 0.010322916666666633 0.01062499999999993
0 0.2740520833333333 0.8622734375000001 0.01668749999999998 0.005562499999999915
0 0.280125 0.8535625 0.009218750000000024 0.007492187500000113
0 0.2890833333333333 0.8497578125 0.011729166666666657 0.0054765625000001705
0 0.2825208333333334 0.8429296875000001 0.008406250000000053 0.007124999999999914
0 0.3224270833333333 0.841203125 0.0098020833333333 0.0067265625000001
0 0.32989583333333333 0.8488828125 0.008864583333333323 0.008531250000000056
0 0.31925000000000003 0.8790390625000001 0.010906250000000029 0.008460937499999942
0 0.35133333333333333 0.8874453125 0.007406250000000014 0.013015624999999887
0 0.36513541666666666 0.8862187499999999 0.010739583333333276 0.007062499999999972
0 0.3109895833333333 0.8208203125000001 0.007395833333333357 0.010398437499999958
0 0.30672916666666666 0.7953828125 0.009583333333333381 0.004593750000000086
0 0.3399270833333333 0.8041015625 0.009291666666666623 0.007281250000000128
0 0.36871875000000004 0.8252499999999999 0.014395833333333385 0.007007812499999844
0 0.37905208333333335 0.8465078125 0.010864583333333282 0.013679687500000171
0 0.4020208333333333 0.8444765625 0.008999999999999985 0.005453125000000014
0 0.39945833333333336 0.8623593749999999 0.010864583333333282 0.008445312499999958
0 0.41665625 0.8641875000000001 0.007072916666666628 0.010468750000000072
0 0.39984375 0.8737031249999999 0.011406250000000047 0.0054453124999998435
0 0.39158333333333334 0.8775546875 0.00838541666666662 0.008171875000000028
0 0.41381249999999997 0.8750546874999999 0.00838541666666662 0.009070312500000099
0 0.42103125 0.8829140625 0.007072916666666628 0.010210937500000128
0 0.42895833333333333 0.8847421875 0.00834374999999999 0.006359374999999901
0 0.45136458333333335 0.8758437499999999 0.010895833333333372 0.010218749999999943
0 0.470625 0.8594531249999999 0.010645833333333361 0.007195312500000028
0 0.493625 0.8556171875 0.00838541666666662 0.010546875
0 0.4944270833333333 0.8406640624999999 0.008968750000000015 0.008515625000000072
0 0.4642916666666667 0.8300625 0.014572916666666677 0.007828124999999986
0 0.43245833333333333 0.817796875 0.008854166666666666 0.0103515625
0 0.5036458333333333 0.7996718749999999 0.007291666666666667 0.010726562500000014
0 0.49228124999999995 0.8065078124999999 0.007874999999999943 0.007992187500000015
0 0.5368333333333334 0.807 0.01126041666666661 0.0067890625000000425
0 0.52703125 0.7814921874999999 0.015562500000000057 0.005789062500000064
0 0.5530625 0.75878125 0.007583333333333305 0.009015624999999972
0 0.5505833333333333 0.765765625 0.012541666666666628 0.004609375000000071
0 0.5599479166666667 0.7749375 0.016395833333333342 0.005671874999999993
0 0.5351354166666666 0.7653984375 0.013406249999999887 0.006414062500000028
0 0.5841145833333333 0.7877734375000001 0.00816666666666658 0.00814843750000005
0 0.5754270833333333 0.8022421874999999 0.005427083333333371 0.008210937500000171
0 0.6080729166666666 0.7918671875000001 0.00834374999999999 0.006867187499999971
0 0.5954999999999999 0.7994296875 0.007979166666666752 0.006406249999999858
0 0.58690625 0.795859375 0.006885416666666562 0.005007812500000064
0 0.5971458333333334 0.806015625 0.006229166666666686 0.006117187499999943
0 0.6184583333333333 0.7983359375 0.010166666666666657 0.006406250000000035
0 0.6199583333333333 0.8032031249999999 0.009364583333333343 0.006296874999999957
0 0.6287604166666667 0.8003281250000001 0.007437500000000105 0.0098515625000001
0 0.6191875 0.8154999999999999 0.004406250000000019 0.007945312500000056
0 0.6145312500000001 0.8173515625000001 0.005281249999999934 0.008624999999999971
0 0.5688645833333333 0.8275390625 0.006520833333333324 0.00741406249999983
0 0.5641041666666666 0.8272890625 0.007583333333333305 0.006374999999999886
0 0.5616458333333333 0.835984375 0.008124999999999953 0.007359375000000057
0 0.565125 0.8461796874999999 0.00933333333333337 0.005593749999999886
0 0.4782291666666667 0.8284375 0.005281250000000052 0.007734375000000071
0 0.50446875 0.8227499999999999 0.010020833333333338 0.008226562500000156
0 0.6442083333333334 0.787125 0.008604166666666658 0.011640625000000071
0 0.6326250000000001 0.7660312499999999 0.01573958333333323 0.004945312499999943
0 0.6226354166666667 0.7586953125 0.009479166666666572 0.006937500000000085
0 0.5700520833333333 0.7580078125 0.0056145833333334375 0.006117187499999943
0 0.56678125 0.7423046875 0.010385416666666696 0.00971093750000005
0 0.6412395833333334 0.74696875 0.007614583333333276 0.006124999999999936
0 0.6413125 0.741078125 0.011843749999999886 0.004781249999999915
0 0.6572916666666667 0.756359375 0.009406249999999972 0.004187499999999922
0 0.5911979166666667 0.7304453125 0.0038229166666667426 0.010484375000000056
0 0.581125 0.7265625 0.0057604166666666385 0.009093750000000077
0 0.5679895833333333 0.7262187499999999 0.006885416666666562 0.007585937500000028
0 0.5469791666666667 0.729265625 0.00831250000000002 0.008492187499999915
0 0.5207083333333333 0.7203515625 0.009989583333333366 0.004875000000000007
0 0.7023333333333334 0.7388828125 0.007437500000000105 0.01049218750000005
0 0.6958854166666666 0.7280546875 0.011302083333333239 0.004140624999999965
0 0.67696875 0.7304062499999999 0.006270833333333314 0.007750000000000057
0 0.68065625 0.7154921875 0.007510416666666704 0.0060781249999999785
0 0.6892916666666667 0.716625 0.0055416666666666 0.005335937499999943
0 0.69659375 0.717359375 0.008781250000000067 0.010132812500000022
0 0.7061979166666668 0.712375 0.013989583333333399 0.007499999999999929
0 0.70084375 0.695609375 0.006635416666666553 0.009781249999999986
0 0.7188125 0.6948046875 0.009187499999999934 0.006804687500000029
0 0.7281770833333333 0.679 0.010135416666666685 0.008000000000000007
0 0.6881458333333333 0.684265625 0.014031250000000028 0.00513281249999995
0 0.6653854166666666 0.6800312500000001 0.004958333333333324 0.013601562500000063
0 0.7070104166666666 0.659046875 0.011135416666666724 0.005312499999999965
0 0.67075 0.65340625 0.008885416666666639 0.007078124999999958
0 0.6599895833333334 0.6423593750000001 0.006864583333333248 0.008039062499999972
0 0.6758645833333333 0.6395078125 0.006864583333333248 0.010976562499999964
0 0.6150625000000001 0.6658515625 0.0050416666666665815 0.00873437500000005
0 0.5825312500000001 0.659671875 0.0069687500000000565 0.006179687500000064
0 0.5594895833333333 0.65571875 0.005937500000000048 0.007484374999999943
0 0.6058229166666667 0.6430546875 0.005656250000000067 0.008085937499999928
0 0.38792708333333337 0.7831406249999999 0.021656249999999964 0.01096093749999998
0 0.44937499999999997 0.7735078125 0.011427083333333362 0.00873437500000005
0 0.36428125 0.7655937500000001 0.016656250000000008 0.00954687500000002
0 0.3555 0.7792421875 0.015458333333333367 0.006140624999999922
0 0.3258229166666667 0.785828125 0.011593749999999995 0.010367187499999986
0 0.33358333333333334 0.7672343749999999 0.015177083333333386 0.00728124999999995
0 0.318125 0.7706484375 0.01836458333333333 0.007289062499999943
0 0.4010416666666667 0.720078125 0.009989583333333366 0.011828125000000078
0 0.4583125 0.7192265625 0.009604166666666695 0.010539062500000007
0 0.3424166666666667 0.6916171875 0.01452083333333339 0.008726562500000057
0 0.32986458333333335 0.7037734375 0.010593749999999957 0.020203124999999923
0 0.3203125 0.697875 0.010270833333333347 0.015437499999999993
0 0.30326041666666664 0.6920546875 0.010375000000000039 0.015804687500000015
0 0.3036979166666667 0.6694296875 0.010270833333333347 0.012781249999999921
0 0.3158958333333333 0.657171875 0.01126041666666661 0.011453125000000064
0 0.2937083333333333 0.666203125 0.00927083333333331 0.009632812499999944
0 0.28973958333333333 0.6398828125 0.02053125000000004 0.006265624999999986
0 0.46509375000000003 0.6875 0.017000000000000053 0.007789062500000022
0 0.48378125 0.68525 0.015510416666666653 0.007984375000000021
0 0.49644791666666666 0.66971875 0.013906250000000024 0.014187500000000065
0 0.4092708333333333 0.6488515625 0.014406250000000042 0.010531250000000015
0 0.38175000000000003 0.6454140625 0.0203125 0.006140624999999922
0 0.35685416666666664 0.628609375 0.011593749999999995 0.008554687500000036
0 0.3728854166666667 0.62715625 0.008781249999999947 0.008140625000000058
0 0.4452291666666667 0.6211875 0.008760416666666633 0.012414062500000078
0 0.4560208333333333 0.616109375 0.012531249999999971 0.012539062499999965
0 0.44879166666666664 0.6071875 0.01484375 0.007523437500000086
0 0.52228125 0.62609375 0.014020833333333371 0.01511718749999993
0 0.53840625 0.6277890625 0.010927083333333342 0.012710937499999986
0 0.6052708333333333 0.6286562499999999 0.007781250000000029 0.007000000000000029
0 0.6683333333333333 0.6067109375 0.009718749999999924 0.016101562499999923
0 0.6147916666666667 0.5843671875 0.015677083333333286 0.014101562499999965
0 0.7277083333333334 0.6259453125000001 0.012312499999999933 0.009445312499999936
0 0.7383333333333333 0.6309609375 0.0061770833333334 0.008703125000000079
0 0.7318125 0.61259375 0.00905208333333339 0.006328124999999929
0 0.73871875 0.6055703125 0.007395833333333239 0.006781250000000049
0 0.71175 0.577609375 0.012197916666666704 0.007156250000000064
0 0.7038020833333333 0.6074296875 0.008229166666666761 0.00717187500000005
0 0.6894479166666667 0.5724765625 0.005020833333333267 0.010132812500000022
0 0.7315416666666666 0.5783359375 0.008500000000000086 0.00736718750000005
0 0.73534375 0.5667578125 0.006406250000000095 0.00532812499999995
0 0.7383333333333333 0.5606953125 0.007062499999999972 0.006859374999999978
0 0.718125 0.555640625 0.012145833333333418 0.008343750000000049
0 0.41354166666666664 0.5868828125000001 0.011927083333333382 0.005835937500000022
0 0.38859375 0.5808984374999999 0.011041666666666691 0.0057187499999999504
0 0.3765625 0.570546875 0.01126041666666661 0.008351562500000043
0 0.35467708333333337 0.585109375 0.007677083333333338 0.009726562500000036
0 0.33132291666666663 0.589453125 0.013520833333333352 0.009320312500000049
0 0.30314583333333334 0.5927421875000001 0.01015625 0.0068749999999999645
0 0.27963541666666664 0.5729765625 0.012583333333333375 0.007820312499999992
0 0.2562291666666667 0.5953515625 0.01964583333333335 0.005804687500000049
0 0.22338541666666664 0.55596875 0.006843749999999993 0.01584374999999998
0 0.49115625 0.5509375000000001 0.014135416666666718 0.008039062499999972
0 0.47870833333333335 0.5347265625000001 0.015177083333333386 0.009976562499999985
0 0.5306979166666667 0.54553125 0.011093750000000095 0.010890625000000043
0 0.5321354166666666 0.5566953125 0.01705208333333322 0.005476562499999993
0 0.4199791666666667 0.5229609375 0.011760416666666629 0.010242187499999921
0 0.410125 0.5130390625000001 0.0066250000000000146 0.010617187499999936
0 0.430375 0.5072890625 0.010708333333333304 0.011367187499999964
0 0.41384375 0.49759374999999995 0.014072916666666657 0.010875000000000056
0 0.3911354166666667 0.511578125 0.00927083333333331 0.00756250000000005
0 0.40068750000000003 0.5290703125 0.013354166666666719 0.004234375000000057
0 0.45739583333333333 0.5610625 0.007895833333333376 0.011320312500000007
0 0.44133333333333336 0.472953125 0.015395833333333305 0.010890625000000043
0 0.47613541666666664 0.47660156249999996 0.010375000000000039 0.00857031250000002
0 0.49832291666666667 0.4696015625 0.01898958333333335 0.009726562500000036
0 0.5394479166666667 0.4471953125 0.012916666666666762 0.007757812500000049
0 0.5298229166666667 0.4607421875 0.009552083333333409 0.008562500000000028
0 0.5829791666666666 0.49036718749999997 0.009218749999999906 0.011257812500000065
0 0.63590625 0.5047109375 0.010437499999999982 0.004593750000000086
0 0.63046875 0.49311718750000005 0.00794791666666678 0.009554687500000015
0 0.67540625 0.5230546875 0.010375000000000039 0.0073359375000000785
0 0.7057604166666667 0.514296875 0.009822916666666733 0.009281250000000085
0 0.7265729166666667 0.5288515625 0.00905208333333339 0.007343750000000071
0 0.6855833333333333 0.5189921875 0.008885416666666639 0.007499999999999929
0 0.6947187499999999 0.49839062500000003 0.012031249999999953 0.005625000000000035
0 0.7114479166666666 0.49309375 0.00838541666666662 0.008273437499999935
0 0.72875 0.505265625 0.008552083333333372 0.007781250000000029
0 0.7391041666666667 0.49692187499999996 0.011593750000000114 0.006015625000000036
0 0.7307708333333333 0.4895703125 0.013906249999999905 0.006226562500000021
0 0.7310729166666667 0.478390625 0.007124999999999914 0.007851562499999964
0 0.7203854166666667 0.4841875 0.007281250000000009 0.0070546874999999785
0 0.6986458333333334 0.47232812500000004 0.009718749999999924 0.009375
0 0.6788854166666667 0.47963281249999995 0.007281250000000009 0.011992187499999928
0 0.6680104166666666 0.4698203125 0.012479166666666685 0.0064375000000000075
0 0.6551458333333334 0.4699453125 0.00838541666666662 0.009171875000000006
0 0.73209375 0.4444609375 0.0047499999999999435 0.010773437499999972
0 0.7227604166666667 0.44278125 0.007062499999999972 0.011140624999999993
0 0.7272604166666666 0.4333359375 0.007781250000000029 0.008820312499999972
0 0.7283958333333334 0.40658593749999994 0.007281250000000009 0.011617187499999914
0 0.6733333333333333 0.4207109375 0.009218749999999906 0.012539062499999965
0 0.6730833333333333 0.44315625000000003 0.015010416666666752 0.007750000000000057
0 0.6417291666666666 0.431203125 0.00838541666666662 0.012421875000000072
0 0.5961979166666667 0.42800000000000005 0.007281250000000009 0.008898437500000078
0 0.5899583333333334 0.432609375 0.011375000000000076 0.00795312500000005
0 0.5846250000000001 0.42356249999999995 0.005687500000000038 0.009078124999999914
0 0.5885520833333333 0.4132109375 0.0074479166666667615 0.008304687500000085
0 0.5709375 0.429296875 0.007010416666666686 0.009609374999999965
0 0.5604583333333333 0.4267578125 0.007343749999999953 0.006414062500000028
0 0.5553229166666667 0.41884375 0.012197916666666704 0.007976562500000029
0 0.5474791666666667 0.4121796875 0.010104166666666714 0.005406250000000057
0 0.5371875 0.4175 0.007395833333333239 0.009203124999999979
0 0.5086458333333334 0.42807812500000003 0.009937499999999962 0.009062499999999928
0 0.5103020833333333 0.40151562500000004 0.013250000000000029 0.008054687499999958
0 0.49642708333333335 0.40863281249999994 0.004802083333333347 0.008710937500000071
0 0.4916770833333333 0.40639843750000004 0.008552083333333372 0.008218749999999986
0 0.47238541666666667 0.40242187500000004 0.00916666666666662 0.007890624999999929
0 0.47382291666666665 0.40795312499999997 0.005624999999999976 0.008554687500000036
0 0.48301041666666666 0.43250781250000003 0.014406250000000042 0.0038437500000000568
0 0.4838125 0.42807812500000003 0.0066250000000000146 0.009062499999999928
0 0.49170833333333336 0.4440390625 0.008062500000000009 0.009937500000000021
0 0.47492708333333333 0.44174218749999994 0.01224999999999999 0.005007812500000064
0 0.4702604166666667 0.4498828125 0.009885416666666676 0.009023437499999964
0 0.4560208333333333 0.4435234375 0.010104166666666714 0.009320312500000049
0 0.46219791666666665 0.4552421875 0.010656250000000018 0.009476562500000086
0 0.441 0.454515625 0.008885416666666639 0.009679687500000079
0 0.41230208333333335 0.4377109375 0.010989583333333285 0.009687500000000071
0 0.40407291666666667 0.4414140625 0.013187499999999967 0.008984375
0 0.4122708333333333 0.45238281249999995 0.010593749999999957 0.007734375000000071
0 0.3993333333333334 0.45160156249999994 0.013854166666666619 0.008484374999999923
0 0.3884270833333333 0.440546875 0.012364583333333339 0.00998437499999998
0 0.4713333333333333 0.4205234375 0.007281250000000009 0.010507812500000036
0 0.49744791666666666 0.41789062499999996 0.013583333333333296 0.00814843750000005
0 0.49694791666666666 0.430734375 0.00905208333333339 0.010640624999999914
0 0.47009375000000003 0.43546874999999996 0.007010416666666686 0.006460937499999986
0 0.4326979166666666 0.403484375 0.0183229166666667 0.009132812500000042
0 0.43495833333333334 0.42280468750000005 0.012697916666666724 0.009265624999999921
0 0.42108333333333337 0.4218515625 0.012312500000000053 0.008195312500000006
0 0.4078333333333333 0.41590625000000003 0.010104166666666714 0.007484374999999943
0 0.4007604166666667 0.4242265625 0.011093749999999977 0.010054687499999914
0 0.44255208333333335 0.39352343749999996 0.010208333333333286 0.005406249999999968
0 0.42871875 0.38244531249999997 0.00905208333333339 0.0051484375000000245
0 0.41950000000000004 0.38244531249999997 0.011593749999999995 0.0051484375000000245
0 0.4219375 0.39132812499999997 0.01423958333333329 0.007312500000000011
0 0.39927083333333335 0.38957031249999996 0.01584375000000004 0.0044843750000000075
0 0.39557291666666666 0.3942265625 0.007343749999999953 0.008140624999999967
0 0.38964583333333336 0.39490625 0.0059583333333333615 0.010500000000000042
0 0.378875 0.400171875 0.005624999999999976 0.01244531250000005
0 0.37393750000000003 0.42348437499999997 0.010437499999999982 0.008562500000000028
0 0.34532291666666665 0.41425 0.008718750000000004 0.007484374999999943
0 0.3346666666666666 0.413875 0.010822916666666653 0.005687499999999979
0 0.34477083333333336 0.40573437500000004 0.01224999999999999 0.008296874999999915
0 0.33138541666666665 0.40466406250000003 0.013968749999999967 0.009421874999999958
0 0.3412604166666667 0.39681250000000007 0.006343750000000033 0.008218749999999986
0 0.3280416666666667 0.4252890625 0.008614583333333314 0.012585937499999922
0 0.3203125 0.41832812500000005 0.006843750000000052 0.0119140625
0 0.3219375 0.4103125 0.010208333333333286 0.007070312499999965
0 0.3096041666666667 0.41174218749999997 0.00838541666666662 0.011164062499999971
0 0.21823958333333332 0.6678124999999999 0.009354166666666686 0.011429687500000086
0 0.452 0.656953125 0.017510416666666608 0.006867187499999971