0 0.19183862433862434 0.290922619047619 0.011736111111111095 0.010729166666666679
0 0.17101190476190473 0.306500496031746 0.008310185185185226 0.01321180555555559
0 0.19162037037037036 0.30836309523809524 0.012089947089947076 0.006557539682539737
0 0.16355489417989416 0.323139880952381 0.011011904761904745 0.006964285714285712
0 0.17181216931216928 0.3218427579365079 0.010039682539682519 0.006153273809523796
0 0.18714285714285714 0.32734871031746027 0.015654761904761887 0.007611607142857135
0 0.1917824074074074 0.332936507936508 0.013277116402116403 0.006153273809523796
0 0.2098412698412698 0.31956349206349205 0.007622354497354481 0.004573412698412671
0 0.20012235449735447 0.33328373015873014 0.005869708994709022 0.0029737103174602986
0 0.20706018518518518 0.3279960317460317 0.011203703703703738 0.0077182539682539185
0 0.2245899470899471 0.34194444444444444 0.00937499999999994 0.008402777777777804
0 0.24730489417989418 0.3381994047619047 0.007698412698412701 0.007775297619047628
0 0.18179232804232803 0.34563244047619046 0.00929894179894178 0.006173115079365044
0 0.17298611111111112 0.3524330357142857 0.011663359788359766 0.006860119047619051
0 0.17012896825396825 0.3584375 0.010519179894179883 0.004459325396825431
0 0.18095238095238095 0.3563219246031746 0.005945767195767182 0.005488591269841336
0 0.19085978835978834 0.36029513888888887 0.00777447089947092 0.00463045634920638
0 0.1438690476190476 0.3645833333333333 0.011815476190476204 0.009660218253968188
0 0.15366402116402117 0.36718253968253967 0.00609788359788362 0.007775297619047628
0 0.14055555555555557 0.3716145833333333 0.007470238095238102 0.004060019841269824
0 0.1372387566137566 0.3803893849206349 0.009527116402116379 0.005944940476190386
0 0.14337632275132275 0.39308035714285716 0.0064021164021163795 0.006974206349206291
0 0.1684887566137566 0.37830109126984124 0.0110515873015873 0.006574900793650862
0 0.16094246031746032 0.3867063492063492 0.0064781746031745985 0.006917162698412671
0 0.18087632275132273 0.3786458333333333 0.010671296296296262 0.005203373015873059
0 0.10814484126984127 0.39431299603174597 0.011534391534391524 0.008358134920634886
0 0.13425595238095236 0.4072395833333333 0.0095899470899471 0.00505456349206348
0 0.14462301587301588 0.4049057539682539 0.008812830687830698 0.009330357142857081
0 0.14760251322751325 0.4367857142857142 0.013994708994709034 0.009330357142857081
0 0.11339285714285713 0.43834077380952385 0.011405423280423281 0.007968750000000035
0 0.12609126984126984 0.4466989087301587 0.008293650793650808 0.011664186507936592
0 0.11384589947089946 0.444171626984127 0.009976851851851827 0.006220238095237996
0 0.08857473544973546 0.4577306547619047 0.009718915343915342 0.010205853174603163
0 0.09764550264550262 0.470657242063492 0.011015211640211634 0.00865079365079371
0 0.1122255291005291 0.46677083333333325 0.009332010582010586 0.0059275793650794386
0 0.1426785714285714 0.48582093253968245 0.011921296296296251 0.006706349206349138
0 0.09868386243386243 0.5021478174603174 0.00842261904761905 0.008454861111111179
0 0.11384589947089946 0.5241617063492063 0.01256944444444444 0.007968750000000035
0 0.1303042328042328 0.5295089285714285 0.0073875661375661485 0.009330357142857081
0 0.16218253968253968 0.518720238095238 0.00894179894179891 0.007968750000000035
0 0.12116732804232803 0.5531746031746032 0.007516534391534406 0.00904017857142847
0 0.12933201058201058 0.566297123015873 0.009332010582010586 0.00904017857142847
0 0.1095701058201058 0.5777157738095238 0.006610449735449731 0.0054439484126984185
0 0.16542328042328042 0.5701835317460318 0.009718915343915372 0.013315972222222073
0 0.19898809523809521 0.5652752976190476 0.00712632275132273 0.00971974206349202
0 0.20553240740740739 0.5596378968253968 0.015033068783068811 0.007775297619047628
0 0.23456018518518515 0.5591517857142857 0.010886243386243421 0.009136904761904851
0 0.2687070105820106 0.5999727182539683 0.012053571428571441 0.00952380952380949
0 0.2968287037037037 0.6057068452380953 0.009460978835978769 0.007775297619047628
0 0.2282738095238095 0.6142609126984127 0.00661044973544976 0.009136904761904851
0 0.26345899470899475 0.6474032738095238 0.01010912698412699 0.00991319444444443
0 0.2785548941798942 0.6565401785714285 0.01801256613756609 0.007775297619047628
0 0.25114748677248677 0.6656770833333334 0.01010912698412696 0.013412698412698454
0 0.2337169312169312 0.649250992063492 0.007645502645502589 0.007192460317460281
0 0.2284689153439153 0.6615947420634921 0.010625000000000048 0.007775297619047628
0 0.24473214285714287 0.6842881944444444 0.01075727513227515 0.008067956349206363
0 0.2326157407407407 0.683655753968254 0.012959656084656086 0.006220238095237996
0 0.24019510582010584 0.6769494047619047 0.005314153439153439 0.00680307539682552
0 0.2026785714285714 0.6445362103174602 0.005185185185185226 0.00865079365079371
0 0.16710648148148147 0.6380729166666667 0.00712632275132273 0.007192460317460281
0 0.19645833333333332 0.6746676587301588 0.008035714285714294 0.005151289682539861
0 0.19892195767195764 0.702172619047619 0.009070767195767241 0.014288194444444357
0 0.22399801587301585 0.7026091269841269 0.005314153439153439 0.007775297619047628
0 0.22833994708994707 0.6971180555555556 0.008293650793650778 0.009427083333333464
0 0.1770866402116402 0.6679117063492063 0.008683862433862426 0.010302579365079367
0 0.1766964285714286 0.6804489087301587 0.006349206349206386 0.0139955357142858
0 0.17689153439153438 0.6891964285714286 0.008551587301587263 0.007775297619047628
0 0.16037037037037036 0.6736954365079365 0.008164682539682565 0.009623015873015995
0 0.18196759259259257 0.6167162698412698 0.012410714285714282 0.014340277777777643
0 0.1591732804232804 0.6037748015873016 0.011286375661375676 0.010932539682539577
0 0.1271957671957672 0.5995436507936508 0.009404761904761916 0.0222172619047619
0 0.13354497354497352 0.616736111111111 0.012225529100529113 0.007581845238095219
0 0.23487764550264548 0.7203149801587301 0.009586640211640211 0.010372023809523689
0 0.24203042328042326 0.7219642857142856 0.01351521164021161 0.007780257936507873
0 0.25224537037037037 0.7212574404761904 0.013829365079365037 0.007073412698412796
0 0.2469808201058201 0.7444196428571428 0.006130952380952396 0.010726686507936557
0 0.27519179894179896 0.7239087301587301 0.012258597883597844 0.013792162698412547
0 0.2707903439153439 0.7526686507936508 0.016660052910052917 0.0062475198412697
0 0.3016732804232804 0.7704191468253968 0.008167989417989456 0.006889880952380878
0 0.30856481481481485 0.7696527777777777 0.008472222222222214 0.004134424603174658
0 0.31851851851851853 0.7677777777777777 0.012251984126984064 0.005741567460317398
0 0.3208664021164021 0.7662078373015873 0.007556216931216871 0.008576388888888786
0 0.33153439153439146 0.7580530753968253 0.009494047619047662 0.008653273809523831
0 0.32295965608465604 0.7417832341269841 0.010515873015872994 0.006277281746031882
0 0.32750330687830687 0.7345089285714285 0.006124338624338676 0.005818452380952443
0 0.32025462962962964 0.7286904761904761 0.012046957671957632 0.004747023809523831
0 0.3501157407407407 0.7371502976190476 0.009494047619047662 0.006202876984126959
0 0.33368055555555554 0.742624007936508 0.006838624338624418 0.005972222222222179
0 0.35910052910052914 0.7434672619047619 0.009904100529100528 0.007502480158730229
0 0.3676256613756614 0.7353125 0.0118419312169312 0.006815476190476133
0 0.3648181216931217 0.7604265873015873 0.010720899470899544 0.005895337301587489
0 0.3311772486772487 0.7793005952380951 0.005105820105820177 0.0038293650793649547
0 0.3856944444444444 0.7739037698412699 0.010413359788359718 0.006507936507936485
0 0.3864087301587301 0.7670882936507937 0.009186507936507956 0.004365079365079438
0 0.39728174603174604 0.758092757936508 0.01868386243386245 0.007810019841269699
0 0.3936574074074074 0.786765873015873 0.010413359788359718 0.005895337301587489
0 0.39039021164021165 0.7988244047619047 0.00959656084656082 0.009035218253968403
0 0.4049371693121693 0.802576884920635 0.006226851851851833 0.007810019841269789
0 0.4316865079365079 0.7863070436507936 0.006431878306878265 0.004670138888888786
0 0.4528174603174603 0.7877232142857142 0.010515873015873112 0.008576388888888786
0 0.4644047619047618 0.7940773809523809 0.00857473544973537 0.00842261904761905
0 0.45833002645502646 0.7966815476190476 0.009087301587301628 0.0067385912698413545
0 0.43760582010582005 0.8044543650793651 0.009699074074074094 0.006202876984126959
0 0.44832671957671955 0.8074404761904761 0.010922619047619146 0.007274305555555571
0 0.46940806878306873 0.8142162698412697 0.012658730158730218 0.00842261904761905
0 0.4684391534391534 0.8062524801587301 0.011127645502645578 0.007810019841269877
0 0.47338955026455026 0.7981374007936508 0.00959656084656082 0.007043650793650791
0 0.4971263227513227 0.8015823412698412 0.009699074074074094 0.005359623015872917
0 0.5415079365079365 0.8098263888888887 0.010393518518518382 0.006235119047619264
0 0.5399503968253968 0.7958928571428571 0.00857473544973549 0.008184523809523725
0 0.5590476190476189 0.7984747023809523 0.012473544973544885 0.0051636904761904745
0 0.5633994708994708 0.8096329365079364 0.01052248677248689 0.009744543650793603
0 0.5785350529100529 0.8090972222222221 0.010654761904761756 0.004580853174603305
0 0.5877612433862434 0.8035912698412698 0.009355158730158781 0.0070163690476189085
0 0.5949074074074073 0.8060763888888888 0.011173941798941675 0.004580853174603305
0 0.5339285714285714 0.7789310515873016 0.008035714285714353 0.008578869047619087
0 0.5344708994708995 0.7727008928571428 0.020565476190476238 0.005925099206349316
0 0.4893948412698413 0.7788789682539682 0.015390211640211622 0.009702380952380985
0 0.49075727513227513 0.7660094246031746 0.007490079365079438 0.009908234126984005
0 0.4434292328042328 0.7540600198412697 0.008442460317460387 0.01215525793650798
0 0.4706679894179894 0.7348561507936509 0.010896164021163912 0.009089781746031634
0 0.42790343915343915 0.7355208333333333 0.014980158730158758 0.007353670634920562
0 0.4126521164021163 0.7321502976190477 0.0095337301587301 0.007966269841269736
0 0.39426587301587296 0.7332217261904761 0.010621693121693098 0.00480158730158724
0 0.4330787037037037 0.7257142857142856 0.009259259259259285 0.006128472222222214
0 0.3612400793650794 0.7174429563492063 0.014844576719576707 0.006331845238095113
0 0.3298478835978836 0.703296130952381 0.007354497354497388 0.007864583333333286
0 0.30472222222222217 0.7096800595238094 0.00966931216931215 0.008784722222222286
0 0.3114021164021164 0.6272891865079365 0.016292989417989408 0.007981150793650827
0 0.33209656084656086 0.6595610119047619 0.010115740740740738 0.006108630952381055
0 0.37676917989417985 0.6514806547619048 0.00880291005290997 0.00749007936507926
0 0.41428240740740735 0.6731622023809524 0.01103835978835986 0.006701388888889071
0 0.4023280423280423 0.678531746031746 0.010773809523809538 0.004630456349206291
0 0.4767625661375661 0.6718303571428572 0.017476851851851785 0.008968253968253848
0 0.5134854497354497 0.6667063492063491 0.005519179894179871 0.009756944444444393
0 0.5414715608465609 0.6626661706349206 0.011299603174603117 0.0040401785714285765
0 0.648885582010582 0.720530753968254 0.010271164021164007 0.010979662698412796
0 0.6614517195767196 0.7282341269841269 0.024474206349206423 0.012291666666666678
0 0.6047453703703703 0.7333978174603174 0.012457010582010496 0.008849206349206362
0 0.6287830687830688 0.742001488095238 0.016825396825396886 0.004751984126984077
0 0.5436706349206349 0.7373313492063491 0.010052910052910136 0.011143353174603198
0 0.5123115079365079 0.7442956349206349 0.008521825396825378 0.011307043650793602
0 0.5444345238095238 0.7592088293650794 0.015952380952380926 0.008358134920634797
0 0.5658498677248678 0.7793675595238094 0.012893518518518476 0.008358134920634797
0 0.6347916666666666 0.7884623015873016 0.012675264550264605 0.00491567460317448
0 0.674778439153439 0.7805133928571428 0.011362433862433836 0.010652281746031634
0 0.7018749999999999 0.775515873015873 0.018356481481481522 0.007209821428571317
0 0.765135582010582 0.7544568452380951 0.018574735449735393 0.00737599206349202
0 0.7243816137566138 0.7521626984126983 0.014857804232804266 0.004751984126984077
0 0.7157506613756613 0.737986111111111 0.011580687830687945 0.007209821428571317
0 0.7350892857142857 0.7410987103174603 0.00699404761904745 0.011143353174603198
0 0.7542096560846561 0.7381498015873015 0.012893518518518476 0.007539682539682424
0 0.7982407407407408 0.7365104166666667 0.013548280423280564 0.00688244047619051
0 0.7987863756613757 0.7234002976190476 0.008521825396825496 0.009176587301587347
0 0.72864417989418 0.7124181547619047 0.009834656084656028 0.014094742063492127
0 0.7042791005291005 0.6940649801587301 0.013548280423280564 0.008521825396825378
0 0.827850529100529 0.6997172619047619 0.011144179894179729 0.00868551587301596
0 0.8226058201058201 0.6711185515873015 0.015515873015872947 0.009506448412698454
0 0.8590972222222221 0.6376860119047618 0.009834656084656028 0.00491567460317448
0 0.8655456349206347 0.6410466269841268 0.010925925925925858 0.009342757936507873
0 0.8468617724867724 0.6253124999999999 0.011580687830687945 0.005736607142857153
0 0.8715542328042327 0.6289186507936508 0.008958333333333476 0.009997519841270019
0 0.8629232804232804 0.6125297619047618 0.013548280423280564 0.004097222222222285
0 0.896574074074074 0.6136780753968253 0.011362433862433836 0.00868551587301596
0 0.8841203703703703 0.6013864087301587 0.008740079365079367 0.011307043650793602
0 0.8932969576719576 0.5875372023809523 0.013111772486772347 0.008194444444444393
0 0.822496693121693 0.5939285714285714 0.007867063492063408 0.009176587301587347
0 0.7853505291005292 0.5754092261904762 0.009176587301587347 0.005245535714285587
0 0.8433664021164021 0.5419766865079365 0.012457010582010496 0.011143353174603198
0 0.8766898148148149 0.5319791666666667 0.014857804232804266 0.005572916666666749
0 0.8934060846560846 0.5442708333333333 0.012017195767195924 0.005900297619047557
0 0.8951554232804232 0.5400917658730159 0.007648809523809538 0.0077033730158731824
0 0.89635582010582 0.5325520833333333 0.00699404761904745 0.009997519841270019
0 0.9085912698412698 0.5293576388888888 0.010052910052909899 0.011473214285714305
0 0.9331746031746031 0.5339459325396825 0.012457010582010496 0.01048859126984123
0 0.9198478835978835 0.5530233134920635 0.008406084656084781 0.006498015873015817
0 0.9157076719576718 0.5607341269841271 0.008406084656084781 0.006984126984126959
0 0.934074074074074 0.5697073412698412 0.012804232804232877 0.006111111111111178
0 0.9464814814814814 0.5040500992063491 0.009338624338624157 0.006316964285714199
0 0.8877876984126983 0.4802901785714285 0.015747354497354375 0.00576884920634928
0 0.23203703703703701 0.2505704365079365 0.009265873015873005 0.005634920634920615
0 0.24556216931216931 0.24568700396825394 0.010267857142857117 0.006760912698412724
0 0.2587103174603175 0.2349801587301587 0.0070138888888889046 0.007137896825396783
0 0.26958002645502643 0.23958085317460318 0.0069444444444444345 0.008529265873015923
0 0.274130291005291 0.22404761904761905 0.0112533068783069 0.011582341269841302
0 0.2822255291005291 0.22764632936507936 0.00595568783068785 0.008608630952381003
0 0.28501984126984126 0.23167410714285713 0.00552579365079365 0.007274305555555571
0 0.29751322751322745 0.21797867063492063 0.00595568783068785 0.007780257936507873
0 0.3063525132275132 0.2178844246031746 0.012460317460317446 0.005478670634920579
0 0.37060185185185185 0.20198164682539682 0.006775793650793578 0.008789682539682531
0 0.38285714285714284 0.1877876984126984 0.00849537037037038 0.011210317460317486
0 0.3953306878306878 0.18339037698412697 0.013012566137566139 0.006773313492063471
0 0.39780423280423277 0.18633432539682537 0.011934523809523867 0.005565476190476204
0 0.40732142857142856 0.18730406746031747 0.011828703703703643 0.004112103174603155
0 0.3865674603174603 0.20331101190476192 0.012043650793650803 0.005322420634920633
0 0.38758928571428564 0.20718253968253966 0.01279761904761898 0.004677579365079332
0 0.3809226190476191 0.2114161706349206 0.019894179894179822 0.0057266865079364845
0 0.4113525132275132 0.20855406746031746 0.00806547619047618 0.004677579365079332
0 0.43060185185185185 0.19786706349206346 0.010644841269841266 0.005081845238095228
0 0.4445800264550265 0.20875496031746033 0.005912698412698466 0.008789682539682531
0 0.44366732804232806 0.19105406746031744 0.011828703703703643 0.005322420634920633
0 0.41323743386243383 0.18165674603174603 0.010109126984127078 0.00621031746031746
0 0.41748346560846555 0.18218253968253967 0.00849537037037038 0.004516369047619051
0 0.4279133597883598 0.17367311507936506 0.013872354497354421 0.005565476190476204
0 0.45861441798941793 0.1735515873015873 0.017420634920634843 0.005967261904761889
0 0.45065476190476184 0.18649553571428573 0.011613756613756602 0.0057266865079364845
0 0.47651785714285716 0.1993204365079365 0.014087301587301582 0.004112103174603176
0 0.508614417989418 0.18697916666666664 0.02085978835978833 0.007338789682539648
0 0.5103902116402116 0.16520585317460318 0.009785052910052983 0.005565476190476204
0 0.5235085978835978 0.1716170634920635 0.009355158730158663 0.005644841269841283
0 0.5368948412698412 0.17048859126984126 0.014408068783068788 0.005967261904761889
0 0.5244742063492063 0.1809722222222222 0.01236441798941795 0.00661210317460319
0 0.5381316137566137 0.19089285714285714 0.009570105820105822 0.008387896825396802
0 0.5489914021164021 0.18270585317460314 0.011289682539682388 0.007016369047619042
0 0.43521164021164016 0.18654017857142854 0.012466931216931106 0.006785714285714261
0 0.5314021164021163 0.2181795634920635 0.015284391534391458 0.005200892857142847
0 0.50192791005291 0.21904761904761907 0.01104497354497352 0.00828373015873014
0 0.5174041005291005 0.22603174603174603 0.012972883597883586 0.004913194444444447
0 0.5463657407407407 0.23595238095238097 0.012331349206349292 0.014352678571428523
0 0.5771891534391534 0.21755456349206348 0.013101851851851858 0.0062624007936507905
0 0.5890046296296296 0.22082837301587302 0.015155423280423245 0.00703125
0 0.5946560846560847 0.20724702380952378 0.011044973544973639 0.005875496031746063
0 0.5947949735449735 0.1881175595238095 0.011279761904761898 0.005510912698412707
0 0.6294907407407406 0.1888219246031746 0.012989417989417973 0.008459821428571424
0 0.6648710317460317 0.19253968253968254 0.008544973544973545 0.005639880952380949
0 0.6236805555555556 0.24724950396825393 0.008455687830687945 0.008772321428571405
0 0.700406746031746 0.24069692460317457 0.010849867724867816 0.006445932539682531
0 0.7053406084656083 0.23208333333333334 0.01366732804232811 0.01014632936507942
0 0.7092857142857143 0.22680059523809523 0.013951719576719531 0.008665674603174623
0 0.7273214285714286 0.209047619047619 0.010003306878306972 0.0063318452380952015
0 0.7388657407407406 0.223546626984127 0.006679894179894082 0.013229166666666625
0 0.7527347883597884 0.22296875 0.011130952380952408 0.011046626984126996
0 0.7462268518518518 0.2392162698412698 0.010446428571428612 0.008348214285714306
0 0.7399768518518518 0.24660218253968252 0.009933862433862354 0.008990575396825396
0 0.7380092592592592 0.2554637896825397 0.012843915343915314 0.005394345238095255
0 0.7369808201058201 0.2634275793650794 0.0125 0.006934523809523796
0 0.7410912698412698 0.27222470238095237 0.010446428571428612 0.016825396825396854
0 0.7118915343915345 0.2672172619047619 0.011987433862433979 0.013229166666666714
0 0.7956349206349206 0.26811507936507933 0.008905423280423482 0.009375000000000088
0 0.7842460317460317 0.257390873015873 0.007364417989418115 0.0079637896825397
0 0.6669246031746031 0.287594246031746 0.007731481481481476 0.014104662698412707
0 0.7962797619047618 0.29253224206349204 0.008984788359788354 0.011440972222222267
0 0.7869775132275133 0.3197222222222222 0.008359788359788211 0.014732142857142883
0 0.8196825396825396 0.31047619047619046 0.007731481481481476 0.010344742063492073
0 0.8281448412698412 0.33257440476190475 0.009193121693121734 0.01222470238095239
0 0.8492526455026453 0.34636656746031746 0.012539682539682673 0.005642361111111072
0 0.860433201058201 0.3254439484126984 0.007731481481481476 0.007053571428571459
0 0.8839120370370369 0.3215376984126984 0.01301587301587285 0.0067658730158730584
0 0.8665343915343916 0.33368551587301587 0.00754298941798955 0.008874007936507944
0 0.8833201058201058 0.34810763888888885 0.007986111111110953 0.01286706349206348
0 0.9084656084656083 0.37084821428571424 0.014199735449735348 0.006877480158730176
0 0.8883267195767196 0.39257688492063486 0.00907076719576736 0.008028273809523779
0 0.8350859788359788 0.4085639880952381 0.006712962962963095 0.012244543650793638
0 0.8028869047619047 0.42373263888888885 0.008343253968253824 0.009387400793650792
0 0.884699074074074 0.42067212301587303 0.00580357142857153 0.008978174603174516
0 0.9155357142857141 0.4570659722222222 0.00979497354497359 0.021088789682539754
0 0.9307738095238095 0.430672123015873 0.013422619047619122 0.007482638888888893
0 0.9387566137566137 0.4340054563492063 0.01306216931216942 0.005987103174603092
0 0.934401455026455 0.4376785714285714 0.014510582010582121 0.010066964285714342
0 0.7824669312169311 0.4749553571428571 0.006359126984126817 0.008296130952380843
0 0.6784887566137565 0.4856374007936507 0.008571428571428659 0.016800595238095184
0 0.7004728835978836 0.429327876984127 0.010509259259259097 0.01576388888888882
0 0.6490376984126984 0.4533854166666666 0.007189153439153273 0.016592261904761863
0 0.7397420634920634 0.35414434523809524 0.007189153439153273 0.014724702380952337
0 0.6642493386243387 0.33070684523809524 0.017698412698412606 0.008918650793650774
0 0.659130291005291 0.4127356150793651 0.013551587301587394 0.0062227182539682955
0 0.5599074074074074 0.39849702380952373 0.007556216931216871 0.008869047619047655
0 0.5602347883597883 0.3858085317460317 0.009854497354497482 0.0054191468253968365
0 0.5066931216931216 0.36111111111111105 0.011498015873015887 0.005049603174603234
0 0.49379960317460314 0.349469246031746 0.006078042328042344 0.00837549603174601
0 0.5023478835978835 0.30156746031746035 0.010185185185185238 0.009248511904761881
0 0.5444907407407408 0.2934796626984127 0.011193783068783129 0.009883432539682513
0 0.5688624338624338 0.2958506944444444 0.007943121693121688 0.012998511904761844
0 0.5664252645502645 0.2738467261904762 0.009930555555555524 0.013134920634920633
0 0.5126256613756613 0.2756076388888889 0.011736111111111095 0.0071750992063491555
0 0.4505224867724868 0.29937003968253967 0.014623015873015769 0.009749503968253937
0 0.45386243386243386 0.2969320436507936 0.013359788359788401 0.009206349206349173
0 0.4310251322751323 0.3151438492063492 0.010651455026455044 0.004739583333333375
0 0.43959986772486764 0.31433283730158734 0.013359788359788401 0.006634424603174605
0 0.3857109788359789 0.3669345238095238 0.0070403439153439015 0.008395337301587258
0 0.39203042328042326 0.3952331349206349 0.011011904761904863 0.0067708333333333925
0 0.35872023809523806 0.38352182539682533 0.013359788359788401 0.012321428571428506
0 0.39112764550264545 0.4307093253968254 0.013902116402116367 0.0100198412698413
0 0.36359457671957673 0.4247519841269841 0.00866402116402109 0.007311507936507944
0 0.3590806878306878 0.4495982142857143 0.009748677248677258 0.00555059523809529
0 0.34581349206349205 0.4569766865079365 0.011372354497354445 0.007041170634920668
0 0.37776785714285704 0.4780307539682539 0.007400793650793721 0.007988591269841194
0 0.2658267195767196 0.47624007936507934 0.0071957671957672 0.011393849206349138
0 0.28061838624338625 0.43142113095238094 0.00639550264550266 0.00959325396825399
0 0.27622023809523805 0.40571180555555547 0.0079960317460318 0.015739087301587285
0 0.20446759259259256 0.42774801587301586 0.009193121693121675 0.011242559523809526
0 0.1641931216931217 0.4480605158730159 0.016590608465608447 0.00569692460317448
0 0.2094642857142857 0.4619246031746031 0.009193121693121675 0.0073462301587301935
0 0.19827050264550264 0.46739583333333334 0.012390873015873004 0.0065947420634920205
0 0.2155588624338624 0.48036458333333326 0.007394179894179883 0.008544146825396837
0 0.29044973544973546 0.3819915674603175 0.012380952380952456 0.009092261904761844
0 0.3290145502645503 0.3613864087301587 0.014702380952380996 0.008125000000000071
0 0.3023181216931217 0.3317881944444444 0.007222222222222167 0.009672619047619069
0 0.3162466931216931 0.31630952380952376 0.01599206349206348 0.007351190476190439
0 0.34036375661375656 0.28777529761904763 0.01315476190476197 0.010252976190476205
0 0.279646164021164 0.28541914682539676 0.010545634920634938 0.009015376984126976
0 0.30221230158730156 0.28162202380952384 0.012232142857142848 0.005535714285714288
0 0.30600859788359785 0.2567906746031746 0.008859126984126912 0.005853174603174605
0 0.32793981481481477 0.25417906746031743 0.01096560846560853 0.006326884920634957
0 0.30579695767195764 0.24556051587301586 0.0168716931216931 0.005535714285714288
0 0.3514550264550264 0.23393353174603174 0.009910714285714188 0.006644345238095273
0 0.36484788359788356 0.22159722222222222 0.01476190476190477 0.009174107142857135
0 0.38024140211640206 0.2314831349206349 0.02362103174603168 0.008382936507936468
0 0.38488095238095243 0.24642857142857144 0.01054563492063482 0.007909226190476204
0 0.4018353174603175 0.2506175595238095 0.010148809523809513 0.00689236111111109
0 0.4016997354497354 0.26295882936507936 0.008776455026454973 0.009771825396825395
0 0.4187731481481481 0.26599454365079367 0.012205687830687732 0.006994047619047539
0 0.438042328042328 0.25478174603174597 0.012615740740740714 0.0053497023809524254
0 0.48860119047619044 0.497874503968254 0.012850529100529091 0.014456845238095184
0 0.5354761904761904 0.5216393849206349 0.010221560846560843 0.0063516865079364495
0 0.568039021164021 0.5217485119047619 0.019861111111111048 0.010952380952380913
0 0.5697916666666667 0.5328100198412697 0.008177910052909946 0.010731646825396979
0 0.48632605820105823 0.5778174603174604 0.013918650793650874 0.006448412698412653
0 0.47373677248677243 0.5610863095238096 0.012893518518518476 0.003990575396825413
0 0.3988227513227513 0.5656150793650794 0.010439814814814834 0.00813492063492074
0 0.43910052910052905 0.6177480158730159 0.015582010582010497 0.005843253968254025