0 0.23825396825396825 0.21684027777777776 0.012364417989418008 0.010863095238095255
0 0.2474371693121693 0.22366071428571427 0.010598544973544932 0.011525297619047591
0 0.2547685185185185 0.22379464285714284 0.00900793650793652 0.007021329365079332
0 0.26041997354497354 0.23352926587301587 0.010066137566137575 0.006622023809523814
0 0.2852347883597883 0.22935763888888888 0.01024470899470901 0.0064905753968254485
0 0.2650992063492063 0.2471081349206349 0.012010582010581968 0.007021329365079332
0 0.26404100529100527 0.25492311507936505 0.014130291005291026 0.010463789682539738
0 0.29794973544973546 0.2382986111111111 0.016250000000000025 0.006093749999999965
0 0.29450727513227515 0.2556522817460317 0.011832010582010591 0.006093750000000053
0 0.3205588624338624 0.25558531746031743 0.011302910052910065 0.010729166666666679
0 0.3187929894179894 0.27174603174603174 0.00777116402116403 0.007549603174603181
0 0.22704034391534392 0.24598214285714284 0.012893518518518535 0.0068874007936507555
0 0.1924239417989418 0.2512127976190476 0.008300264550264499 0.008611111111111125
0 0.19047949735449735 0.2632688492063492 0.017132936507936472 0.006755952380952302
0 0.21688492063492062 0.2699578373015873 0.013776455026455045 0.005297619047619051
0 0.257771164021164 0.29128472222222224 0.010419973544973557 0.007418154761904727
0 0.2635119047619047 0.30340277777777774 0.016954365079365097 0.004370039682539684
0 0.20699404761904763 0.30168154761904764 0.014130291005291026 0.009670138888888857
0 0.18747685185185184 0.3353943452380952 0.01395171957671959 0.007683531746031758
0 0.19869378306878308 0.3534077380952381 0.021193783068783036 0.007948908730158789
0 0.15206679894179895 0.2870436507936508 0.012364417989418008 0.004769345238095202
0 0.12583994708994709 0.31565724206349205 0.014659391534391553 0.00953621031746028
0 0.14394179894179893 0.3212872023809524 0.019427910052910075 0.005959821428571477
0 0.13051917989417988 0.3271800595238095 0.010598544973544961 0.010597718253968224
0 0.12380621693121692 0.33009424603174603 0.016954365079365066 0.006093750000000053
0 0.09960978835978837 0.33347222222222217 0.012010582010582027 0.006755952380952302
0 0.11179894179894179 0.3475793650793651 0.0127149470899471 0.00847718253968246
0 0.08556878306878306 0.352016369047619 0.017483465608465594 0.008345734126984184
0 0.08768849206349207 0.35744791666666664 0.014659391534391523 0.009935515873015888
0 0.08742394179894179 0.36685267857142856 0.014130291005290996 0.009404761904761916
0 0.08345238095238096 0.37248263888888883 0.016071428571428587 0.006622023809523725
0 0.13722883597883598 0.37811259920634915 0.01024470899470901 0.008080357142857153
0 0.15471560846560847 0.3681770833333333 0.013422619047619063 0.008611111111111036
0 0.15674603174603174 0.3547991071428571 0.016071428571428587 0.013643353174603235
0 0.20600529100529102 0.3714037698412698 0.009751984126984147 0.010513392857142811
0 0.1458201058201058 0.4119717261904762 0.021636904761904732 0.00891369047619044
0 0.05455026455026455 0.4063740079365079 0.012189153439153447 0.011428571428571389
0 0.08546296296296295 0.40957837301587297 0.010793650793650784 0.00729414682539673
0 0.09987433862433862 0.4243452380952381 0.016369047619047627 0.012810019841269948
0 0.09186838624338624 0.43742311507936504 0.012691798941798933 0.010141369047619087
0 0.08237764550264551 0.4355530753968254 0.010082671957671962 0.008539186507936414
0 0.06411044973544973 0.43542162698412695 0.008657407407407407 0.008095238095238067
0 0.16388227513227513 0.42997271825396827 0.012523148148148167 0.014402281746031776
0 0.17031084656084655 0.4446230158730159 0.009351851851851833 0.009141865079365097
0 0.1870072751322751 0.45652033730158725 0.006345899470899497 0.008139880952380985
0 0.14159060846560848 0.4754935515873016 0.01769841269841268 0.008013392857142776
0 0.12965277777777776 0.46459821428571424 0.009183201058201036 0.009265873015873005
0 0.12080357142857141 0.46365823412698415 0.013525132275132279 0.008139880952380985
0 0.10310515873015874 0.47280009920634913 0.009183201058201036 0.00889136904761898
0 0.07772486772486771 0.47160962301587295 0.010185185185185179 0.009516369047618944
0 0.12489417989417989 0.5076140873015873 0.013022486772486777 0.009392361111111214
0 0.19696097883597882 0.4942137896825397 0.016233465608465576 0.006135912698412582
0 0.21058862433862435 0.4912723214285714 0.008683862433862426 0.013273809523809455
0 0.18345568783068783 0.5170064484126984 0.0075132275132275455 0.008139880952380807
0 0.171765873015873 0.523328373015873 0.014193121693121686 0.009766865079365061
0 0.1693452380952381 0.5371056547619047 0.010019841269841241 0.005260416666666679
0 0.16633928571428572 0.5478125 0.012688492063492044 0.010644841269841266
0 0.1309887566137566 0.5372916666666667 0.011855158730158728 0.008640873015873041
0 0.12406084656084657 0.556765873015873 0.010019841269841241 0.011520337301587169
0 0.10035052910052909 0.5538864087301587 0.011686507936507932 0.010267857142857117
0 0.07296626984126985 0.5547619047619048 0.008683862433862426 0.013273809523809632
0 0.08158068783068782 0.533345734126984 0.013578042328042331 0.013754960317460352
0 0.06860119047619047 0.5014558531746032 0.010479497354497358 0.011790674603174622
0 0.05561838624338624 0.5069047619047619 0.01548280423280423 0.020900297619047593
0 0.03692129629629629 0.5077083333333332 0.013339947089947084 0.012504960317460245
0 0.031441798941798944 0.5205729166666666 0.017625661375661364 0.0103621031746032
0 0.06002314814814814 0.533970734126984 0.020006613756613754 0.013933531746031846
0 0.289781746031746 0.44468749999999996 0.010684523809523819 0.012686011904761863
0 0.3255588624338624 0.37564980158730155 0.010122354497354517 0.01257936507936499
0 0.3351091269841269 0.36118551587301584 0.013697089947089935 0.013338293650793708
0 0.2938988095238095 0.3594717261904762 0.008171296296296286 0.0120758928571429
0 0.30242724867724863 0.32649057539682536 0.013697089947089935 0.008469742063492092
0 0.37488095238095237 0.3114409722222222 0.013938492063492092 0.007209821428571494
0 0.2769411375661376 0.20587053571428574 0.017539682539682508 0.005505952380952373
0 0.2877513227513227 0.20434275793650794 0.015092592592592642 0.005505952380952373
0 0.3267030423280423 0.20487847222222225 0.013869047619047592 0.01636656746031744
0 0.3561706349206349 0.2051066468253968 0.009993386243386127 0.009484126984126994
0 0.3604530423280423 0.23791418650793647 0.009583333333333381 0.00688244047619051
0 0.3579298941798942 0.2636780753968254 0.007605820105820153 0.009645337301587276
0 0.36520833333333336 0.19165674603174604 0.019708994708994728 0.008070436507936485
0 0.33709656084656087 0.18848214285714288 0.011124338624338629 0.007527281746031722
0 0.37772156084656083 0.1789608134920635 0.008462301587301605 0.009521329365079368
0 0.3925363756613756 0.2155605158730159 0.012691798941798994 0.006381448412698454
0 0.4431746031746032 0.18016617063492063 0.010803571428571484 0.008303571428571433
0 0.4616732804232804 0.16355654761904762 0.013773148148148213 0.00708829365079362
0 0.4743683862433862 0.1641641865079365 0.020525793650793746 0.006684027777777768
0 0.4793617724867724 0.17444444444444446 0.011071428571428637 0.010835813492063506
0 0.4946230158730158 0.14963293650793652 0.01323412698412696 0.005570436507936538
0 0.5153802910052909 0.177078373015873 0.011663359788359766 0.005523313492063498
0 0.5343022486772486 0.17093998015873016 0.01002645502645502 0.008132440476190484
0 0.5478075396825396 0.17151537698412694 0.011865079365079367 0.006061507936507971
0 0.5512334656084655 0.16392113095238092 0.007261904761904721 0.008824404761904736
0 0.5417724867724868 0.1610813492063492 0.007774470899470979 0.008975694444444437
0 0.5593154761904761 0.1524875992063492 0.013399470899470836 0.006674107142857144
0 0.5175925925925926 0.21261160714285712 0.00828373015873017 0.007495039682539684
0 0.5051025132275132 0.21320436507936505 0.011438492063492116 0.011044146825396783
0 0.5268650793650793 0.23356894841269843 0.008416005291005273 0.00759424603174601
0 0.5040509259259259 0.23376488095238096 0.009599867724867768 0.011341765873015852
0 0.5743320105820106 0.22084821428571427 0.013673941798941769 0.015086805555555572
0 0.5843220899470899 0.2212425595238095 0.011835317460317423 0.007001488095238084
0 0.602007275132275 0.22336061507936508 0.01722552910052926 0.009072420634920596
0 0.599619708994709 0.18107638888888888 0.013422619047619122 0.007656249999999964
0 0.6229695767195766 0.2040500992063492 0.01323412698412696 0.0059548611111111425
0 0.6273677248677249 0.2134598214285714 0.013035714285714307 0.006872519841269842
0 0.6464517195767194 0.24322916666666666 0.006233465608465613 0.009352678571428541
0 0.6570006613756614 0.24880456349206348 0.011990740740740809 0.006294642857142918
0 0.6705489417989418 0.21234126984126983 0.014146825396825354 0.009260912698412671
0 0.6658730158730158 0.18340277777777778 0.012407407407407334 0.005396825396825377
0 0.5748908730158729 0.25926339285714284 0.006921296296296239 0.007628968253968349
0 0.5865476190476191 0.2857514880952381 0.006782407407407476 0.007628968253968349
0 0.5356911375661376 0.28591021825396823 0.009322089947090006 0.012395833333333339
0 0.5017328042328042 0.2693998015873016 0.011279761904761898 0.007504960317460352
0 0.42305224867724867 0.2695362103174603 0.012189153439153463 0.006686507936507979
0 0.4705026455026455 0.3522098214285714 0.012159391534391517 0.006004464285714306
0 0.37293320105820105 0.4182688492063492 0.012751322751322765 0.011344246031745974
0 0.4961541005291005 0.45485863095238094 0.011861772486772419 0.012455357142857082
0 0.5281845238095237 0.4238293650793651 0.011861772486772478 0.010009920634920632
0 0.5458300264550264 0.39535962301587296 0.01038029100529106 0.008675595238095201
0 0.7005324074074074 0.3047023809523809 0.016927910052909802 0.011426091269841265
0 0.6683697089947089 0.300047123015873 0.014107142857142919 0.011426091269841353
0 0.7018650793650794 0.2776760912698412 0.008789682539682531 0.01176339285714283
0 0.7116666666666666 0.2630208333333333 0.01568452380952389 0.010039682539682548
0 0.7187433862433862 0.23580605158730158 0.012711640211639974 0.0071006944444445
0 0.7392989417989416 0.2360094246031746 0.0062202380952382915 0.008519345238095255
0 0.7544675925925926 0.20363343253968252 0.011838624338624489 0.01118055555555555
0 0.7390674603174603 0.19343998015873015 0.011507936507936497 0.010193452380952372
0 0.7422453703703703 0.21074404761904758 0.010631613756613707 0.016195436507936468
0 0.7639285714285714 0.2294667658730159 0.00743386243386226 0.008268849206349228
0 0.7717328042328042 0.23508928571428572 0.01090277777777781 0.010220734126984165
0 0.6527943121693122 0.3273139880952381 0.01205687830687836 0.006359126984126995
0 0.7846693121693121 0.275530753968254 0.007536375661375653 0.011021825396825414
0 0.8235747354497354 0.2705133928571429 0.0129993386243387 0.010597718253968224
0 0.8536243386243386 0.3237127976190476 0.007536375661375653 0.00904265873015877
0 0.8588988095238095 0.3413740079365079 0.018839285714285836 0.010739087301587347
0 0.8816964285714285 0.3435639880952381 0.007913359788359978 0.008901289682539648
0 0.9059986772486771 0.36786706349206344 0.00979497354497359 0.012011408730158647
0 0.9222949735449735 0.37182291666666667 0.014507275132275056 0.009184027777777803
0 0.9000628306878306 0.38397569444444446 0.01488425925925938 0.006924603174603217
0 0.8421329365079365 0.3742956349206349 0.018085317460317423 0.012433035714285712
0 0.8572023809523809 0.39421875 0.007536375661375653 0.013563988095238112
0 0.8597453703703704 0.38899057539682536 0.011114417989417784 0.009325396825396837
0 0.9250826719576718 0.40598214285714285 0.01012235449735428 0.010381944444444536
0 0.9249272486772486 0.3954464285714286 0.010641534391534434 0.012242063492063516
0 0.942850529100529 0.40330853174603176 0.020039682539682722 0.00844494047619051
0 0.9470866402116401 0.41256944444444443 0.006818783068783082 0.008521825396825378
0 0.9717228835978834 0.43236359126984125 0.01022817460317474 0.009375
0 0.9728075396825396 0.4725744047619047 0.007023809523809395 0.00782490079365079
0 0.9613425925925925 0.47040426587301587 0.005370370370370381 0.007671130952380878
0 0.9550396825396825 0.4712574404761904 0.008885582010582028 0.008754960317460281
0 0.9382539682539683 0.47311755952380946 0.012086640211640305 0.005811011904761898
0 0.9384589947089947 0.46250248015873013 0.011673280423280374 0.009218749999999965
0 0.9292162698412697 0.46618303571428565 0.012189153439153225 0.004647817460317327
0 0.8449867724867723 0.46993799603174596 0.010423280423280563 0.005076884920634938
0 0.9252546296296295 0.49252480158730155 0.0063624338624338845 0.0074107142857142705
0 0.8847817460317459 0.506282242063492 0.006633597883597986 0.010151289682539755
0 0.94765873015873 0.530188492063492 0.009474206349206326 0.011470734126984183
0 0.9396031746031746 0.5417633928571428 0.015294312169312244 0.013095238095238137
0 0.9055621693121693 0.5561284722222222 0.009474206349206326 0.009136904761904851
0 0.8900628306878307 0.5506448412698413 0.011775793650793532 0.00609126984127002
0 0.9048842592592591 0.5767881944444444 0.01299603174603187 0.010252976190476205
0 0.9269477513227513 0.5759747023809523 0.009474206349206326 0.009645337301587453
0 0.940353835978836 0.5824603174603175 0.008012566137566068 0.0117212301587303
0 0.9517757936507937 0.5894345238095238 0.008111772486772395 0.006676587301587311
0 0.9283862433862434 0.5957390873015872 0.013746693121692981 0.010682043650793638
0 0.9092956349206349 0.5975198412698413 0.010188492063492306 0.006971726190476169
0 0.878042328042328 0.5953298611111111 0.006230158730158782 0.010014880952381056
0 0.9693154761904761 0.5717013888888889 0.01824404761904764 0.011475694444444606
0 0.9781415343915344 0.5126339285714285 0.008826058201058137 0.00897321428571427
0 0.8660383597883599 0.5403670634920635 0.010591931216931035 0.008531746031745868
0 0.8493650793650793 0.5227852182539682 0.007847222222222191 0.009268353174603127
0 0.9266964285714285 0.6620882936507936 0.009847883597883585 0.011555059523809596
0 0.9218551587301587 0.6490451388888888 0.010641534391534434 0.008338293650793638
0 0.9227281746031745 0.672093253968254 0.010165343915343784 0.007266865079365204
0 0.8949338624338625 0.6826959325396825 0.015565476190476109 0.005359623015873005
0 0.8865972222222223 0.6667931547619048 0.011593915343915502 0.007147817460317363
0 0.8704761904761905 0.6330257936507937 0.008257275132275291 0.007504960317460352
0 0.8565806878306879 0.6441021825396824 0.011593915343915502 0.008695436507936628
0 0.8574537037037037 0.6570858134920634 0.012387566137566116 0.007504960317460352
0 0.8710317460317459 0.6807291666666666 0.010324074074074237 0.007624007936507837
0 0.8726190476190477 0.6741790674603174 0.008098544973544838 0.010481150793650862
0 0.8756382275132275 0.7273635912698413 0.008416005291005273 0.012031250000000071
0 0.8168749999999999 0.7367137896825395 0.006828703703703572 0.009766865079365061
0 0.7835251322751323 0.7266468253968255 0.0119113756613757 0.009885912698412547
0 0.7940046296296296 0.6857316468253968 0.010641534391534434 0.010243055555555537
0 0.7702612433862434 0.7558308531746032 0.010800264550264416 0.007743055555555678
0 0.8444312169312168 0.7540426587301587 0.014292328042328014 0.005597718253968154
0 0.8058366402116401 0.7773313492063492 0.013974867724867815 0.005478670634920668
0 0.7855092592592592 0.7729836309523809 0.013339947089947183 0.006073908730158628
0 0.7774900793650794 0.800498511904762 0.010006613756613802 0.004407242063492234
0 0.7166732804232804 0.8206324404761904 0.01847552910052907 0.0077182539682539185
0 0.7378604497354497 0.8142013888888888 0.015046296296296191 0.005808531746031775
0 0.7083730158730158 0.8159027777777776 0.01714947089947074 0.0068874007936507555
0 0.7183862433862434 0.8058209325396826 0.012390873015873183 0.007633928571428683
0 0.7153439153439153 0.7990997023809523 0.0060846560846558855 0.006140873015873005
0 0.6985284391534391 0.8299677579365078 0.016041666666666763 0.005974702380952479
0 0.6716964285714285 0.8250719246031746 0.013941798941798804 0.005143849206349316
0 0.6359060846560847 0.8115873015873015 0.013164682539682579 0.0052281746031745515
0 0.5889384920634921 0.8326240079365078 0.010843253968253919 0.00863095238095255
0 0.5835185185185184 0.8376860119047619 0.010843253968253919 0.006639384920634939
0 0.5824107142857142 0.8437847222222221 0.011286375661375796 0.0034027777777779987
0 0.5957440476190476 0.8570610119047618 0.010509259259259333 0.0052281746031745515
0 0.5607242063492064 0.8376016865079364 0.010843253968253919 0.004813988095238031
0 0.5331746031746031 0.8366493055555555 0.007080026455026455 0.0073859126984125115
0 0.5270899470899472 0.8356944444444444 0.009074074074074071 0.010290178571428398
0 0.5159722222222222 0.8344915674603174 0.009626322751322766 0.008546626984126959
0 0.5404761904761906 0.8493030753968253 0.01903108465608477 0.009791666666666643
0 0.5264252645502645 0.8524975198412698 0.010178571428571459 0.0077182539682539185
0 0.5589550264550264 0.8614583333333334 0.012833994708994585 0.006721230158730407
0 0.5058267195767195 0.8346006944444444 0.006488095238095208 0.006512896825396908
0 0.49794312169312166 0.8310441468253968 0.010677910052910041 0.006587301587301653
0 0.502285052910053 0.8115476190476191 0.011375661375661395 0.009655257936508121
0 0.5046792328042328 0.8055208333333332 0.012175925925926024 0.007633928571428683
0 0.5201488095238095 0.777452876984127 0.01656746031746034 0.006138392857142882
0 0.45778769841269834 0.8512648809523811 0.011815476190476204 0.006423611111111072
0 0.4495932539682539 0.8543650793650794 0.014325396825396908 0.009747023809523725
0 0.442797619047619 0.8592385912698411 0.012255291005291014 0.006423611111111072
0 0.46480158730158727 0.8337103174603173 0.007529761904761874 0.006755952380952479
0 0.4393287037037037 0.8390252976190474 0.00974537037037031 0.00897073412698397
0 0.4045502645502645 0.8501562499999998 0.008416005291005273 0.008196924603174694
0 0.39672619047619045 0.8525942460317459 0.008121693121693122 0.007973710317460104
0 0.4835350529100529 0.8161458333333332 0.009322089947090006 0.008546626984126959
0 0.46858796296296296 0.8123164682539683 0.013171296296296238 0.007991071428571316
0 0.4492030423280423 0.7876215277777778 0.010211640211640234 0.008546626984126959
0 0.44150793650793646 0.7919494047619047 0.011097883597883633 0.00721478174603174
0 0.4224900793650793 0.7880654761904762 0.015390211640211622 0.00654761904761898
0 0.3852744708994708 0.8023263888888887 0.019682539682539732 0.011765873015872952
0 0.38519841269841265 0.7907837301587302 0.012136243386243351 0.006659226190476275
0 0.36914351851851845 0.7800744047619048 0.009322089947090006 0.009434523809523832
0 0.4345568783068783 0.7743625992063492 0.009308862433862449 0.008581349206349209
0 0.4194312169312168 0.7602554563492063 0.01046957671957666 0.008871527777777822
0 0.3632936507936507 0.789704861111111 0.010277777777777785 0.009308035714285623
0 0.34419312169312166 0.7963938492063491 0.009695767195767264 0.005818452380952443
0 0.3278075396825396 0.7932688492063492 0.011828703703703643 0.008871527777777822
0 0.3296494708994709 0.7875223214285714 0.010469576719576778 0.008144841269841229
0 0.3375992063492063 0.8175545634920635 0.008918650793650803 0.011197916666666429
0 0.29915013227513226 0.8135615079365079 0.010562169312169327 0.0065054563492061845
0 0.2937037037037037 0.8210243055555555 0.007003968253968295 0.00842261904761905
0 0.29014550264550265 0.815436507936508 0.007003968253968295 0.011423611111111143
0 0.2215244708994709 0.7942237103174603 0.009966931216931247 0.010329861111111071
0 0.22723214285714283 0.7885168650793651 0.007248677248677282 0.004893353174603021
0 0.26320105820105816 0.7790029761904762 0.008878968253968248 0.006252480158730122
0 0.27552248677248675 0.7710540674603175 0.009966931216931247 0.00965029761904752
0 0.3060548941798942 0.7559002976190475 0.011960978835978863 0.007611607142857047
0 0.32743716931216926 0.7603174603174603 0.010509259259259215 0.01127976190476172
0 0.21581679894179892 0.763375496031746 0.007609126984126983 0.010600198412698348
0 0.19180555555555553 0.7582787698412699 0.012139550264550299 0.007745535714285623
0 0.20485449735449734 0.7510069444444444 0.011415343915343889 0.008970734126984148
0 0.16951719576719576 0.7580753968253967 0.005978835978835958 0.010600198412698348
0 0.1851025132275132 0.7370089285714285 0.007430555555555548 0.010873015873015923
0 0.22840939153439155 0.7292633928571428 0.009242724867724898 0.009241071428571423
0 0.22469576719576717 0.7372817460317459 0.013045634920634914 0.006252480158730122
0 0.2554993386243386 0.7326612103174603 0.008697089947089924 0.012502480158730123
0 0.2810515873015873 0.7321155753968254 0.011960978835978863 0.018482142857143023
0 0.20902116402116402 0.710438988095238 0.007066798941798898 0.008291170634920774
0 0.12266865079365077 0.5902852182539683 0.006964285714285682 0.009699900793650684
0 0.1046626984126984 0.5944642857142857 0.010347222222222197 0.009102182539682424
0 0.07730158730158729 0.61296875 0.008554894179894183 0.016564980158730157
0 0.057602513227513225 0.6268477182539682 0.01134259259259259 0.008206845238095362
0 0.10287037037037036 0.6338616071428571 0.011144179894179906 0.01447668650793652
0 0.13122354497354496 0.6463219246031745 0.007761243386243392 0.010744047619047592
0 0.1529133597883598 0.6290873015873015 0.008158068783068788 0.010297619047619121
0 0.18077050264550262 0.6284151785714285 0.008554894179894154 0.015220734126984149
0 0.1727116402116402 0.6573660714285714 0.00915343915343918 0.01731150793650791
0 0.1544047619047619 0.6744518849206348 0.0083564814814815 0.01417658730158724
0 0.0905324074074074 0.6723635912698411 0.00755952380952382 0.01328125
0 0.1207771164021164 0.6859449404761905 0.013531746031746028 0.007611607142857047
0 0.12515542328042328 0.7153422619047619 0.009153439153439151 0.011192956349206362
0 0.1365972222222222 0.7137003968253968 0.007761243386243407 0.01537202380952376
0 0.13808862433862432 0.7304885912698412 0.011144179894179906 0.01253472222222225
0 0.14166997354497354 0.6987772817460317 0.0083564814814815 0.012088293650793603
0 0.15838624338624335 0.6937028769841269 0.012734788359788378 0.009699900793650684
0 0.19410052910052908 0.695719246031746 0.012933201058201031 0.008655753968253955
0 0.22285383597883596 0.6898239087301586 0.011937830687830638 0.008804563492063443
0 0.2209623015873016 0.6778844246031746 0.01134259259259256 0.016267361111111177
0 0.2625496031746032 0.6937797619047619 0.014126984126984135 0.010446428571428612
0 0.2518022486772487 0.6638566468253968 0.006167328042328061 0.007611607142857047
0 0.2712037037037037 0.6693055555555555 0.010347222222222197 0.014027777777777927
0 0.28562830687830687 0.6628125 0.010148809523809513 0.008506944444444465
0 0.30363756613756615 0.6486359126984127 0.021488095238095185 0.009102182539682424
0 0.32323743386243386 0.6885565476190476 0.012536375661375724 0.01313244047619051
0 0.33278769841269834 0.7022098214285714 0.026861772486772514 0.006118551587301546
0 0.38367394179894176 0.7198809523809524 0.01038690476190472 0.006733630952380843
0 0.3706448412698412 0.7128844246031745 0.011795634920634986 0.00726190476190478
0 0.42398478835978837 0.6460119047619047 0.01742724867724862 0.006336805555555536
0 0.46042658730158725 0.684563492063492 0.0100330687830688 0.004751984126984077
0 0.34556216931216927 0.6262748015873015 0.017956349206349267 0.00699652777777775
0 0.46502976190476186 0.5932787698412698 0.011686507936507932 0.013147321428571423
0 0.4386144179894179 0.6124528769841269 0.016312830687830626 0.010225694444444322
0 0.5183498677248677 0.6330877976190477 0.01801587301587304 0.008035714285714235
0 0.3793981481481481 0.5569494047619047 0.019828042328042392 0.009419642857142741
0 0.2385846560846561 0.588546626984127 0.007807539682539636 0.009759424603174693
0 0.2555026455026455 0.6172321428571428 0.01359126984126983 0.007700892857142883
0 0.2671428571428571 0.6216790674603174 0.009976851851851857 0.007700892857142883
0 0.5112863756613757 0.6938814484126984 0.024024470899470886 0.008901289682539826
0 0.5742361111111111 0.7052777777777777 0.017946428571428658 0.009551091269841373
0 0.617361111111111 0.735017361111111 0.015049603174603259 0.01215525793650798
0 0.6461607142857143 0.7540104166666667 0.01707671957671953 0.007596726190476133
0 0.6848015873015874 0.7488020833333333 0.012156084656084688 0.009335317460317506
0 0.5065079365079365 0.7508630952380952 0.01678571428571433 0.01215525793650798
0 0.541385582010582 0.7681225198412698 0.01707671957671953 0.007162698412698454
0 0.5885648148148147 0.7631299603174603 0.013604497354497388 0.007162698412698454
0 0.5956547619047619 0.7646478174603174 0.009262566137566116 0.01193948412698429
0 0.5940641534391534 0.7860292658730158 0.011868386243386198 0.00824900793650798
0 0.6312566137566138 0.7773462301587302 0.008683862433862544 0.009985119047619052
0 0.6067989417989418 0.7883085317460317 0.013025793650793578 0.007162698412698454
0 0.6327017195767195 0.7928670634920635 0.01620701058201064 0.004992559523809526
0 0.709837962962963 0.7752852182539682 0.012447089947090007 0.009335317460317506
0 0.6697585978835978 0.6826810515873015 0.01621693121693113 0.01151041666666668
0 0.7689351851851852 0.6613988095238096 0.013611111111111048 0.01759176587301603
0 0.7812433862433862 0.6479340277777778 0.013320105820105729 0.012378472222222214
0 0.8157010582010582 0.6270858134920634 0.01447751322751311 0.010642361111111142
0 0.46517526455026453 0.503189484126984 0.015016534391534364 0.008447420634920632
0 0.461984126984127 0.4909399801587301 0.013892195767195878 0.008164682539682565
0 0.6873181216931216 0.5030828373015874 0.014847883597883537 0.020213293650793673
0 0.9354199735449735 0.3617733134920635 0.011951058201058374 0.00930555555555559
0 0.9239219576719576 0.3382961309523809 0.013773148148148095 0.005548115079365079
0 0.9154431216931217 0.3252777777777778 0.007969576719576802 0.011440972222222267
0 0.6832440476190477 0.2313095238095238 0.008518518518518666 0.005989583333333393