0 0.940375 0.61896875 0.016125000000000018 0.01947656250000005
0 0.9135104166666667 0.6208125 0.008958333333333238 0.015109374999999935
0 0.9047708333333334 0.6399609374999999 0.018364583333333448 0.012429687500000064
0 0.8792500000000001 0.6498671875 0.012989583333333362 0.01947656250000005
0 0.8877604166666667 0.662796875 0.021937499999999943 0.013101562499999986
0 0.9049583333333333 0.65046875 0.009104166666666675 0.009726562500000036
0 0.9139479166666666 0.6060156250000001 0.008416666666666591 0.014335937499999929
0 0.8656979166666667 0.582125 0.010239583333333257 0.01638281250000002
0 0.9453437499999999 0.564546875 0.007052083333333315 0.009218749999999965
0 0.9605937499999999 0.5609609375 0.01888541666666678 0.009898437500000056
0 0.9000625 0.5326328124999999 0.008874999999999982 0.014335937499999929
0 0.9151979166666667 0.545 0.013197916666666743 0.009046874999999944
0 0.9163333333333333 0.5298125 0.012739583333333353 0.011437500000000078
0 0.9242916666666667 0.53296875 0.01410416666666663 0.005804687500000049
0 0.9410208333333333 0.5331406249999999 0.021614583333333333 0.005804687500000049
0 0.9824375 0.5217109375 0.010239583333333257 0.00443750000000005
0 0.9496666666666667 0.5263203125 0.012510416666666658 0.010921875000000015
0 0.9398854166666666 0.5189765625 0.013427083333333438 0.011945312499999972
0 0.98721875 0.4728671875 0.014166666666666572 0.016632812499999972
0 0.9325729166666666 0.478078125 0.014968749999999887 0.012625000000000063
0 0.9292395833333333 0.46184375 0.01683333333333342 0.017031249999999963
0 0.9391666666666667 0.400015625 0.013447916666666752 0.012562499999999944
0 0.902125 0.40346093749999995 0.009677083333333296 0.013093749999999993
0 0.8490416666666667 0.415234375 0.011093750000000095 0.012562499999999944
0 0.85234375 0.382140625 0.011562499999999904 0.01646093750000004
0 0.8556458333333333 0.356390625 0.009677083333333296 0.01486718749999998
0 0.9243125 0.3240546875 0.010999999999999944 0.014070312499999993
0 0.9038541666666667 0.33230468750000003 0.015364583333333333 0.0067890625000000425
0 0.8950416666666666 0.312234375 0.0116458333333334 0.015156249999999982
0 0.9068437500000001 0.287671875 0.013260416666666686 0.012367187500000033
0 0.87846875 0.29834375 0.015041666666666724 0.013828125000000035
0 0.8195208333333334 0.2954375 0.010999999999999944 0.010671874999999975
0 0.8787083333333333 0.2657265625 0.01261458333333323 0.009218749999999965
0 0.8924583333333334 0.256625 0.018437500000000048 0.011882812500000029
0 0.8240520833333334 0.26063281250000003 0.025874999999999915 0.011398437500000025
0 0.7585833333333334 0.26942187500000003 0.012281249999999962 0.009867187499999996
0 0.7596770833333333 0.22682031249999998 0.013156250000000114 0.005921875000000032
0 0.6813854166666666 0.265390625 0.010531249999999897 0.010031250000000025
0 0.6808333333333334 0.2197421875 0.01381249999999999 0.015789062500000027
0 0.6853333333333332 0.203046875 0.018416666666666734 0.01102343750000001
0 0.5763333333333333 0.20280468749999997 0.011406250000000047 0.01118750000000004
0 0.7730416666666666 0.18069531249999998 0.015958333333333265 0.007117187500000011
0 0.7084375 0.1789140625 0.02826041666666678 0.013914062500000001
0 0.6287708333333334 0.16693750000000002 0.012989583333333362 0.009406250000000015
0 0.6229583333333333 0.130953125 0.013218750000000057 0.011968749999999995
0 0.5640416666666667 0.158390625 0.009343750000000029 0.014531250000000018
0 0.5314479166666667 0.1689921875 0.012541666666666628 0.009406250000000015
0 0.5529895833333334 0.1505234375 0.006833333333333276 0.01247656250000002
0 0.5315625 0.1316328125 0.016416666666666656 0.014015624999999999
0 0.4605520833333333 0.1247109375 0.021656249999999964 0.009406250000000015
0 0.4491354166666667 0.1579375 0.016770833333333356 0.007648437500000016
0 0.33308333333333334 0.1468046875 0.03284374999999997 0.008250000000000002
0 0.34872916666666665 0.1641796875 0.01889583333333332 0.007203125000000021
0 0.33827083333333335 0.1748046875 0.011312500000000014 0.012203125000000004
0 0.28520833333333334 0.19136718749999998 0.0136354166666667 0.012546875000000002
0 0.3123229166666667 0.2066484375 0.01270833333333338 0.00987499999999999
0 0.27932291666666664 0.200953125 0.03036458333333331 0.008015624999999993
0 0.24917708333333335 0.24021093750000003 0.022500000000000023 0.008328124999999974
0 0.214375 0.224015625 0.022500000000000023 0.006976562499999961
0 0.224875 0.209046875 0.023697916666666666 0.0103515625
0 0.19441666666666665 0.2641796875 0.018604166666666682 0.0103515625
0 0.17491666666666666 0.26103125 0.01800000000000003 0.010804687500000031
0 0.15646875000000002 0.2626015625 0.016499999999999973 0.011703125000000014
0 0.07069791666666667 0.344875 0.01618749999999999 0.014164062499999996
0 0.09633333333333334 0.334953125 0.011333333333333329 0.019429687500000004
0 0.09660416666666666 0.3575234375 0.01835416666666667 0.012750000000000039
0 0.1328125 0.360328125 0.015583333333333312 0.013015624999999975
0 0.07234375 0.4037578125 0.025833333333333344 0.013007812500000071
0 0.13748958333333333 0.393515625 0.03506249999999997 0.013007812499999983
0 0.06478125 0.444453125 0.00922916666666668 0.019101562500000037
0 0.14413541666666668 0.40431249999999996 0.010708333333333304 0.00747656249999995
0 0.0823125 0.46895312499999997 0.013291666666666656 0.012734374999999964
0 0.12088541666666666 0.47296875 0.018822916666666658 0.00747656249999995
0 0.18916666666666665 0.44542187499999997 0.014395833333333326 0.008304687500000085
0 0.22668750000000001 0.34738281249999997 0.005791666666666669 0.00889843749999999
0 0.26498958333333333 0.45092187499999997 0.016239583333333366 0.017007812499999986
0 0.3000208333333333 0.451171875 0.018614583333333337 0.022593750000000058
0 0.27395833333333336 0.506125 0.008458333333333339 0.012687500000000008
0 0.07092708333333334 0.524515625 0.01154166666666668 0.009500000000000064
0 0.1030625 0.514328125 0.008374999999999992 0.010179687499999979
0 0.0595 0.5423281249999999 0.014031249999999999 0.011203124999999935
0 0.07070833333333333 0.5428437500000001 0.012447916666666654 0.008820312499999972
0 0.10237500000000001 0.53359375 0.01335416666666666 0.007296874999999936
0 0.10622916666666667 0.5408906250000001 0.014250000000000007 0.012390624999999923
0 0.09955208333333333 0.5546328125 0.025791666666666657 0.009335937500000035
0 0.08642708333333333 0.5695625 0.02851041666666667 0.011367187499999964
0 0.08835416666666666 0.6047109374999999 0.011374999999999988 0.013140624999999951
0 0.10264583333333334 0.601484375 0.012291666666666678 0.01682812499999997
0 0.14829166666666668 0.59203125 0.021208333333333346 0.012218750000000079
0 0.11540625 0.621421875 0.009531250000000007 0.0115234375
0 0.12846875 0.6460859375 0.012906250000000015 0.01244531250000005
0 0.20191666666666666 0.6407812500000001 0.008604166666666658 0.012906249999999985
0 0.24294791666666665 0.6399765625 0.021822916666666654 0.007609375000000007
0 0.23771875 0.6463203125 0.011989583333333324 0.009679687500000079
0 0.233875 0.6577265625 0.015364583333333333 0.012679687500000014
0 0.2208125 0.6626796875000001 0.01875 0.011062500000000064
0 0.21605208333333334 0.6950000000000001 0.015114583333333324 0.008335937500000057
0 0.2494583333333333 0.680453125 0.00902083333333336 0.005257812500000014
0 0.2524895833333333 0.6746171875 0.013739583333333331 0.008015624999999993
0 0.23692708333333332 0.72428125 0.008802083333333321 0.011796874999999929
0 0.2593229166666667 0.755578125 0.01680208333333333 0.014796875000000043
0 0.28318750000000004 0.762375 0.019729166666666725 0.019999999999999928
0 0.330125 0.7819765624999999 0.04426041666666668 0.010398437499999958
0 0.3294583333333333 0.7689765625 0.019468750000000055 0.016000000000000014
0 0.34998958333333335 0.7529765625 0.026937500000000014 0.01320312500000007
0 0.38385416666666666 0.8017734375 0.026395833333333365 0.009203125000000156
0 0.40518750000000003 0.7961796875 0.02106250000000003 0.009999999999999964
0 0.4090520833333333 0.789078125 0.021333333333333353 0.007000000000000029
0 0.4303854166666667 0.7985781249999999 0.017604166666666643 0.0076015625000000146
0 0.4651875 0.8067734375000001 0.028531249999999987 0.009601562499999971
0 0.4741145833333333 0.8171796875 0.03039583333333328 0.009601562499999971
0 0.4754479166666667 0.7887734375 0.018666666666666623 0.014000000000000058
0 0.4509166666666667 0.767078125 0.023468749999999972 0.010203124999999957
0 0.4195520833333333 0.7092890625 0.011031250000000032 0.01146875000000005
0 0.42609375 0.7274921875 0.010239583333333377 0.015015625000000022
0 0.4386145833333333 0.7448046875000001 0.01229166666666662 0.013000000000000077
0 0.30625 0.7224062499999999 0.013458333333333291 0.008296874999999915
0 0.27608333333333335 0.6693671875 0.016281249999999994 0.006382812500000057
0 0.41971875000000003 0.4278046875 0.018052083333333375 0.022187500000000072
0 0.46234375 0.38925 0.02507291666666672 0.01805468750000001
0 0.496625 0.38244531249999997 0.02361458333333329 0.011195312500000032
0 0.4046041666666667 0.40890624999999997 0.013843749999999962 0.008343750000000049
0 0.36445833333333333 0.534453125 0.010968749999999972 0.010374999999999978
0 0.42764583333333334 0.561578125 0.020364583333333287 0.005874999999999986
0 0.45648958333333334 0.5745 0.012791666666666639 0.015664062499999964
0 0.45403125 0.4707265625 0.018489583333333334 0.007976562500000029
0 0.7540937499999999 0.47974218750000003 0.012947916666666733 0.016296874999999923
0 0.79015625 0.44299218749999997 0.016645833333333353 0.02253906249999993
0 0.7522395833333333 0.5222265625 0.02127083333333341 0.0138671875
0 0.66925 0.5901875000000001 0.016177083333333304 0.011789062499999937
0 0.6875104166666667 0.6000703125 0.014791666666666713 0.007976562500000029
0 0.7360625 0.629890625 0.013874999999999934 0.009359375000000014
0 0.7501666666666666 0.6708125 0.02358333333333344 0.009359375000000014
0 0.5818645833333334 0.6827734375000001 0.017104166666666743 0.007624999999999993
0 0.6359583333333333 0.6966484375 0.010635416666666704 0.01040624999999995
0 0.6851770833333333 0.7110624999999999 0.014989583333333438 0.009992187499999972
0 0.6968229166666667 0.7216796875 0.010322916666666753 0.007742187500000064
0 0.7463020833333334 0.71903125 0.01423958333333341 0.006242187500000007
0 0.7409374999999999 0.7362031250000001 0.016645833333333353 0.01166406250000005
0 0.6738958333333334 0.7475390625 0.014895833333333285 0.008382812500000014
0 0.67740625 0.7592890625 0.014895833333333285 0.007554687500000057
0 0.6685312499999999 0.773828125 0.01686458333333339 0.011007812499999936
0 0.6790520833333333 0.7962578125 0.01686458333333339 0.006898437499999943
0 0.6261354166666667 0.792640625 0.01708333333333343 0.014132812499999935
0 0.6020416666666667 0.7922343749999999 0.01577083333333344 0.007062499999999972
0 0.5294166666666666 0.7714453125 0.022999999999999923 0.009531250000000036
0 0.5414687499999999 0.762328125 0.019500000000000028 0.010023437499999944