0 0.9082395833333333 0.24571874999999999 0.01577083333333344 0.02184375000000003
0 0.9654479166666667 0.5124453124999999 0.019979166666666732 0.013539062499999944
0 0.90603125 0.7523203125 0.01888541666666678 0.028328124999999992
0 0.9320937499999999 0.8664687499999999 0.025677083333333427 0.025492187500000086
0 0.8418229166666666 0.8684531249999999 0.017375000000000067 0.024929687499999888
0 0.8733541666666667 0.9536250000000001 0.02907291666666675 0.013132812499999957
0 0.90915625 0.9848125 0.03063541666666675 0.0168828125000001
0 0.8616354166666667 0.9851640625 0.027510416666666752 0.019460937499999886
0 0.8330208333333334 0.9844609375 0.027822916666666704 0.014304687499999958
0 0.8370833333333334 0.9542109375000001 0.024072916666666562 0.021335937499999957
0 0.8272395833333334 0.9724999999999999 0.025010416666666656 0.01055468750000017
0 0.7287083333333333 0.958359375 0.02315625000000002 0.024843750000000143
0 0.7126354166666666 0.977171875 0.018656250000000086 0.0209843750000001
0 0.65925 0.9411171875000001 0.02122916666666678 0.0231562499999999
0 0.5799791666666666 0.919171875 0.018968750000000038 0.028460937499999873
0 0.6408229166666667 0.9145156249999999 0.020802083333333363 0.0220703125
0 0.6303125 0.8789999999999999 0.030312499999999905 0.0127812500000001
0 0.6254479166666667 0.885640625 0.03164583333333345 0.023734375000000085
0 0.5864999999999999 0.8913671875 0.01792708333333337 0.01659374999999983
0 0.5286354166666667 0.87203125 0.026552083333333344 0.0287109375
0 0.5559583333333333 0.8706250000000001 0.018812499999999944 0.01991406249999983
0 0.6342291666666667 0.839984375 0.026406249999999905 0.026234374999999942
0 0.6010000000000001 0.8090937500000001 0.017312499999999887 0.02531250000000007
0 0.5455625000000001 0.8319140624999999 0.03026041666666662 0.017445312499999942
0 0.4339791666666667 0.8192578125000001 0.024656249999999956 0.012070312499999857
0 0.3905208333333333 0.8129609375 0.022031249999999978 0.0241328124999999
0 0.39471875 0.79578125 0.035322916666666634 0.009968749999999993
0 0.4815625 0.7681328125 0.02852083333333333 0.01932812500000001
0 0.5071249999999999 0.755140625 0.017531250000000043 0.014890624999999958
0 0.5291979166666666 0.8106796875000001 0.03295833333333344 0.0289921875000001
0 0.44192708333333336 0.703078125 0.02333333333333331 0.030546874999999928
0 0.30424999999999996 0.6967109375 0.015145833333333296 0.013320312499999964
0 0.35021874999999997 0.6920078125 0.03134375000000003 0.011749999999999972
0 0.3571354166666667 0.6677187499999999 0.016979166666666618 0.024289062499999937
0 0.2505833333333333 0.6381484375 0.012270833333333305 0.023507812499999937
0 0.4023229166666667 0.625515625 0.017499999999999953 0.023304687499999942
0 0.3387291666666667 0.5995625 0.016718749999999952 0.01997656249999995
0 0.33936458333333336 0.5001249999999999 0.022677083333333313 0.02282031250000003
0 0.31226041666666665 0.5100859375 0.01824999999999998 0.03277343750000004
0 0.30258333333333337 0.42565625 0.03429166666666662 0.036507812500000014
0 0.28903125 0.4057421875 0.029312499999999984 0.024890624999999923
0 0.22872916666666668 0.42503906249999995 0.021572916666666647 0.023648437499999987
0 0.24421874999999998 0.346625 0.034854166666666644 0.012859375000000029
0 0.3169583333333333 0.35948437499999997 0.026552083333333344 0.021156250000000033
0 0.3228125 0.29605468749999997 0.022625000000000027 0.024796875000000006
0 0.26626041666666667 0.20404687500000002 0.015083333333333353 0.03219531250000003
0 0.316 0.2043515625 0.02660416666666663 0.025390625
0 0.30873958333333335 0.23382031250000002 0.011281250000000043 0.015414062500000015
0 0.32365625 0.24274218749999998 0.015312500000000047 0.017531250000000043
0 0.3686666666666667 0.1162578125 0.03163541666666667 0.02518750000000001
0 0.39884375 0.11278906250000001 0.03747916666666669 0.014601562499999998
0 0.4487291666666666 0.1489296875 0.016552083333333318 0.020437500000000018
0 0.4825520833333333 0.1761171875 0.025791666666666657 0.02664843750000001
0 0.38107291666666665 0.0684375 0.023364583333333282 0.036867187499999995
0 0.43461458333333336 0.0228125 0.02822916666666669 0.014968750000000003
0 0.44994791666666667 0.0275625 0.03747916666666669 0.0259140625
0 0.5212395833333333 0.06753125 0.03990624999999994 0.0226328125
0 0.5798854166666667 0.027375 0.03455208333333341 0.0124140625
0 0.5992708333333333 0.0158046875 0.02418750000000003 0.010531249999999997
0 0.6458854166666667 0.043890624999999996 0.02458333333333324 0.0175546875
0 0.7465208333333333 0.012718750000000001 0.03559375000000008 0.014859374999999998
0 0.6929166666666667 0.7999140625000001 0.028604166666666705 0.02917968749999993