0 0.05479166666666667 0.041140625 0.018937499999999993 0.02321875
0 0.009135416666666667 0.0548359375 0.018260416666666668 0.012296875000000007
0 0.16059374999999998 0.0086796875 0.023812500000000014 0.0173515625
0 0.2265625 0.0046875 0.030208333333333334 0.009375
0 0.22330208333333335 0.0273359375 0.016104166666666645 0.01590625
0 0.19888541666666668 0.0758515625 0.012177083333333331 0.027710937499999998
0 0.27857291666666667 0.02915625 0.025979166666666723 0.008859375000000003
0 0.24854166666666666 0.0779296875 0.021104166666666656 0.009742187499999999
0 0.22769791666666667 0.08315625 0.018395833333333358 0.01796875
0 0.11676041666666667 0.1054375 0.012989583333333332 0.013585937499999989
0 0.12427083333333333 0.1306640625 0.030166666666666675 0.007437499999999986
0 0.12473958333333333 0.1151875 0.01705208333333334 0.018085937499999982
0 0.03598958333333333 0.160296875 0.026791666666666665 0.010406249999999995
0 0.2798541666666667 0.0449921875 0.016645833333333353 0.01778124999999999
0 0.4046666666666667 0.06929687500000001 0.049791666666666616 0.012796874999999996
0 0.47873958333333333 0.0510859375 0.02476041666666665 0.01875781249999999
0 0.39276041666666667 0.103359375 0.019479166666666714 0.01575000000000002
0 0.2685625 0.1723671875 0.024354166666666663 0.02692968750000002
0 0.33769791666666665 0.1891640625 0.04572916666666664 0.016890625000000003
0 0.4330833333333333 0.1596796875 0.012447916666666715 0.01981250000000001
0 0.5378645833333333 0.10110937499999999 0.009604166666666695 0.022414062499999998
0 0.5612708333333334 0.05015625 0.039645833333333276 0.013859375000000007
0 0.6235104166666667 0.0450859375 0.028822916666666743 0.024007812500000003
0 0.6915 0.0290078125 0.02137499999999998 0.018234375000000004
0 0.7118541666666667 0.01996875 0.014479166666666762 0.018429687499999996
0 0.7086770833333333 0.0812265625 0.016781249999999897 0.020195312499999996
0 0.7611770833333333 0.1071953125 0.041666666666666664 0.020210937500000005
0 0.8746875000000001 0.04446875 0.017583333333333447 0.023906249999999997
0 0.7870833333333334 0.170734375 0.037208333333333364 0.010835937500000004
0 0.6715416666666666 0.136375 0.04098958333333324 0.01765625000000002
0 0.6056458333333333 0.121203125 0.02476041666666665 0.020609374999999996
0 0.5850208333333333 0.1302421875 0.020562500000000008 0.01979687499999998
0 0.5595104166666667 0.125421875 0.0323333333333333 0.021312500000000022
0 0.5487604166666666 0.16697656249999998 0.01732291666666678 0.01632031249999999
0 0.6142395833333333 0.1790078125 0.021645833333333305 0.021695312499999987
0 0.6299375 0.21042187499999998 0.020562500000000008 0.03091406250000004
0 0.8142083333333333 0.20282031250000002 0.03842708333333344 0.03303124999999998
0 0.8548020833333333 0.22290625 0.027604166666666666 0.02826562499999996
0 0.8951875 0.21885156249999999 0.029354166666666733 0.012335937499999972
0 0.92515625 0.1802265625 0.034364583333333344 0.015195312499999992
0 0.9721041666666667 0.10785937500000001 0.040593750000000026 0.020695312500000007
0 0.9772395833333333 0.04584375 0.01839583333333342 0.028570312500000007
0 0.9668854166666667 0.2393203125 0.022593750000000058 0.021812499999999967
0 0.9701354166666667 0.262109375 0.0323333333333333 0.017843750000000026
0 0.8701562500000001 0.28205468749999996 0.034770833333333445 0.01143749999999999
0 0.7533958333333334 0.2903359375 0.027468749999999886 0.030484374999999987
0 0.7140208333333333 0.278296875 0.03314583333333327 0.016921874999999975
0 0.6410312499999999 0.25115625 0.02516666666666675 0.013015624999999975
0 0.6200625 0.24075000000000002 0.012989583333333362 0.021632812500000043
0 0.5304895833333333 0.243796875 0.025437500000000075 0.01960937500000002
0 0.6287916666666666 0.27424218749999996 0.03585416666666674 0.025039062499999966
0 0.6789791666666667 0.297390625 0.03558333333333342 0.017203124999999986
0 0.5419895833333332 0.2907890625 0.038156250000000114 0.018210937499999958
0 0.5954375 0.333421875 0.025437500000000075 0.022296874999999973
0 0.7615104166666666 0.3546328125 0.02205208333333341 0.022554687500000004
0 0.7266770833333334 0.375546875 0.0227291666666666 0.01928124999999996
0 0.6905520833333333 0.36813281249999996 0.02191666666666663 0.014601562500000043
0 0.7041458333333334 0.3569140625 0.023135416666666703 0.01088281249999996
0 0.8130624999999999 0.385546875 0.024489583333333325 0.017539062500000036
0 0.9573541666666666 0.30440625 0.020020833333333363 0.02210156249999997
0 0.96175 0.340234375 0.039645833333333276 0.009750000000000014
0 0.9902291666666667 0.33734375 0.016510416666666573 0.009835937500000025
0 0.9156770833333333 0.34748437499999996 0.03842708333333344 0.010453124999999997
0 0.91325 0.357078125 0.02706250000000002 0.012578125000000018
0 0.8780729166666668 0.3692109375 0.021645833333333305 0.024882812500000018
0 0.9860520833333334 0.36646875 0.027895833333333304 0.011054687499999983
0 0.8523645833333333 0.41149218750000005 0.01353125000000001 0.023179687500000056
0 0.88090625 0.422953125 0.01866666666666674 0.024929687500000065
0 0.9078333333333333 0.45553906250000004 0.021645833333333305 0.018617187499999945
0 0.9321145833333334 0.46365625 0.025843749999999943 0.013874999999999993
0 0.95925 0.447109375 0.021645833333333305 0.02125781250000003
0 0.9544479166666666 0.48821875 0.03260416666666662 0.014124999999999943
0 0.9904479166666668 0.46716406250000003 0.019104166666666582 0.023921874999999915
0 0.8307187500000001 0.44203906249999997 0.02435416666666678 0.025429687499999964
0 0.7922916666666667 0.45128124999999997 0.023270833333333248 0.029695312499999994
0 0.8850416666666666 0.48020312499999995 0.0171875 0.020023437500000085
0 0.9308333333333334 0.5093593750000001 0.01353125000000001 0.019539062499999992
0 0.9672916666666667 0.525859375 0.04207291666666677 0.008382812500000014
0 0.9093854166666666 0.5217968749999999 0.022593750000000058 0.024093749999999935
0 0.8158333333333334 0.50825 0.02706250000000002 0.012742187499999957
0 0.8255729166666667 0.49890625 0.023812499999999896 0.009999999999999964
0 0.7560312499999999 0.520828125 0.03301041666666672 0.010804687499999943
0 0.72971875 0.49682812500000006 0.013937500000000113 0.021273437500000013
0 0.6566562499999999 0.469625 0.04559374999999998 0.013632812500000036
0 0.66159375 0.50434375 0.032468750000000074 0.014054687500000006
0 0.7049583333333334 0.5147421875 0.036666666666666715 0.01355468749999993
0 0.5796041666666666 0.45251562500000003 0.020020833333333363 0.03175000000000008
0 0.5730416666666667 0.4033515625 0.029625000000000058 0.01704687499999995
0 0.54909375 0.4836875 0.03693750000000004 0.01638281250000002
0 0.6236458333333333 0.49220312499999996 0.02286458333333338 0.023406250000000028
0 0.7824166666666666 0.5495625000000001 0.016781249999999897 0.01827343750000008
0 0.8008854166666667 0.5426640625 0.04072916666666657 0.007718750000000085
0 0.8654895833333334 0.538296875 0.01839583333333342 0.02254687499999992
0 0.8239479166666667 0.550328125 0.033822916666666696 0.012687500000000008
0 0.8363333333333334 0.55809375 0.029354166666666733 0.01096093749999998
0 0.8545937499999999 0.5641406250000001 0.022593750000000058 0.024062499999999966
0 0.8755624999999999 0.5677890624999999 0.01583333333333338 0.021414062500000063
0 0.8887604166666667 0.57021875 0.015156249999999953 0.024656249999999956
0 0.9385416666666667 0.5531171875 0.01839583333333342 0.02943750000000005
0 0.98265625 0.5761093749999999 0.0156979166666666 0.01693750000000005
0 0.9320520833333333 0.6108203125 0.015156249999999953 0.01651562500000008
0 0.9045833333333333 0.613515625 0.02408333333333322 0.012210937500000085
0 0.8717083333333334 0.5986953125000001 0.010281249999999886 0.025554687500000027
0 0.8654895833333334 0.58728125 0.008656249999999944 0.013515624999999965
0 0.8503958333333334 0.5806328125 0.03125 0.01138281249999995
0 0.8245625000000001 0.5954453125 0.020156249999999907 0.019875000000000042
0 0.7713229166666667 0.57875 0.03355208333333337 0.011656250000000057
0 0.84878125 0.621078125 0.03693750000000004 0.014273437499999986
0 0.8361249999999999 0.634671875 0.03111458333333322 0.019546874999999984
0 0.8039270833333333 0.6333515625 0.023541666666666572 0.02421093750000001
0 0.8100104166666667 0.6576640625 0.04274999999999996 0.019226562499999923
0 0.7761250000000001 0.632140625 0.015291666666666733 0.022593750000000058
0 0.7533229166666667 0.6422890625 0.028958333333333287 0.01040624999999995
0 0.7476458333333333 0.629 0.01866666666666674 0.021867187500000006
0 0.7268749999999999 0.6148359375 0.019614583333333258 0.01688281249999992
0 0.5764270833333334 0.5595703125 0.029625000000000058 0.012890625
0 0.6649062499999999 0.626 0.020427083333333228 0.014859374999999985
0 0.6752604166666667 0.639953125 0.03355208333333337 0.017101562500000077
0 0.5905 0.65528125 0.04478125000000001 0.01283593750000005
0 0.5606666666666666 0.62721875 0.02191666666666663 0.015187500000000043
0 0.5274479166666667 0.629296875 0.03558333333333342 0.020156249999999966
0 0.5621562499999999 0.6926015624999999 0.03788541666666655 0.02139843750000008
0 0.5199374999999999 0.6749453125 0.023812500000000014 0.02446874999999995
0 0.49883333333333335 0.5848125 0.030302083333333365 0.023812500000000014
0 0.4449895833333333 0.5438046875 0.036260416666666725 0.014851562499999993
0 0.44417708333333333 0.5994765625 0.040052083333333384 0.012820312500000064
0 0.37984375 0.596484375 0.04126041666666668 0.01576562500000005
0 0.38288541666666664 0.631140625 0.020291666666666687 0.026609374999999956
0 0.37124999999999997 0.664890625 0.043020833333333286 0.016945312500000042
0 0.3130729166666667 0.683578125 0.029489583333333277 0.024476562499999945
0 0.2595 0.6736796875 0.025166666666666632 0.019906250000000014
0 0.2724895833333333 0.6540859375 0.013260416666666686 0.01928125000000005
0 0.25936458333333334 0.6525624999999999 0.022187499999999954 0.010148437500000006
0 0.25936458333333334 0.6313984375 0.027604166666666666 0.009421874999999958
0 0.22905208333333332 0.6270390625 0.021104166666666656 0.018960937499999986
0 0.20281249999999998 0.6420625 0.015156250000000012 0.028718749999999994
0 0.1995625 0.603796875 0.02706250000000002 0.019156249999999986
0 0.18163541666666666 0.5731171875000001 0.033145833333333326 0.027804687499999935
0 0.23615625 0.5194687499999999 0.04586458333333336 0.0189453125
0 0.32856250000000004 0.5122656250000001 0.02069791666666667 0.026859375000000085
0 0.42272916666666666 0.47200781249999996 0.021510416666666643 0.028281250000000036
0 0.322 0.47699218749999994 0.016239583333333366 0.02429687499999993
0 0.31280208333333337 0.45928125 0.03463541666666667 0.010179687499999979
0 0.25354166666666667 0.48795312500000004 0.03409375000000002 0.009687500000000071
0 0.20686458333333332 0.4799296875 0.02191666666666669 0.02867968750000003
0 0.17472916666666669 0.4551640625 0.02259375 0.029507812499999987
0 0.470625 0.43260156250000004 0.030166666666666706 0.02592187500000005
0 0.41122916666666665 0.4307265625 0.03260416666666662 0.012421875000000072
0 0.4019583333333333 0.397484375 0.017322916666666664 0.013437500000000036
0 0.4886875 0.4118984375 0.025166666666666632 0.02603124999999995
0 0.9802395833333333 0.1663515625 0.03952083333333339 0.014101562500000008
0 0.48674999999999996 0.3069375 0.028635416666666677 0.02196093750000001
0 0.4617604166666667 0.3068359375 0.025510416666666678 0.015914062500000003
0 0.28203125 0.28926562499999997 0.01900000000000001 0.01980468750000002
0 0.30740625 0.3151328125 0.028114583333333342 0.014937500000000003
0 0.26588541666666665 0.2969765625 0.021604166666666678 0.013757812500000011
0 0.25079166666666663 0.3078125 0.022645833333333344 0.013960937500000003
0 0.18389583333333331 0.3339765625 0.04346875000000002 0.01961718750000001
0 0.230875 0.3760625 0.035395833333333356 0.019664062499999968
0 0.28267708333333336 0.21290625 0.020302083333333342 0.027179687499999973
0 0.24870833333333334 0.21075781249999997 0.028895833333333343 0.01897656249999997
0 0.12389583333333333 0.277640625 0.020302083333333342 0.025851562500000026
0 0.039177083333333335 0.281546875 0.02577083333333333 0.025851562500000026
0 0.006510416666666667 0.24200781249999997 0.013010416666666668 0.019000000000000038
0 0.018875 0.38553125 0.03773958333333333 0.018023437500000038
0 0.0459375 0.4135546875 0.033052083333333336 0.014687499999999964
0 0.009114583333333334 0.42459375 0.018218749999999995 0.028867187500000037
0 0.04451041666666666 0.4453828125 0.01769791666666666 0.025210937499999985
0 0.1813958333333333 0.4026953125 0.029270833333333357 0.013671875
0 0.09989583333333334 0.41725 0.01771874999999999 0.014625000000000022
0 0.09595833333333334 0.53621875 0.0273125 0.026242187499999937
0 0.01653125 0.51296875 0.02803125 0.01749218750000008
0 0.026145833333333333 0.6103671875 0.021385416666666667 0.023499999999999945
0 0.06235416666666667 0.62634375 0.02623958333333333 0.014453125