0 0.3816203703703704 0.1607911706349206 0.013280423280423174 0.005907738095238058
0 0.36451388888888886 0.1708333333333333 0.02048280423280424 0.007428075396825396
0 0.3660879629629629 0.17944444444444443 0.011927910052910088 0.004389880952380976
0 0.3424570105820105 0.18155257936507935 0.011478174603174669 0.007596726190476221
0 0.3600132275132275 0.1858581349206349 0.011927910052910088 0.006413690476190448
0 0.29822751322751323 0.19210317460317458 0.01620701058201052 0.00573908730158732
0 0.3228736772486772 0.2067906746031746 0.012830687830687875 0.008439980158730176
0 0.3515707671957672 0.2011359126984127 0.00900462962962969 0.00827132936507935
0 0.364401455026455 0.20830853174603173 0.010353835978835945 0.011815476190476204
0 0.376547619047619 0.20447668650793652 0.012238756613756625 0.005411706349206291
0 0.40875992063492056 0.19476438492063491 0.007860449735449748 0.01227182539682541
0 0.4257010582010582 0.20051339285714284 0.01185515873015864 0.005218253968253972
0 0.4454794973544974 0.18582589285714285 0.01584656084656082 0.006956845238095211
0 0.43704034391534385 0.17447172619047618 0.012883597883597867 0.006282242063492038
0 0.2460912698412698 0.21303571428571427 0.011792328042328097 0.010962301587301581
0 0.22383267195767195 0.22885912698412697 0.011792328042328097 0.006230158730158664
0 0.2317228835978836 0.2432490079365079 0.01096230158730164 0.006354166666666661
0 0.24576058201058198 0.24972718253968257 0.01511574074074075 0.013330853174603164
0 0.22699074074074072 0.26181051587301585 0.0071428571428571175 0.009094742063492057
0 0.22084325396825397 0.25975446428571425 0.01279100529100532 0.009967757936507926
0 0.20672288359788357 0.2788169642857143 0.010466269841269889 0.007973710317460369
0 0.22424933862433863 0.2786929563492063 0.01096230158730164 0.008472222222222214
0 0.16528108465608465 0.27563988095238096 0.013951719576719531 0.009094742063492057
0 0.1527380952380952 0.28436011904761904 0.013786375661375654 0.006354166666666661
0 0.14534722222222218 0.28897073412698415 0.011960978835978804 0.006602182539682477
0 0.17084325396825398 0.2889087301587302 0.01578042328042327 0.008970734126984148
0 0.17009589947089945 0.29482638888888885 0.011960978835978863 0.007599206349206344
0 0.21087632275132276 0.30061755952380953 0.010132275132275185 0.0074751984126983475
0 0.17840277777777777 0.3095882936507936 0.01096230158730164 0.0057316468253968186
0 0.23928240740740742 0.30117807539682534 0.012457010582010616 0.011336805555555607
0 0.1989186507936508 0.3232291666666666 0.014785052910052936 0.006602182539682477
0 0.2145304232804233 0.32503720238095235 0.017109788359788367 0.0057316468253968186
0 0.20240410052910054 0.32995783730158734 0.012457010582010616 0.006602182539682477
0 0.24085978835978836 0.3198040674603174 0.01627976190476191 0.013206845238095255
0 0.26361772486772483 0.32422619047619045 0.012956349206349197 0.005855654761904816
0 0.26708994708994704 0.2773586309523809 0.011967592592592613 0.00666418650793652
0 0.16611111111111107 0.3474305555555555 0.010744047619047592 0.008373015873015888
0 0.18746031746031744 0.35774057539682536 0.010466269841269889 0.009523809523809578
0 0.13220568783068784 0.3359201388888889 0.00990740740740743 0.010255456349206327
0 0.13695105820105818 0.3470659722222222 0.010744047619047606 0.006173115079365044
0 0.11364748677248677 0.3209548611111111 0.013535052910052888 0.008373015873015888
0 0.112390873015873 0.3315252976190476 0.007953042328042326 0.007326388888888857
0 0.1153207671957672 0.34335069444444444 0.0071164021164021206 0.009417162698412617
0 0.08958002645502644 0.3527157738095238 0.01060515873015874 0.00847718253968246
0 0.10311177248677249 0.3671577380952381 0.02121031746031745 0.01266121031746037
0 0.1631812169312169 0.3768898809523809 0.018558201058201065 0.010359623015872987
0 0.12055555555555555 0.4006969246031746 0.023161375661375654 0.013395337301587373
0 0.18133267195767197 0.4005456349206349 0.008167989417989456 0.013077876984126968
0 0.21510251322751323 0.39276537698412695 0.009050925925925905 0.010761408730158717
0 0.2308862433862434 0.3647867063492063 0.008386243386243327 0.010429067460317487
0 0.19016203703703702 0.41875496031746035 0.010816798941798982 0.010761408730158628
0 0.13950396825396824 0.42711557539682543 0.01854166666666668 0.011257440476190438
0 0.09248677248677248 0.4216517857142857 0.008829365079365084 0.006951884920635009
0 0.11224206349206349 0.44772569444444443 0.008607804232804236 0.012748015873015817
0 0.15098214285714284 0.4574950396825396 0.010152116402116404 0.010761408730158628
0 0.1695205026455026 0.4589012896825396 0.020747354497354504 0.00893849206349202
0 0.15671957671957673 0.46750992063492064 0.00618055555555556 0.007946428571428577
0 0.2173115079365079 0.44772569444444443 0.013465608465608448 0.00811259920634928
0 0.1140079365079365 0.47338789682539684 0.009490740740740744 0.0074503968253967654
0 0.10330357142857143 0.4894444444444444 0.0057374338624338606 0.010429067460317576
0 0.077146164021164 0.4769469246031746 0.006402116402116409 0.007614087301587169
0 0.13806878306878306 0.4962326388888888 0.010373677248677238 0.008774801587301618
0 0.17051587301587298 0.48977678571428573 0.009050925925925905 0.007780257936507873
0 0.06859457671957672 0.432703373015873 0.010419973544973534 0.00922619047619051
0 0.08572751322751322 0.5155580357142857 0.008634259259259262 0.010176091269841158
0 0.06537367724867724 0.5184250992063492 0.015787037037037033 0.015912698412698312
0 0.049831349206349206 0.5416468253968254 0.009867724867724862 0.009437003968253954
0 0.07918981481481481 0.5348015873015873 0.007893518518518524 0.014615575396825519
0 0.05499669312169312 0.5587177579365079 0.010664682539682542 0.004999999999999893
0 0.06607804232804232 0.5540947420634921 0.012166005291005295 0.015248015873015852
0 0.0734126984126984 0.550657242063492 0.008832671957671945 0.0073735119047617205
0 0.12491071428571428 0.5401562499999999 0.009166666666666679 0.01112351190476204
0 0.11357804232804232 0.555969742063492 0.010499338624338635 0.00625
0 0.1038260582010582 0.5597197420634921 0.00966600529100529 0.00924851190476197
0 0.1374074074074074 0.5118452380952381 0.011498015873015873 0.007499999999999929
0 0.18290674603174603 0.532844742063492 0.008832671957671975 0.010749007936508015
0 0.19499007936507934 0.533219246031746 0.012999338624338582 0.008499503968254097
0 0.09929894179894179 0.6451140873015873 0.009808201058201061 0.009888392857142847
0 0.10669642857142855 0.6415575396825397 0.005628306878306866 0.01121527777777782
0 0.1417493386243386 0.6177380952380951 0.00755952380952382 0.010131448412698418
0 0.10508597883597882 0.603204365079365 0.008201058201058173 0.009045138888888892
0 0.07397156084656084 0.6047123015873015 0.00836309523809525 0.023157242063492057
0 0.07750992063492063 0.5876463293650793 0.014474206349206339 0.012663690476190582
0 0.07011243386243386 0.5770337301587302 0.009004629629629632 0.006391369047619122
0 0.1459126984126984 0.5813690476190476 0.01162367724867727 0.011875000000000035
0 0.1848941798941799 0.6255778769841269 0.008852513227513192 0.010404265873015817
0 0.14836309523809524 0.6628348214285714 0.01083333333333331 0.012981150793650897
0 0.15503637566137565 0.6707118055555555 0.009907407407407417 0.008918650793650862
0 0.16543320105820103 0.6819990079365079 0.00851190476190477 0.012212301587301511
0 0.20346230158730155 0.6713814484126984 0.007956349206349186 0.01429563492063508
0 0.19458002645502642 0.6952529761904762 0.00980820105820109 0.009298115079364955
0 0.18736111111111112 0.7070486111111112 0.006845238095238138 0.009853670634920597
0 0.1540542328042328 0.7101016865079365 0.011656746031746046 0.012628968253968332
0 0.19272817460317457 0.718985615079365 0.0053670634920634916 0.010131448412698418
0 0.19393187830687833 0.729047619047619 0.009252645502645507 0.011103670634920704
0 0.20540343915343912 0.737095734126984 0.008882275132275078 0.013323412698412796
0 0.18893518518518518 0.750280257936508 0.012582671957671938 0.01554315476190471
0 0.2246494708994709 0.7697792658730158 0.013323412698412676 0.01068700396825406
0 0.25101851851851853 0.7817857142857142 0.009437830687830662 0.00888144841269849
0 0.25666335978835975 0.7622867063492063 0.00851190476190477 0.01235119047619051
0 0.2721130952380952 0.7884474206349206 0.01832010582010583 0.01582093253968253
0 0.2363988095238095 0.7250917658730158 0.008326719576719615 0.01568204365079353
0 0.24259920634920634 0.7327926587301586 0.00851190476190477 0.00832837301587297
0 0.2659160052910053 0.7305034722222221 0.009252645502645507 0.01346230158730144
0 0.2701719576719576 0.7432713293650793 0.009993386243386245 0.006800595238095219
0 0.25 0.7125297619047619 0.009993386243386245 0.009159226190476311
0 0.28432870370370367 0.7089905753968254 0.019801587301587393 0.01568204365079353
0 0.22936838624338624 0.6942113095238095 0.008326719576719615 0.009714781746031775
0 0.25342592592592594 0.6828298611111111 0.009067460317460353 0.00888144841269849
0 0.26610119047619046 0.6704092261904762 0.010734126984126983 0.00902033730158731
0 0.27886904761904757 0.687202380952381 0.009252645502645507 0.007633928571428505
0 0.2948743386243386 0.6817212301587301 0.0183201058201058 0.012767857142856975
0 0.28386574074074067 0.696500496031746 0.012953042328042367 0.007356150793650684
0 0.31328703703703703 0.7210664682539683 0.016653439153439108 0.008464781746031847
0 0.33678902116402115 0.7069791666666666 0.014064153439153414 0.009159226190476311
0 0.3379927248677248 0.7381374007936508 0.014619708994708939 0.007911706349206326
0 0.2974669312169312 0.7512524801587301 0.015360449735449795 0.0072172619047620405
0 0.30755291005291 0.7622172619047619 0.00851190476190477 0.01027033730158724
0 0.3568386243386243 0.7761383928571428 0.005575396825396813 0.007011408730158842
0 0.3565939153439153 0.7884995039682539 0.006068121693121616 0.009347718253968119
0 0.31953042328042325 0.7974776785714285 0.007708333333333309 0.008117559523809348
0 0.3272387566137566 0.8165401785714286 0.011970899470899472 0.007378472222222143
0 0.3329794973544973 0.8123586309523809 0.011970899470899472 0.005411706349206113
0 0.34191798941798945 0.8139583333333332 0.016071428571428587 0.012790178571428612
0 0.36749999999999994 0.8233655753968254 0.0108234126984127 0.01045386904761898
0 0.3726653439153439 0.8320982142857142 0.012956349206349197 0.006763392857142847
0 0.3802910052910053 0.8291468253968253 0.008528439153439156 0.008487103174603305
0 0.3934920634920635 0.8266865079365079 0.014923941798941817 0.007011408730158664
0 0.39849206349206345 0.8158035714285715 0.007870370370370475 0.0068874007936507555
0 0.3911937830687831 0.7956324404761903 0.011643518518518548 0.006150793650793673
0 0.4534424603174603 0.8421527777777778 0.011534391534391612 0.008472222222222214
0 0.43049272486772483 0.8288219246031746 0.0070138888888889046 0.009630456349206184
0 0.4431547619047619 0.8207068452380952 0.01141534391534395 0.007490079365079438
0 0.4382804232804232 0.8140178571428571 0.006894841269841242 0.0028546626984127244
0 0.42698412698412697 0.8031374007936508 0.005707671957672034 0.004816468253968154
0 0.454808201058201 0.8112549603174604 0.012840608465608482 0.007311507936507766
0 0.47555886243386236 0.8199925595238096 0.010582010582010545 0.006421130952380949
0 0.4793617724867724 0.8038070436507935 0.020806878306878336 0.006153273809523796
0 0.4932738095238095 0.8120114087301588 0.01272156084656082 0.007046130952381091
0 0.4428009259259259 0.7894940476190475 0.0156944444444445 0.007311507936507766
0 0.421574074074074 0.7943998015873015 0.009867724867724921 0.005528273809523832
0 0.4219907407407407 0.7873983134920635 0.008323412698412724 0.005260416666666679
0 0.4727645502645503 0.7856597222222222 0.015456349206349173 0.005706845238095326
0 0.4253174603174603 0.745625 0.011127645502645578 0.008561507936508051
0 0.4654100529100529 0.7722693452380952 0.01541005291005284 0.01219990079365072
0 0.4892361111111111 0.7659573412698413 0.013412698412698395 0.004707341269841158
0 0.40349206349206346 0.7295114087301586 0.009315476190476228 0.006894841269841301
0 0.40249999999999997 0.7240624999999999 0.012546296296296333 0.007919146825396873
0 0.420324074074074 0.7319320436507937 0.00944113756613767 0.00782490079365079
0 0.426656746031746 0.709109623015873 0.013912037037037094 0.008010912698412831
0 0.4432771164021164 0.7049429563492062 0.003773148148148072 0.006267361111111214
0 0.5000859788359788 0.7026686507936507 0.00741402116402116 0.005761408730158557
0 0.564236111111111 0.6917137896825396 0.013429232804232782 0.005811011904761898
0 0.5873941798941799 0.7258705357142856 0.007404100529100551 0.014464285714285551
0 0.6245833333333334 0.7373635912698413 0.01291335978835993 0.0049082341269841125
0 0.6611739417989418 0.7341989087301587 0.01721891534391536 0.00813492063492074
0 0.5738789682539682 0.7513095238095239 0.020317460317460245 0.006716269841269806
0 0.6172652116402115 0.7607366071428572 0.015152116402116415 0.006455853174603199
0 0.6173544973544974 0.7645461309523809 0.01635582010582013 0.005553075396825413
0 0.5549371693121693 0.7670634920634921 0.021005291005291107 0.007232142857142776
0 0.5760449735449735 0.7929141865079365 0.013356481481481334 0.012522321428571459
0 0.626438492063492 0.7992336309523811 0.017000661375661252 0.006716269841269895
0 0.6271197089947089 0.8075421626984127 0.011686507936507932 0.007172619047619122
0 0.6437433862433862 0.8036160714285714 0.007285052910053006 0.009107142857142847
0 0.5178703703703703 0.8084796626984125 0.017063492063492093 0.008062996031745939
0 0.5215376984126984 0.8265228174603173 0.015529100529100504 0.006014384920634797
0 0.5459391534391534 0.8303621031746031 0.008703703703703762 0.007549603174603093
0 0.5313492063492063 0.8353546626984126 0.015357142857142906 0.004223710317460316
0 0.47265211640211635 0.8358655753968254 0.013991402116402086 0.004990079365079225
0 0.47427248677248673 0.8445684523809524 0.0052910052910052725 0.007549603174603093
0 0.5248677248677248 0.8416245039682538 0.01569775132275121 0.004479166666666856
0 0.5282804232804232 0.847063492063492 0.018769841269841395 0.00665426587301603
0 0.6158994708994708 0.8334995039682539 0.018941798941798992 0.00639880952380949
0 0.6525 0.8253720238095237 0.01126322751322751 0.009598214285714234
0 0.6730621693121692 0.8148784722222222 0.01655092592592595 0.006014384920634797
0 0.7027513227513226 0.8166691468253967 0.012457010582010496 0.0067832341269841835
0 0.7007043650793651 0.804766865079365 0.01962301587301596 0.013692956349206397
0 0.6764748677248676 0.7873635912698412 0.012116402116402015 0.005758928571428612
0 0.711111111111111 0.7866592261904761 0.01655092592592595 0.0071676587301586995
0 0.6916600529100528 0.7753348214285715 0.014163359788359742 0.0070386904761905456
0 0.6783498677248676 0.7618973214285714 0.01075066137566149 0.0070386904761905456
0 0.6996792328042327 0.7529389880952381 0.013138227513227463 0.007549603174603093
0 0.7437400793650794 0.7888318452380952 0.011590608465608436 0.005287698412698383
0 0.7535383597883597 0.7463988095238095 0.010873015873015864 0.00842261904761905
0 0.768234126984127 0.7497594246031747 0.009679232804232878 0.009050099206349138
0 0.7779728835978835 0.7471155753968254 0.012665343915343878 0.006093749999999965
0 0.7653670634920633 0.7320610119047619 0.01660714285714301 0.007348710317460316
0 0.7819742063492063 0.7331349206349206 0.01589285714285727 0.006989087301587382
0 0.8044378306878307 0.7356894841269841 0.012546296296296095 0.005466269841269878
0 0.810353835978836 0.7521329365079364 0.010515873015872994 0.010394345238095149
0 0.8234953703703703 0.7344791666666667 0.011230158730158734 0.007527281746031811
0 0.8513955026455026 0.7257862103174603 0.009199735449735395 0.008244047619047557
0 0.8313822751322751 0.7036086309523808 0.011230158730158734 0.009409722222222073
0 0.8395072751322751 0.6997098214285714 0.007886904761904864 0.008782242063491985
0 0.7803009259259259 0.7025768849206349 0.011828703703703761 0.0071701388888888214
0 0.7657242063492063 0.7009201388888889 0.01206679894179885 0.008154761904761897
0 0.7092890211640211 0.6701686507936507 0.015446428571428564 0.006319444444444322
0 0.7733862433862433 0.6571527777777777 0.01243716931216928 0.010381944444444357
0 0.8133101851851852 0.6507589285714286 0.01444444444444457 0.0066195436507936025
0 0.8296593915343915 0.654595734126984 0.007020502645502565 0.008876488095238066
0 0.8211342592592593 0.6703943452380953 0.011636904761904533 0.005567956349206327
0 0.8387896825396824 0.6633234126984127 0.012840608465608482 0.005868055555555607
0 0.8538624338624338 0.6720188492063491 0.010863095238095373 0.011138392857142776
0 0.8670701058201058 0.6752703373015873 0.009768518518518477 0.009270833333333428
0 0.8660251322751322 0.6883159722222222 0.015449735449735632 0.010391865079365025
0 0.8674206349206348 0.6987822420634919 0.0064781746031745985 0.010689484126984183
0 0.8908432539682539 0.6927256944444444 0.013257275132275243 0.0071006944444445
0 0.9286904761904762 0.6460292658730158 0.007466931216931272 0.010562996031746152
0 0.916848544973545 0.6195436507936508 0.010241402116402298 0.005920138888888893
0 0.9301818783068783 0.6165823412698412 0.012162698412698347 0.006721230158730229
0 0.8831349206349206 0.6056225198412698 0.011094576719576803 0.0046403769841269595
0 0.9156746031746031 0.6022619047619048 0.010882936507936354 0.002400793650793709
0 0.925595238095238 0.5930605158730158 0.008535052910053053 0.009920634920634974
0 0.9089517195767196 0.5858581349206349 0.008961640211640306 0.00480158730158724
0 0.8528373015873015 0.6027405753968254 0.014510582010582121 0.006240079365079332
0 0.8820667989417988 0.5788963293650793 0.011521164021164054 0.008802083333333321
0 0.9421296296296295 0.5606547619047618 0.017708333333333333 0.008482142857142883
0 0.9494940476190475 0.5516121031746032 0.008961640211640306 0.008320932539682602
0 0.9393584656084656 0.5440104166666666 0.013442460317460103 0.012641369047619122
0 0.9182341269841269 0.5413715277777778 0.016428571428571577 0.012162698412698347
0 0.85625 0.5274479166666667 0.0132275132275133 0.00640128968253979
0 0.8253108465608464 0.5326488095238094 0.008108465608465803 0.010721726190476132
0 0.8965773809523809 0.5072842261904762 0.008535052910053053 0.013762400793650719
0 0.9069246031746031 0.5111259920634921 0.006187169312169279 0.01152281746031747
0 0.9564285714285713 0.5020039682539682 0.01002976190476185 0.009920634920634974
0 0.9753108465608465 0.4991245039682539 0.00981481481481481 0.012482638888888786
0 0.8993055555555555 0.46998759920634914 0.00813492063492068 0.012455357142857082
0 0.9138756613756612 0.4677628968253968 0.00610119047619051 0.01003968253968246
0 0.9331944444444444 0.4596924603174603 0.012880291005290919 0.005845734126984148
0 0.9644609788359788 0.450032242063492 0.006269841269841218 0.005592757936507908
0 0.9483630952380951 0.44285218253968245 0.009996693121693075 0.007497519841269807
0 0.927688492063492 0.43586309523809524 0.005932539682539565 0.00826140873015877
0 0.9502876984126983 0.4107440476190476 0.015446428571428564 0.007068452380952372
0 0.9091865079365079 0.35797867063492056 0.012043650793650803 0.013645833333333357
0 0.9294113756613757 0.3539037698412698 0.010340608465608626 0.010602678571428558
0 0.8726686507936507 0.3492410714285714 0.010734126984127101 0.010699404761904762
0 0.8347089947089946 0.35036954365079365 0.009163359788359788 0.010406746031746027
0 0.8276421957671957 0.3419270833333333 0.008637566137566211 0.009032738095238102
0 0.7936078042328042 0.33323908730158724 0.01125661375661385 0.00795138888888891
0 0.7850992063492063 0.33672371031746035 0.009947089947089911 0.007068452380952372
0 0.7072189153439153 0.3440376984126984 0.018326719576719577 0.00795138888888891
0 0.7101620370370371 0.3486036706349206 0.01636243386243379 0.006086309523809508
0 0.8740542328042327 0.30544642857142856 0.009864417989417973 0.009821428571428559
0 0.8877910052910052 0.30412698412698413 0.008531746031745986 0.01170634920634912
0 0.9022354497354498 0.3126339285714285 0.009695767195767029 0.014761904761904799
0 0.8464880952380953 0.2851488095238095 0.009887566137566021 0.013162202380952425
0 0.8236078042328042 0.28914682539682535 0.012020502645502754 0.0048710317460317395
0 0.8459623015873016 0.27046378968253965 0.006689814814814573 0.008268849206349228
0 0.8260813492063492 0.26684027777777775 0.009041005291005414 0.013469742063492074
0 0.7959854497354496 0.2875545634920635 0.01102513227513242 0.01105406746031754
0 0.7529464285714285 0.2598487103174603 0.01075396825396832 0.006760912698412724
0 0.7505555555555554 0.2295014880952381 0.015317460317460292 0.006354166666666661
0 0.6841865079365079 0.20412450396825393 0.00858134920634915 0.008390376984126946
0 0.6678935185185185 0.21671130952380951 0.014011243386243422 0.007658730158730176
0 0.7019477513227513 0.25915674603174604 0.012384259259259286 0.00896081349206348
0 0.6606117724867725 0.2934250992063492 0.014857804232804266 0.004880952380952319
0 0.6811805555555555 0.1782738095238095 0.015003306878306925 0.008224206349206353
0 0.6700429894179895 0.1860639880952381 0.010271164021164007 0.010647321428571433
0 0.6639814814814815 0.17636904761904762 0.009695767195767264 0.004761904761904789
0 0.6485185185185184 0.1764112103174603 0.011081349206349244 0.015235615079365106
0 0.6560185185185184 0.16450892857142857 0.01338955026455011 0.010473710317460316
0 0.6447652116402115 0.16792906746031747 0.008885582010582028 0.013849206349206344
0 0.6140641534391534 0.18913690476190476 0.005654761904761803 0.00882936507936507
0 0.5866534391534391 0.18956845238095238 0.01038690476190472 0.00727182539682536
0 0.5800198412698413 0.1603125 0.010734126984127101 0.010386904761904781
0 0.5548578042328043 0.1590575396825397 0.015350529100529068 0.00510664682539681
0 0.5455092592592592 0.1745064484126984 0.012579365079365109 0.006059027777777804
0 0.5221957671957671 0.17654265873015873 0.013042328042328084 0.007185019841269869
0 0.5337367724867724 0.19194940476190475 0.01373346560846566 0.005280257936507926
0 0.5290046296296296 0.15555059523809522 0.01234788359788368 0.0062326388888889195
0 0.5131349206349206 0.15083333333333332 0.012003968253968367 0.006145833333333339
0 0.48924272486772485 0.1770188492063492 0.01569775132275121 0.006406249999999991
0 0.5272751322751322 0.1997395833333333 0.01627314814814813 0.007703373015872983
0 0.5275628306878306 0.20744295634920631 0.01846560846560846 0.0063194444444444105
0 0.5041335978835978 0.21142609126984127 0.012695105820105823 0.008050595238095237
0 0.492417328042328 0.21121031746031743 0.009580026455026432 0.008137400793650773
0 0.40961309523809525 0.23370535714285712 0.008835978835978746 0.011929563492063444
0 0.453151455026455 0.25033482142857144 0.01140873015873017 0.005905257936507891
0 0.4364417989417989 0.26599950396825395 0.010763888888888929 0.010964781746031793
0 0.4150760582010582 0.2630456349206349 0.007873677248677187 0.006748511904761933
0 0.4340343915343915 0.2882911706349206 0.0136574074074075 0.006145833333333339
0 0.3691236772486773 0.2914236111111111 0.021369047619047638 0.013616071428571441
0 0.39828703703703705 0.3020287698412698 0.01156746031746027 0.010002480158730176
0 0.4542559523809524 0.3188293650793651 0.016471560846560842 0.0070585317460317935
0 0.4451058201058201 0.3294171626984127 0.008105158730158853 0.01176587301587304
0 0.3024900793650794 0.3555952380952381 0.014117063492063526 0.010783730158730177
0 0.3615740740740741 0.36559523809523803 0.007843915343915242 0.013921130952380966
0 0.41111772486772485 0.36882936507936503 0.015949074074074095 0.007450396825396855
0 0.39347222222222217 0.3855952380952381 0.008366402116402227 0.010783730158730177
0 0.2780753968253968 0.22503968253968254 0.01445767195767201 0.010265376984126995
0 0.2935945767195767 0.22655753968253967 0.018505291005291014 0.00665178571428573
0 0.33031746031746034 0.23147321428571427 0.02101190476190477 0.008097718253968277
0 0.32868055555555553 0.2508482142857143 0.015806878306878266 0.007517361111111143
0 0.5402546296296296 0.28265128968253966 0.012172619047619074 0.016502976190476203
0 0.5987731481481481 0.24946924603174597 0.014513888888888953 0.014045138888888874
0 0.5681084656084656 0.2447296626984127 0.008425925925926 0.010885416666666713
0 0.5502017195767195 0.22479910714285714 0.020363756613756577 0.0096626984126984
0 0.5555324074074074 0.38522569444444443 0.015674603174603164 0.00904265873015877
0 0.6102414021164021 0.395171130952381 0.009947089947089911 0.009947916666666723
0 0.6424933862433863 0.42026537698412697 0.007536375661375653 0.010850694444444465
0 0.5246362433862434 0.4497668650793651 0.008740079365079367 0.01469494047619051
0 0.6809259259259259 0.4944171626984127 0.009044312169312245 0.018536706349206254
0 0.4334523809523809 0.4912524801587302 0.013263888888888905 0.008591269841269877
0 0.39306216931216925 0.510014880952381 0.008439153439153439 0.014469246031746152
0 0.47490079365079363 0.5772718253968254 0.019593253968254013 0.012433035714285801
0 0.44942791005291005 0.5785143849206349 0.016878306878306878 0.010399305555555571
0 0.3410648148148148 0.5329613095238095 0.014768518518518547 0.007460317460317434
0 0.3064021164021164 0.5227876984126985 0.013564814814814833 0.013338293650793531
0 0.29056878306878303 0.6391840277777778 0.012070105820105799 0.006562500000000071
0 0.3742989417989418 0.616892361111111 0.01176917989417999 0.015840773809523867
0 0.39557208994709 0.6305853174603174 0.01810515873015876 0.010183531746031881
0 0.40070105820105817 0.6703000992063493 0.009050925925925905 0.00814732142857153
0 0.3298941798941799 0.6576562499999999 0.0071031746031746225 0.004900793650793744
0 0.5492261904761904 0.656594742063492 0.007542989417989313 0.010853174603174587
0 0.32665013227513223 0.4232738095238095 0.007605820105820153 0.01493303571428566
0 0.3660284391534391 0.4254563492063492 0.011187169312169232 0.01057043650793652
0 0.3835119047619048 0.43560019841269837 0.016828703703703714 0.020570436507936486
0 0.15826719576719575 0.4022445436507936 0.01736772486772485 0.007986111111111072
0 0.7624074074074073 0.5991567460317461 0.017890211640211835 0.013762400793650719
0 0.7947189153439154 0.6329637896825397 0.010307539682539613 0.01673115079365086
0 0.84755291005291 0.6537475198412698 0.009666005291005083 0.00506696428571427