0 0.9888645833333333 0.3031796875 0.022270833333333448 0.015398437500000028
0 0.9885833333333333 0.246375 0.02283333333333341 0.017476562500000004
0 0.9533124999999999 0.29881250000000004 0.031072916666666592 0.016648437499999957
0 0.9238958333333334 0.275921875 0.031072916666666592 0.015812500000000007
0 0.8736770833333334 0.2657265625 0.026083333333333295 0.012070312500000036
0 0.9932291666666667 0.21484375 0.013541666666666667 0.0171875
0 0.9934270833333334 0.1916328125 0.013135416666666563 0.015351562499999982
0 0.8827708333333334 0.2096171875 0.023343750000000087 0.01486718749999998
0 0.8762187499999999 0.220171875 0.012791666666666639 0.019187499999999958
0 0.9024375 0.20494531249999998 0.024947916666666715 0.01127343749999996
0 0.6817708333333333 0.148734375 0.01185416666666678 0.01632812499999998
0 0.6987187499999999 0.14521875 0.024260416666666628 0.008890624999999996
0 0.6938958333333333 0.13571093750000002 0.025635416666666563 0.010132812500000022
0 0.588875 0.1610390625 0.026187500000000103 0.010335937500000014
0 0.6419374999999999 0.2336953125 0.024260416666666628 0.008890624999999996
0 0.5650416666666668 0.23596875 0.018187500000000037 0.012609374999999989
0 0.5292083333333334 0.28196875 0.02094791666666668 0.010749999999999992
0 0.49875 0.24630468749999998 0.021218750000000005 0.010539062500000007
0 0.44816666666666666 0.2649140625 0.017635416666666615 0.009718750000000043
0 0.4120625 0.274625 0.017635416666666615 0.01219531250000001
0 0.4659479166666667 0.225015625 0.01846875000000002 0.010132812500000022
0 0.5083958333333334 0.19142187500000002 0.02177083333333331 0.010749999999999992
0 0.3984166666666667 0.251375 0.017916666666666713 0.010335937500000014
0 0.35776041666666664 0.3045 0.018739583333333344 0.010749999999999992
0 0.49846874999999996 0.3383984375 0.01846875000000002 0.009507812499999968
0 0.2924375 0.3099765625 0.017635416666666615 0.008890624999999996
0 0.24228125 0.38594531249999997 0.02205208333333335 0.013640625000000028
0 0.31090625000000005 0.4319453125 0.014885416666666628 0.022531249999999937
0 0.31959375 0.4332890625 0.013510416666666695 0.014468749999999985
0 0.19045833333333334 0.45364843749999995 0.014885416666666687 0.012609375000000079
0 0.1412604166666667 0.42522656249999996 0.021218750000000005 0.012406250000000086
0 0.143875 0.44651562499999997 0.02756249999999998 0.012820312500000064
0 0.07634375 0.449 0.011020833333333346 0.017367187500000013
0 0.05098958333333334 0.48010937499999995 0.011020833333333332 0.01550781249999993
0 0.09729166666666668 0.5156640625 0.011572916666666681 0.014679687499999972
0 0.13698958333333333 0.5209374999999999 0.011020833333333317 0.009921875000000035
0 0.09729166666666668 0.5471874999999999 0.023708333333333324 0.015296874999999942
0 0.11217708333333333 0.5796484375000001 0.012124999999999986 0.01819531249999997
0 0.25164583333333335 0.5603203125 0.020395833333333318 0.017984374999999986
0 0.106125 0.6571953125000001 0.017281250000000005 0.02160156250000007
0 0.01572916666666667 0.66484375 0.0199375 0.014953125000000077
0 0.09017708333333332 0.6817890625 0.019937499999999986 0.027585937499999956
0 0.4359791666666667 0.7312265625000001 0.014906249999999944 0.01796875
0 0.36305208333333333 0.7473984375 0.015968750000000042 0.015171875000000057
0 0.3377708333333333 0.764765625 0.022885416666666696 0.018765624999999987
0 0.10992708333333333 0.8076874999999999 0.019697916666666662 0.025554687500000027
0 0.04870833333333333 0.7663671875 0.015437500000000009 0.01716406250000002
0 0.16761458333333332 0.8145625000000001 0.016843750000000015 0.018109374999999872
0 0.16253125 0.86234375 0.010489583333333326 0.0135859374999999
0 0.1978125 0.9422656249999999 0.015854166666666693 0.018718750000000027
0 0.1195625 0.9772968750000001 0.011125000000000006 0.016445312500000142
0 0.27319791666666665 0.2543984375 0.015791666666666634 0.01875
0 0.9118645833333333 0.440515625 0.03238541666666658 0.01264062500000005
0 0.8883541666666667 0.3837890625 0.03150000000000001 0.016304687500000005
0 0.8788125 0.5872890625 0.024729166666666677 0.014546874999999914
0 0.8325104166666667 0.9856796875 0.03203125 0.013492187499999985