0 0.10614583333333334 0.9847421875 0.04145833333333335 0.0228515625
0 0.19331250000000003 0.94034375 0.04595833333333334 0.018734375000000015
0 0.20905208333333333 0.992984375 0.03845833333333335 0.01385937499999983
0 0.3204375 0.992234375 0.034468750000000034 0.01385937499999983
0 0.3251875 0.9483984375000001 0.03596874999999997 0.018359375
0 0.35315624999999995 0.9377265625 0.02996874999999998 0.014984374999999873
0 0.36639583333333337 0.9663828125 0.041458333333333285 0.016859374999999944
0 0.37214583333333334 0.9873671875 0.04095833333333339 0.02210156249999997
0 0.4330833333333333 0.9853046875 0.024979166666666684 0.020976562499999928
0 0.051197916666666655 0.785234375 0.04423958333333333 0.020382812499999937
0 0.07625 0.358734375 0.031687499999999987 0.02525000000000004
0 0.16145833333333334 0.343609375 0.038624999999999986 0.01931250000000002
0 0.24179166666666668 0.1850703125 0.03971875 0.017085937500000002
0 0.3180104166666667 0.3261171875 0.021614583333333333 0.03197656249999996
0 0.12177083333333334 0.009859375 0.02744791666666669 0.0197109375
0 0.17579166666666665 0.015109375 0.03504166666666665 0.014453125
0 0.24033333333333334 0.0295703125 0.030958333333333303 0.019710937500000004
0 0.5051979166666667 0.017085937500000002 0.04088541666666667 0.034164062499999995
0 0.6076979166666666 0.009859375 0.012260416666666647 0.0197109375
0 0.54725 0.0941796875 0.017520833333333267 0.042929687500000015
0 0.5915 0.09374218749999999 0.014458333333333446 0.01761718750000001
0 0.60325 0.098484375 0.014458333333333446 0.024398437500000016
0 0.6631770833333334 0.100515625 0.031927083333333425 0.014453125
0 0.6996249999999999 0.0957734375 0.026500000000000058 0.013554687500000018
0 0.6880729166666666 0.1664375 0.01906249999999995 0.019187500000000003
0 0.6931666666666667 0.1814140625 0.018270833333333295 0.020953124999999996
0 0.7008645833333333 0.17309375 0.017489583333333295 0.021148437499999995
0 0.44121875 0.21921093749999998 0.023499999999999945 0.019382812499999957
0 0.8281979166666668 0.20382812499999997 0.01730208333333323 0.03161718750000002
0 0.8217604166666667 0.23078906250000003 0.03194791666666674 0.015640624999999984
0 0.7421145833333332 0.26190625 0.015531250000000085 0.025289062500000004
0 0.7241458333333333 0.2946796875 0.027510416666666752 0.016304687500000005
0 0.7463333333333334 0.407328125 0.01686458333333339 0.021296874999999993
0 0.7370104166666667 0.43511718750000006 0.017749999999999964 0.016968750000000022
0 0.8179895833333333 0.4253046875 0.019083333333333268 0.024624999999999987
0 0.4914895833333333 0.35778125 0.023031250000000014 0.01821875000000004
0 0.6899895833333333 0.847328125 0.023697916666666666 0.028031250000000084
0 0.6858854166666667 0.8897109375 0.024614583333333447 0.033500000000000085
0 0.6147916666666667 0.913296875 0.01732291666666678 0.0328125
0 0.6059270833333333 0.8944921875 0.030593749999999885 0.012367187499999942
0 0.5261458333333333 0.8838515625 0.02159375000000002 0.01832031249999986
0 0.5266770833333333 0.8478828125 0.026895833333333268 0.014335937499999929
0 0.5526875 0.8738984375 0.015927083333333297 0.010617187500000114
0 0.5854270833333334 0.8592968750000001 0.024781249999999963 0.014867187500000156
0 0.5026666666666667 0.74321875 0.025468750000000047 0.012374999999999936
0 0.68421875 0.7536562499999999 0.019802083333333324 0.03041406250000005
0 0.67384375 0.7303124999999999 0.022635416666666686 0.015562500000000057
0 0.53096875 0.62315625 0.022635416666666686 0.018390624999999973
0 0.65734375 0.6617031250000001 0.020750000000000077 0.020515624999999992
0 0.7268958333333334 0.628984375 0.02028125000000003 0.022281249999999985
0 0.7235937499999999 0.58265625 0.0391354166666666 0.01662499999999998
0 0.7964479166666667 0.6335859375 0.017916666666666713 0.033601562499999994
0 0.8457291666666666 0.6396015625 0.025937500000000096 0.030765625000000085
0 0.7537708333333334 0.6751406249999999 0.027822916666666704 0.018390624999999973
0 0.756125 0.6889375 0.017447916666666667 0.017679687500000086
0 0.837 0.710328125 0.02735416666666666 0.01378906250000007
0 0.7103125 0.514515625 0.019229166666666703 0.021250000000000036
0 0.7568541666666667 0.5052187499999999 0.029343750000000075 0.016312500000000084
0 0.8714479166666667 0.519453125 0.0318749999999999 0.012898437499999993
0 0.8959791666666667 0.5095859375 0.03136458333333323 0.012898437499999993