0 0.4596130952380951 0.20025545634920633 0.011630291005290989 0.004637896825396837
0 0.4506117724867725 0.20790426587301586 0.005816798941798969 0.014677579365079385
0 0.46658068783068785 0.2059325396825397 0.012093253968253967 0.0032539682539682426
0 0.46884259259259253 0.20922123015873018 0.012923280423280422 0.003462301587301564
0 0.45757936507936503 0.2147941468253968 0.009229497354497341 0.008100198412698401
0 0.4581812169312169 0.2260441468253968 0.010062830687830626 0.008583829365079333
0 0.46122685185185186 0.23556299603174602 0.014494047619047616 0.004776785714285747
0 0.4725826719576719 0.22220238095238093 0.011537698412698324 0.0068551587301587166
0 0.4804728835978836 0.22722222222222221 0.014401455026455068 0.005262896825396801
0 0.48647486772486764 0.22147569444444443 0.017906746031746103 0.006230158730158664
0 0.5014285714285713 0.23019841269841268 0.014031084656084639 0.006646825396825396
0 0.5029497354497354 0.1940922619047619 0.008214285714285788 0.006024305555555554
0 0.5093650793650794 0.20170882936507933 0.011445105820105893 0.009623015873015884
0 0.5434325396825397 0.19228174603174603 0.016084656084656028 0.008154761904761942
0 0.544401455026455 0.19887152777777778 0.013253968253968178 0.008824404761904759
0 0.5438789682539683 0.2115500992063492 0.017572751322751164 0.008266369047619015
0 0.4134160052910053 0.20110367063492066 0.010175264550264511 0.0036755952380952196
0 0.42104828042328035 0.21219742063492064 0.009609788359788377 0.00749007936507935
0 0.41949074074074066 0.21756696428571426 0.008955026455026409 0.004379960317460352
0 0.4189054232804233 0.2268377976190476 0.005813492063492021 0.007524801587301599
0 0.4297916666666667 0.22966021825396826 0.00661375661375665 0.008380456349206344
0 0.4342956349206349 0.2241865079365079 0.008323412698412724 0.0035912698412698062
0 0.39507936507936503 0.23158234126984129 0.01242724867724867 0.004702380952381002
0 0.3823677248677248 0.2137549603174603 0.010261243386243398 0.007011408730158752
0 0.3841898148148148 0.23611359126984124 0.014136904761904745 0.007266865079365026
0 0.36190145502645504 0.23598710317460317 0.006269841269841337 0.009918154761904763
0 0.34525793650793646 0.23560267857142855 0.018124999999999978 0.006924603174603217
0 0.33528439153439143 0.24466517857142858 0.0098048941798942 0.007609126984127012
0 0.39456349206349206 0.2592857142857143 0.00866402116402109 0.007266865079365114
0 0.34155423280423275 0.2738640873015873 0.014821428571428541 0.006326884920634957
0 0.3299834656084656 0.2667683531746031 0.011742724867724874 0.0054712301587301225
0 0.3214318783068783 0.271984126984127 0.011742724867724874 0.008038194444444447
0 0.30763888888888885 0.27591517857142855 0.010145502645502683 0.004446924603174552
0 0.2989748677248677 0.27446180555555555 0.006726190476190415 0.006840277777777714
0 0.271385582010582 0.29177579365079365 0.008323412698412724 0.00983382936507935
0 0.2606679894179894 0.2992162698412698 0.008095238095238126 0.0074379960317459744
0 0.32919642857142856 0.2287326388888889 0.010793650793650874 0.005647321428571406
0 0.2663161375661376 0.26299851190476187 0.009457671957671939 0.01578621031746037
0 0.23581018518518518 0.29617311507936506 0.015863095238095266 0.00549107142857137
0 0.2524338624338624 0.30275049603174603 0.007625661375661371 0.009037698412698436
0 0.22704034391534392 0.30011904761904756 0.011746031746031763 0.009037698412698436
0 0.20438822751322752 0.3012624007936508 0.013118386243386244 0.0074355158730158525
0 0.20568452380952382 0.31001488095238094 0.01662698412698411 0.01326884920634921
0 0.21834656084656082 0.3171081349206349 0.010218253968254013 0.011669146825396836
0 0.24450396825396822 0.3115029761904762 0.009761904761904756 0.006178075396825378
0 0.24236772486772484 0.3185367063492063 0.007321428571428612 0.007207341269841283
0 0.25182539682539684 0.3257440476190476 0.016167328042328084 0.008578869047619087
0 0.19447420634920634 0.3248859126984127 0.008541666666666654 0.006634424603174605
0 0.2049239417989418 0.33340773809523805 0.020287698412698358 0.004689980158730123
0 0.205 0.3324355158730159 0.00915013227513229 0.01075396825396826
0 0.21743055555555554 0.3409027777777777 0.009914021164021196 0.005719246031746028
0 0.16785714285714284 0.3543998015873016 0.014794973544973545 0.009838789682539683
0 0.18082341269841265 0.35542906746031744 0.015406746031746011 0.009838789682539683
0 0.17113756613756612 0.37630704365079365 0.015251322751322741 0.007894345238095202
0 0.14368055555555556 0.38872023809523804 0.01860780423280423 0.01075396825396826
0 0.1885251322751323 0.3944965277777778 0.013118386243386244 0.009724702380952355
0 0.198667328042328 0.3978720238095238 0.011438492063492057 0.007321428571428567
0 0.20568452380952382 0.40833829365079366 0.01662698412698411 0.006979166666666714
0 0.20888888888888885 0.4118849206349206 0.012658730158730157 0.009265873015873005
0 0.22009920634920635 0.4174330357142857 0.010677910052910041 0.006634424603174515
0 0.1811276455026455 0.41520337301587296 0.008998015873015911 0.012470238095238173
0 0.19035714285714284 0.4263566468253968 0.010066137566137575 0.010982142857142918
0 0.13483465608465608 0.42349702380952375 0.01464285714285712 0.006178075396825378
0 0.13887896825396825 0.42658482142857135 0.014490740740740771 0.006178075396825378
0 0.13422619047619044 0.4399702380952381 0.00854166666666667 0.007093253968253954
0 0.11393849206349206 0.44042658730158724 0.00915013227513226 0.008923611111111108
0 0.10600859788359787 0.4468328373015873 0.010066137566137575 0.010982142857142918
0 0.1269808201058201 0.4520957341269841 0.011438492063492086 0.010066964285714342
0 0.17426256613756616 0.44734871031746026 0.006865079365079355 0.008350694444444428
0 0.11859126984126984 0.48223958333333333 0.008389550264550275 0.01063988095238102
0 0.1270568783068783 0.4806374007936508 0.008541666666666685 0.012239583333333392
0 0.1319378306878307 0.5039161706349206 0.015863095238095253 0.010066964285714342
0 0.1494775132275132 0.5014012896825397 0.007625661375661371 0.009151785714285765
0 0.1580191798941799 0.499454365079365 0.007017195767195794 0.005719246031745939
0 0.20194775132275133 0.49356398809523805 0.005185185185185226 0.009952876984126923
0 0.19477843915343915 0.5035168650793651 0.009457671957671939 0.01315476190476197
0 0.21437830687830686 0.48160962301587296 0.008085317460317458 0.011897321428571316
0 0.19950727513227512 0.47640376984126975 0.015863095238095266 0.00789434523809529
0 0.2346660052910053 0.5091220238095239 0.010525793650793602 0.010181051587301582
0 0.22406415343915345 0.5207911706349206 0.009457671957671939 0.010181051587301582
0 0.22200727513227514 0.5261086309523809 0.00777777777777775 0.008464781746031847
0 0.19798280423280426 0.5272544642857142 0.008845899470899473 0.01326884920634921
0 0.19111772486772485 0.5398958333333334 0.008237433862433896 0.011783234126984255
0 0.16702050264550264 0.534861111111111 0.009150132275132231 0.008350694444444428
0 0.15390211640211637 0.5241641865079364 0.010066137566137575 0.01098214285714274
0 0.1269047619047619 0.5275967261904762 0.012810846560846568 0.0068625992063491735
0 0.11424272486772487 0.5305133928571429 0.009761904761904756 0.009265873015873005
0 0.10089616402116403 0.5563665674603174 0.008998015873015882 0.01040922619047624
0 0.12416005291005289 0.5414955357142857 0.013726851851851851 0.006748511904761933
0 0.13468253968253968 0.5477306547619046 0.010370370370370379 0.009379960317460245
0 0.14124007936507935 0.5568824404761904 0.010370370370370393 0.00892361111111093
0 0.11927910052910051 0.5593427579365079 0.00915013227513226 0.00789434523809529
0 0.13178571428571428 0.5659771825396824 0.015251322751322741 0.006979166666666714
0 0.12347222222222222 0.5698660714285714 0.010525793650793662 0.00812251984126977
0 0.2700925925925926 0.5204513888888889 0.014441137566137593 0.010091765873015746
0 0.24449404761904764 0.5625396825396825 0.012470238095238114 0.009598214285714234
0 0.12712962962962962 0.6014831349206349 0.009133597883597874 0.00770833333333325
0 0.13103174603174603 0.5910639880952381 0.009325396825396851 0.004568452380952337
0 0.13635912698412697 0.5959895833333333 0.012371031746031729 0.005280257936508015
0 0.15339285714285716 0.5957738095238094 0.007612433862433873 0.012559523809523831
0 0.1685218253968254 0.5913492063492064 0.010846560846560807 0.010848214285714164
0 0.1838425925925926 0.6011979166666667 0.013703703703703714 0.009992559523809596
0 0.19297619047619047 0.5954885912698413 0.015605158730158723 0.01313244047619051
0 0.2201917989417989 0.6144022817460317 0.008373015873015829 0.012703373015873076
0 0.26240079365079366 0.631889880952381 0.008349867724867722 0.011406249999999929
0 0.2324338624338624 0.6645411706349206 0.011031746031746023 0.012748015873015817
0 0.21633267195767197 0.6488864087301587 0.010436507936507943 0.005143849206349138
0 0.21424603174603174 0.6761706349206349 0.015803571428571434 0.008722718253968332
0 0.18368055555555557 0.6673363095238094 0.008349867724867722 0.020575396825396906
0 0.14889219576719576 0.6650595238095238 0.007817460317460305 0.011584821428571423
0 0.1738326719576719 0.6790178571428571 0.011911375661375642 0.006282242063492127
0 0.17215608465608465 0.6882316468253967 0.016005291005291036 0.01102678571428566
0 0.19932870370370367 0.6957688492063492 0.008187830687830673 0.004885912698412653
0 0.22073412698412698 0.7033060515873015 0.005211640211640223 0.009910714285714306
0 0.2522784391534391 0.6866964285714287 0.01693783068783071 0.012981150793650897
0 0.2525595238095238 0.7005853174603175 0.02121693121693126 0.009771825396825307
0 0.21477843915343917 0.7132862103174602 0.007073412698412736 0.010329861111111071
0 0.19439814814814813 0.7094494047619048 0.005396825396825377 0.009072420634920596
0 0.19151124338624337 0.7153100198412699 0.011911375661375642 0.006001984126984006
0 0.22510582010582011 0.7271056547619048 0.011726190476190486 0.00949156746031754
0 0.2522784391534391 0.7278050595238096 0.004279100529100551 0.00949156746031754
0 0.2603736772486772 0.7157291666666666 0.006699735449735418 0.006282242063492127
0 0.25749007936507934 0.7273859126984127 0.006514550264550264 0.003908730158730301
0 0.25953703703703707 0.735969742063492 0.009490740740740774 0.006282242063492127
0 0.2977843915343915 0.7273859126984127 0.016749338624338604 0.005582837301587418
0 0.3008564814814815 0.7245238095238096 0.008376322751322718 0.0051636904761904745
0 0.27507936507936503 0.756907242063492 0.010793650793650874 0.013539186507936484
0 0.28699074074074077 0.7596999007936508 0.016378968253968295 0.0054439484126984185
0 0.2552579365079365 0.755999503968254 0.011726190476190486 0.005305059523809596
0 0.2376686507936508 0.755999503968254 0.005211640211640223 0.008095238095238244
0 0.24483465608465607 0.7633978174603174 0.013214285714285741 0.004466765873015888
0 0.2895965608465608 0.7813343253968255 0.011537698412698442 0.012142857142857188
0 0.2889451058201058 0.7679340277777778 0.009864417989417973 0.0054439484126984185
0 0.31890873015873017 0.787266865079365 0.006884920634920633 0.010887896825396658
0 0.3196527777777778 0.7986433531746032 0.017308201058201078 0.006282242063492038
0 0.33910052910052907 0.7964806547619047 0.010793650793650755 0.00949156746031754
0 0.341521164021164 0.7689806547619048 0.007073412698412677 0.011726190476190368
0 0.35892195767195767 0.7578149801587302 0.013214285714285741 0.006140873015873005
0 0.34812830687830687 0.7437177579365079 0.010982142857142918 0.005582837301587418
0 0.3449636243386243 0.7361086309523809 0.012470238095238055 0.006840277777777714
0 0.3892096560846561 0.8222792658730158 0.007132936507936568 0.004456845238095397
0 0.38564153439153437 0.8169320436507936 0.007658730158730146 0.009608134920634726
0 0.25236441798941794 0.3527331349206349 0.012010582010581968 0.0068105158730158875
0 0.23874338624338623 0.3696502976190476 0.011130952380952408 0.006371527777777786
0 0.2696494708994709 0.3603125 0.012595899470899468 0.009228670634920633
0 0.28737103174603174 0.3485590277777778 0.009375 0.00900793650793652
0 0.25631944444444443 0.3900818452380952 0.015231481481481464 0.01428075396825399
0 0.26730489417989417 0.4220486111111111 0.00849537037037038 0.008787202380952408
0 0.3405390211640211 0.39645337301587297 0.012010582010582027 0.0068105158730158875
0 0.3510846560846561 0.4306175595238095 0.00908068783068785 0.009667658730158735
0 0.4212433862433862 0.3885441468253968 0.013475529100529116 0.01603918650793652
0 0.34625 0.3561383928571428 0.011716269841269758 0.004394841269841176
0 0.393558201058201 0.35122767857142856 0.007764550264550252 0.008380456349206344
0 0.38997023809523806 0.3580654761904762 0.005998677248677235 0.006703869047619104
0 0.41502314814814817 0.34999255952380953 0.006468253968253989 0.007497519841269807
0 0.4432506613756614 0.36278521825396826 0.00552910052910048 0.005910218253968225
0 0.43132936507936503 0.3065104166666666 0.007294973544973497 0.010687003968253972
0 0.4509259259259259 0.30746527777777777 0.011197089947089959 0.007507440476190475
0 0.4429497354497354 0.2942336309523809 0.011197089947089959 0.0085243055555555
0 0.4319246031746032 0.2945510912698413 0.010519179894179824 0.008142361111111107
0 0.38790013227513226 0.29385168650793647 0.006954365079365132 0.006235119047618998
0 0.3897519841269841 0.2887152777777777 0.007139550264550347 0.005186011904761844
0 0.38495370370370363 0.28925843253968253 0.007139550264550347 0.004434523809523849
0 0.39387896825396823 0.2795138888888889 0.010261243386243398 0.0048511904761904924
0 0.35595238095238096 0.2991319444444444 0.010039682539682578 0.003764880952380878
0 0.3225992063492063 0.29570188492063487 0.01271494708994716 0.007110615079365079
0 0.43725859788359783 0.25164930555555554 0.008845899470899473 0.011210317460317486
0 0.45274140211640207 0.26703373015873016 0.00777777777777781 0.0028596230158730584
0 0.5045205026455026 0.2572544642857143 0.01067460317460321 0.008236607142857188
0 0.5298379629629629 0.24232638888888886 0.01372685185185188 0.006292162698412707
0 0.5330390211640211 0.2518774801587302 0.01067460317460321 0.006406250000000035
0 0.5871296296296296 0.19604166666666667 0.015598544973544884 0.0062648809523809575
0 0.5865773809523809 0.20177827380952382 0.015095899470899591 0.0085292658730159
0 0.6077612433862433 0.1968328373015873 0.010165343915343784 0.006944444444444464
0 0.6189814814814815 0.2167956349206349 0.01066798941798955 0.007170138888888911
0 0.6166666666666667 0.22204117063492063 0.00965939153439166 0.008452380952380966
0 0.6137996031746032 0.22555059523809523 0.009761904761904815 0.007924107142857118
0 0.5971560846560846 0.22552331349206348 0.00901785714285713 0.007924107142857118
0 0.6033068783068782 0.23129464285714288 0.011841931216931082 0.0048511904761904924
0 0.596656746031746 0.23693204365079362 0.01330026455026451 0.006148313492063462
0 0.5864550264550263 0.23204613095238097 0.006924603174603305 0.009632936507936484
0 0.6049900793650793 0.2460863095238095 0.016306216931216966 0.006011904761904763
0 0.5350760582010582 0.23415178571428572 0.010089285714285742 0.007418154761904816
0 0.6280886243386242 0.2842609126984127 0.016104497354497246 0.009117063492063515
0 0.676875 0.2521701388888889 0.009474206349206326 0.007695932539682549
0 0.6638458994708994 0.2649751984126984 0.010158730158730122 0.0053993055555555895
0 0.6604431216931217 0.2602405753968254 0.011636904761904768 0.004806547619047663
0 0.716114417989418 0.27991567460317457 0.014890873015873041 0.0062872023809523725
0 0.7117757936507936 0.285203373015873 0.009566798941798993 0.006951884920635009
0 0.7380059523809523 0.26881944444444444 0.011736111111111095 0.006877480158730176
0 0.7311541005291005 0.2593154761904762 0.010846560846560986 0.006951884920635009
0 0.7271593915343915 0.2417137896825397 0.013707010582010544 0.00946676587301587
0 0.7367757936507936 0.24156498015873015 0.011835317460317423 0.00724950396825399
0 0.6836904761904762 0.23400793650793647 0.0038425925925925715 0.007509920634920597
0 0.7631283068783067 0.27203124999999995 0.00754298941798955 0.010275297619047575
0 0.753316798941799 0.27325644841269836 0.006798941798941863 0.009521329365079368
0 0.8081911375661375 0.30724206349206346 0.011438492063492116 0.005657242063492074
0 0.8211673280423281 0.3197470238095238 0.005760582010582027 0.011696428571428542
0 0.8283201058201058 0.3198958333333333 0.0061607142857144 0.009015376984126976
0 0.8331382275132274 0.3191145833333333 0.007251984126984231 0.00998511904761914
0 0.8531547619047618 0.30991319444444443 0.0071527777777779045 0.008717757936507997
0 0.7652017195767195 0.3221626984126984 0.004930555555555572 0.006934523809523796
0 0.7890343915343915 0.34181299603174603 0.00698743386243379 0.0035441468253968544
0 0.7406977513227512 0.3455877976190476 0.006266534391534388 0.006780753968253972
0 0.6839947089947089 0.3496006944444444 0.008707010582010592 0.009667658730158735
0 0.6170469576719577 0.35608878968253965 0.01639880952380963 0.007549603174603181
0 0.6353009259259259 0.39032986111111106 0.010036375661375748 0.0098685515873016
0 0.7290839947089947 0.38171626984126983 0.007136243386243279 0.009367559523809544
0 0.5765310846560846 0.3171230158730159 0.009751984126984088 0.013712797619047645
0 0.5547123015873016 0.3225173611111111 0.022182539682539706 0.011336805555555607
0 0.4958399470899471 0.33046875 0.02291335978835972 0.0071304563492063265
0 0.4986441798941799 0.3569791666666666 0.016332671957671963 0.009325396825396837
0 0.49121031746031746 0.4134747023809524 0.016087962962962978 0.0071304563492063265
0 0.4741435185185185 0.4477554563492063 0.010238095238095232 0.009506448412698454
0 0.4809722222222222 0.45543650793650786 0.019014550264550324 0.00841021825396826
0 0.43087632275132276 0.4647594246031746 0.015357142857142847 0.00621527777777775
0 0.41344576719576714 0.48423115079365076 0.010238095238095232 0.0071304563492063265
0 0.41844246031746024 0.5200669642857142 0.012919973544973592 0.0071304563492063265
0 0.3216468253968253 0.46655009920634927 0.019510582010581957 0.006525297619047521
0 0.2855257936507936 0.4910689484126983 0.009490740740740715 0.014434523809523725
0 0.312714947089947 0.5499627976190475 0.0151951058201058 0.007098214285714199
0 0.32616732804232806 0.6096478174603174 0.01220568783068785 0.004670138888888786
0 0.39067791005291 0.6160912698412698 0.008716931216931201 0.00934027777777775
0 0.5091898148148147 0.6029340277777778 0.015082671957672034 0.011892361111111072
0 0.5163458994708995 0.6190327380952381 0.012377645502645506 0.006961805555555501
0 0.5581183862433862 0.5678348214285714 0.014699074074074048 0.007251984126984112
0 0.5858763227513227 0.6235565476190476 0.010079365079365014 0.006512896825396908
0 0.49392857142857144 0.6333234126984126 0.011008597883597915 0.00860615079365079
0 0.45229828042328035 0.6651884920634921 0.006203703703703785 0.009069940476190474
0 0.45989417989417986 0.6732713293650794 0.00806216931216935 0.012209821428571388
0 0.5023809523809524 0.6712946428571428 0.008994708994708963 0.006629464285714093
0 0.47369378306878307 0.6905977182539681 0.005582010582010592 0.0045362103174603876
0 0.41275793650793646 0.7084499007936507 0.012093253968253967 0.006279761904761827
0 0.4113624338624338 0.7137971230158731 0.009613095238095327 0.0046527777777777505
0 0.4265575396825397 0.726765873015873 0.007443783068783105 0.007559523809523761
0 0.36949735449735444 0.6985639880952381 0.013025793650793578 0.007442956349206398
0 0.3787632275132275 0.7550967261904762 0.014576719576719554 0.006560019841269771
0 0.38532407407407404 0.7599255952380952 0.014576719576719554 0.008199404761904816
0 0.39066798941798947 0.7726810515873015 0.015062830687830698 0.006376488095238031
0 0.40767526455026454 0.7618402777777777 0.008260582010582003 0.009474206349206326
0 0.38265211640211644 0.7796974206349205 0.01554894179894184 0.006560019841269771
0 0.4067030423280423 0.7909027777777777 0.006316137566137551 0.010022321428571424
0 0.43572751322751324 0.7856225198412699 0.013333333333333404 0.006718750000000107
0 0.44203042328042325 0.8008953373015872 0.009685846560846537 0.008826884920634992
0 0.4303637566137566 0.8128869047619046 0.006144179894179895 0.009687500000000071
0 0.4318220899470899 0.8274975198412697 0.008019179894179848 0.010781250000000141
0 0.4626488095238095 0.7961830357142856 0.01118386243386252 0.009625496031746205
0 0.5003240740740741 0.8201140873015872 0.005062830687830673 0.00732886904761898
0 0.5054464285714285 0.8286334325396826 0.01554232804232806 0.0047693452380951126
0 0.5176917989417988 0.8124305555555555 0.008713624338624252 0.009094742063492233
0 0.5326421957671957 0.8068229166666667 0.007771164021163971 0.007770337301587204
0 0.4709556878306878 0.7765798611111111 0.007949735449735465 0.008028273809523867
0 0.49659391534391534 0.7758928571428572 0.013964947089947088 0.006192956349206469
0 0.5312533068783069 0.7550198412698411 0.006626984126984089 0.010627480158730229
0 0.5486342592592592 0.772375992063492 0.00917328042328028 0.005429067460317505
0 0.5596924603174603 0.788048115079365 0.012129629629629572 0.00726190476190478
0 0.5924107142857142 0.8008457341269841 0.01134589947089945 0.005029761904761898
0 0.6017460317460317 0.8018129960317459 0.009593253968254108 0.006344246031746081
0 0.6170667989417989 0.7979067460317459 0.011554232804232829 0.00812251984126986
0 0.6409457671957671 0.7991046626984126 0.008356481481481381 0.004022817460317541
0 0.6082969576719576 0.8204985119047619 0.01134589947089945 0.004099702380952408
0 0.6385714285714285 0.8150421626984127 0.016193783068783083 0.005416666666666714
0 0.654510582010582 0.8196453373015873 0.0070138888888889046 0.003635912698412724
0 0.6606977513227512 0.8148883928571429 0.008045634920634844 0.005260416666666501
0 0.688912037037037 0.8060292658730157 0.013925264550264415 0.006111111111111356
0 0.619808201058201 0.779595734126984 0.015674603174603164 0.005260416666666679
0 0.6872189153439153 0.7894593253968253 0.010631613756613707 0.0049330357142858714
0 0.7020701058201058 0.7887624007936507 0.0057010582010581365 0.008303571428571388
0 0.7316104497354498 0.77203125 0.014580026455026504 0.0047693452380951126
0 0.734077380952381 0.776594742063492 0.019510582010582075 0.00797371031746028
0 0.7039880952380952 0.7590426587301586 0.009315476190476108 0.008878968253968366
0 0.7579199735449734 0.7361483134920634 0.0104133597883596 0.00583581349206348
0 0.7749107142857141 0.7290773809523808 0.013263888888888667 0.00583581349206348
0 0.7784160052910052 0.7328596230158729 0.010631613756613707 0.006329365079365168
0 0.7916236772486772 0.7229935515873016 0.007453703703703714 0.00748015873015877
0 0.8065310846560846 0.7195411706349206 0.010740740740740525 0.005178571428571388
0 0.775621693121693 0.7687028769841269 0.010740740740740525 0.0055084325396824955
0 0.6564087301587301 0.7385664682539683 0.012099867724867864 0.006840277777777714
0 0.8464550264550265 0.712390873015873 0.010982142857142918 0.005863095238095362
0 0.8679530423280423 0.7052703373015873 0.011541005291005272 0.008655753968253955
0 0.8333333333333334 0.6813988095238095 0.010052910052909899 0.007259424603174658
0 0.7597156084656085 0.6830729166666666 0.008002645502645341 0.020939980158730265
0 0.7841931216931217 0.6737896825396825 0.015264550264550298 0.015215773809523903
0 0.845896164021164 0.6596205357142857 0.008002645502645341 0.008375496031746189
0 0.8595767195767196 0.6491493055555555 0.009305555555555619 0.004188988095238244
0 0.8789351851851851 0.6379811507936508 0.016752645502645436 0.009494047619047485
0 0.8752116402116401 0.649079861111111 0.009305555555555619 0.004605654761904709
0 0.8851719576719577 0.6494295634920635 0.009494047619047544 0.006143353174603306
0 0.8952215608465609 0.6404960317460318 0.008376322751322836 0.008097718253968189
0 0.9013227513227513 0.6661185515873015 0.007453703703703714 0.008645833333333287
0 0.5704563492063491 0.5223338293650793 0.01133928571428579 0.004784226190476204
0 0.6828273809523808 0.5106398809523809 0.008505291005291108 0.017993551587301582
0 0.573396164021164 0.42526785714285714 0.006240079365079272 0.00985863095238102
0 0.657443783068783 0.46519841269841267 0.013677248677248836 0.01105406746031754
0 0.8618915343915343 0.3395833333333333 0.0247288359788359 0.01244295634920638
0 0.8627678571428572 0.3510863095238095 0.00828042328042334 0.011552579365079385
0 0.8813492063492062 0.35736855158730163 0.007701719576719531 0.010543154761904816
0 0.8979100529100529 0.41159970238095234 0.011937830687830815 0.0057762896825396485
0 0.9216931216931216 0.4090724206349206 0.010205026455026456 0.010543154761904816
0 0.8794246031746032 0.4411334325396825 0.009242724867724898 0.008231646825396765
0 0.8670998677248677 0.4405555555555555 0.011554232804232593 0.008521825396825378
0 0.8756712962962964 0.43282738095238094 0.00982142857142847 0.005488591269841336
0 0.8306117724867724 0.4527579365079365 0.012132936507936402 0.00837549603174601
0 0.8784193121693121 0.4899404761904762 0.009837962962962857 0.006547619047619158
0 0.9102876984126984 0.4710267857142857 0.005403439153439157 0.009665178571428434
0 0.9291335978835977 0.4483209325396825 0.009007936507936402 0.0139260912698413
0 0.8716798941798942 0.5135763888888888 0.009540343915344114 0.010734126984126924
0 0.9025925925925925 0.5267435515873016 0.011832010582010591 0.01101934523809529
0 0.8224470899470899 0.5424851190476191 0.009923941798941864 0.009875992063492055
0 0.8675595238095237 0.5585119047619047 0.0129497354497353 0.005843253968254025
0 0.896494708994709 0.5667460317460317 0.012546296296296095 0.007586805555555643
0 0.8957341269841269 0.5733482142857141 0.01264550264550266 0.006830357142857046
0 0.915919312169312 0.5542633928571428 0.008700396825396932 0.0078149801587303
0 0.9285152116402116 0.5659102182539681 0.008601190476190604 0.00804315476190478
0 0.9321560846560846 0.5698958333333334 0.005767195767195687 0.006602182539682566
0 0.9424768518518519 0.5741443452380952 0.007791005291005367 0.0038690476190476274
0 0.9283134920634919 0.5894717261904762 0.006372354497354612 0.005386904761904887
0 0.9470304232804233 0.5628373015873016 0.0073842592592593325 0.009332837301587382
0 0.9417956349206348 0.5275545634920634 0.01786044973544989 0.009310515873015924
0 0.926220238095238 0.5258382936507936 0.00675264550264553 0.008494543650793673
0 0.792443783068783 0.7487624007936508 0.015350529100529068 0.007676091269841301
0 0.29838624338624337 0.5262450396825397 0.0057771164021164145 0.013452380952380948