0 0.9181562499999999 0.1220390625 0.01938541666666656 0.019984374999999988
0 0.8332708333333334 0.150140625 0.017583333333333447 0.016812499999999987
0 0.9780833333333334 0.22858593749999997 0.017135416666666715 0.018789062499999964
0 0.9574270833333334 0.2287578125 0.02681250000000001 0.012523437499999979
0 0.9235833333333333 0.2501796875 0.022416666666666647 0.01779687499999998
0 0.9745729166666667 0.046640625000000005 0.01978125000000001 0.02076562500000001
0 0.8989791666666667 0.0365859375 0.015385416666666648 0.0197734375
0 0.572875 0.27556250000000004 0.021531250000000075 0.016484375000000016
0 0.7236145833333333 0.3521953125 0.021531250000000075 0.020109375000000006
0 0.9648125000000001 0.3306640625 0.03643750000000002 0.012875000000000015
0 0.9262708333333334 0.3788828125 0.025927083333333437 0.024171875000000044
0 0.979 0.4037109375 0.02557291666666662 0.013398437500000072
0 0.8831770833333333 0.4021328125 0.02872916666666659 0.016554687500000043
0 0.8653125 0.39753906250000004 0.024520833333333294 0.017343750000000036
0 0.9819791666666667 0.44825 0.029427083333333333 0.02837499999999995
0 0.89684375 0.457703125 0.021718749999999905 0.021023437500000065
0 0.85375 0.46782031249999995 0.01891666666666675 0.013398437500000072
0 0.8665416666666667 0.47202343750000003 0.014364583333333295 0.016554687500000043
0 0.8970208333333333 0.494359375 0.016468749999999942 0.022335937499999937
0 0.8103125 0.523390625 0.027322916666666686 0.01576562500000005
0 0.8238020833333334 0.5404687499999999 0.02417708333333337 0.012085937500000022
0 0.7560104166666667 0.5545312499999999 0.025927083333333437 0.011820312500000086
0 0.8188958333333333 0.5679296875000001 0.022072916666666723 0.012875000000000015
0 0.8351875 0.5855312500000001 0.028031250000000084 0.010249999999999915
0 0.7602187499999999 0.5876328125 0.021020833333333398 0.01392187499999995
0 0.6880520833333333 0.5789609375 0.022416666666666647 0.01392187499999995
0 0.6813958333333333 0.610234375 0.02382291666666655 0.012875000000000015
0 0.7013645833333333 0.613515625 0.024520833333333294 0.012609375000000079
0 0.8208229166666666 0.6404453125 0.028031250000000084 0.011296875000000029
0 0.5988854166666666 0.61640625 0.014364583333333295 0.01944531250000008
0 0.61465625 0.6464921875 0.028375000000000008 0.014976562500000058
0 0.49116666666666664 0.5517734375 0.023822916666666673 0.03363281249999996
0 0.24704166666666666 0.61378125 0.023479166666666686 0.01801562499999996
0 0.63275 0.5034296875 0.027302083333333373 0.014328124999999936
0 0.6124791666666667 0.7229609375 0.023864583333333418 0.03233593750000008
0 0.5924583333333333 0.674453125 0.03156249999999995 0.013859375000000007
0 0.7767395833333333 0.6507421875 0.02044791666666678 0.008999999999999985
0 0.5826666666666667 0.751453125 0.026229166666666734 0.017007812499999986
0 0.5293125 0.73728125 0.023562499999999886 0.022007812500000057
0 0.5164166666666666 0.7531171875 0.023562500000000004 0.011671875000000043
0 0.52375 0.7287734375 0.02401041666666662 0.012335937499999972
0 0.4850729166666667 0.7084296875 0.0337916666666666 0.012335937499999972
0 0.4386145833333333 0.74328125 0.036906249999999946 0.024007812500000014
0 0.47419791666666666 0.7629140624999999 0.023343749999999965 0.009117187500000058
0 0.42361458333333335 0.7901796875 0.03356250000000003 0.012585937499999922
0 0.40549999999999997 0.7466796875 0.020187499999999994 0.02006250000000005
0 0.33886458333333336 0.7538828125 0.016291666666666652 0.016234374999999978
0 0.28670833333333334 0.8001171875 0.016531250000000004 0.017875000000000085
0 0.2704166666666667 0.8007578125 0.0160520833333333 0.020609375000000086
0 0.27661458333333333 0.7406640624999999 0.025052083333333287 0.011671875000000043
0 0.20621875 0.7474999999999999 0.023343750000000028 0.013679687499999992
0 0.20621875 0.7944609375 0.026750000000000006 0.013132812499999957
0 0.05993749999999999 0.7458203125 0.025906250000000006 0.010164062499999993
0 0.01415625 0.7302265625000001 0.014458333333333335 0.016945312500000042
0 0.07183333333333333 0.6945390625 0.014760416666666654 0.01875
0 0.16264583333333332 0.69725 0.021083333333333343 0.01603906249999998
0 0.046572916666666665 0.6560703125 0.021187500000000005 0.01921874999999993
0 0.3515833333333333 0.6842109375 0.03136458333333335 0.01372656249999995