0 0.40165625 0.20056250000000003 0.0168333333333333 0.015218750000000014
0 0.35590625000000004 0.1842109375 0.01423958333333329 0.0123046875
0 0.3358333333333333 0.19618750000000001 0.01898958333333335 0.009062500000000018
0 0.2980625 0.17676562499999998 0.017697916666666678 0.007773437499999991
0 0.3095 0.1842109375 0.01640625 0.011007812499999981
0 0.2861875 0.19343749999999998 0.02158333333333336 0.013273437500000007
0 0.26395833333333335 0.209296875 0.018562499999999992 0.011328125
0 0.2495 0.215125 0.01121874999999998 0.008742187500000043
0 0.22920833333333332 0.220953125 0.009500000000000005 0.0067968750000000355
0 0.22964583333333335 0.23277343749999999 0.012947916666666674 0.010359374999999994
0 0.22834375 0.24378125 0.01640625 0.007125000000000004
0 0.18172916666666666 0.24992968750000003 0.014677083333333308 0.011656249999999969
0 0.20222916666666665 0.26368749999999996 0.017697916666666678 0.012624999999999975
0 0.20395833333333335 0.2759921875 0.01079166666666668 0.010039062500000018
0 0.17525000000000002 0.2772890625 0.02158333333333336 0.008742187500000043
0 0.15712500000000001 0.25770312500000003 0.01381249999999999 0.008414062499999986
0 0.13510416666666666 0.2763125 0.018124999999999978 0.00809375000000001
0 0.13898958333333333 0.2818203125 0.015541666666666683 0.0067968750000000355
0 0.13338541666666667 0.2958984375 0.008635416666666689 0.010359374999999994
0 0.15043749999999997 0.299140625 0.015968749999999983 0.007125000000000004
0 0.14697916666666666 0.30690625 0.009927083333333305 0.009062500000000018
0 0.19122916666666667 0.30690625 0.018124999999999978 0.015539062499999989
0 0.18021874999999998 0.32908593750000004 0.01942708333333331 0.012624999999999975
0 0.3030208333333333 0.253328125 0.017270833333333378 0.016507812499999996
0 0.09172916666666667 0.3345859375 0.018562499999999992 0.009390624999999986
0 0.12885416666666666 0.3381484375 0.015968750000000014 0.011328125
0 0.142875 0.3284375 0.012947916666666674 0.009390624999999986
0 0.12734375 0.3286015625 0.020718749999999987 0.010359374999999994
0 0.10964583333333335 0.3439765625 0.01640625 0.011328125
0 0.11438541666666667 0.3588671875 0.018989583333333324 0.0067968750000000355
0 0.08094791666666666 0.3727109375 0.007343750000000012 0.013859375000000007
0 0.10032291666666666 0.3577578125 0.011802083333333347 0.007351562499999975
0 0.08740624999999999 0.3586796875 0.018479166666666675 0.006851562499999986
0 0.09304166666666666 0.3634765625 0.008864583333333323 0.006937499999999997
0 0.14234375000000002 0.377203125 0.015791666666666693 0.008953125000000029
0 0.18203125 0.3774921875 0.009635416666666667 0.012421874999999982
0 0.07084375000000001 0.4193359375 0.009583333333333322 0.0146484375
0 0.07936458333333334 0.4366484375 0.020239583333333342 0.01571093749999992
0 0.068 0.459421875 0.008875000000000011 0.021835937500000034
0 0.07794791666666666 0.4698125 0.01242708333333334 0.015445312499999985
0 0.09339583333333333 0.4699453125 0.010656249999999989 0.011984374999999936
0 0.13175 0.46754687500000003 0.011364583333333329 0.013585937500000079
0 0.06753125 0.5060625 0.010114583333333342 0.008554687500000036
0 0.09396874999999999 0.4910859375 0.011145833333333322 0.010109375000000042
0 0.08294791666666666 0.49196093750000003 0.012437499999999997 0.010304687500000043
0 0.07698958333333333 0.48515625 0.008291666666666675 0.009140625000000036
0 0.144125 0.5069296875 0.01295833333333333 0.007585937500000028
0 0.11016666666666668 0.5114062500000001 0.009333333333333341 0.010304687500000043
0 0.10563541666666666 0.5225859374999999 0.009072916666666675 0.007000000000000029
0 0.17354166666666665 0.5380390625 0.012697916666666665 0.007585937500000028
0 0.22085416666666668 0.582265625 0.010364583333333321 0.0077734375000000355
0 0.18975 0.58965625 0.01917708333333336 0.008554687500000036
0 0.20802083333333332 0.613375 0.014260416666666664 0.006218750000000028
0 0.20296875 0.6250390625 0.007260416666666695 0.010500000000000042
0 0.21904166666666666 0.6302890624999999 0.01295833333333333 0.010109375000000042
0 0.15747916666666667 0.622609375 0.014260416666666664 0.009523437500000042
0 0.17277083333333335 0.6412734375 0.016333333333333342 0.010304687500000043
0 0.19272916666666667 0.6590625 0.008552083333333313 0.012828125000000056
0 0.20516666666666666 0.6579921875 0.012697916666666665 0.010695312500000043
0 0.20840625 0.6513828125 0.01295833333333333 0.009140625000000036
0 0.22642708333333333 0.6495390624999999 0.012697916666666665 0.008164062500000036
0 0.26116666666666666 0.6685859375 0.00803124999999998 0.010500000000000042
0 0.22668750000000001 0.6800625 0.014260416666666664 0.006609375000000028
0 0.23731249999999998 0.6794765625 0.011145833333333322 0.007000000000000029
0 0.26453125 0.632234375 0.010114583333333371 0.01205468750000005
0 0.3086041666666667 0.6101640625 0.012187500000000047 0.007968750000000035
0 0.33620833333333333 0.6242656249999999 0.014000000000000058 0.0077734375000000355
0 0.31534375000000003 0.648171875 0.009072916666666705 0.011273437500000049
0 0.3336145833333333 0.6742265625 0.017104166666666625 0.01205468750000005
0 0.34164583333333337 0.687640625 0.008291666666666704 0.01166406250000005
0 0.33140624999999996 0.7098984374999999 0.02255208333333331 0.006804687500000029
0 0.27515625 0.699015625 0.011666666666666714 0.01146875000000005
0 0.2927916666666667 0.6930859375 0.009593750000000038 0.008945312500000035
0 0.3045833333333333 0.6859921875 0.01295833333333339 0.009914062500000043
0 0.35240625 0.714859375 0.016854166666666615 0.006218750000000028
0 0.3601875 0.7055234375 0.009072916666666705 0.008554687500000036
0 0.37988541666666664 0.7246796875 0.01373958333333339 0.010695312500000043
0 0.39479166666666665 0.666453125 0.01036458333333338 0.010500000000000042
0 0.42175 0.6862812500000001 0.013479166666666724 0.009718750000000043
0 0.39880208333333333 0.7090234375 0.01736458333333329 0.009718750000000043
0 0.42201041666666667 0.718359375 0.011406250000000047 0.007000000000000029
0 0.428875 0.71175 0.015291666666666615 0.010109375000000042
0 0.4214895833333333 0.7299296875 0.011927083333333382 0.01146875000000005
0 0.457 0.7163203125 0.010885416666666713 0.007195312500000028
0 0.4645208333333333 0.70203125 0.014000000000000058 0.006609375000000028
0 0.47203124999999996 0.6931796875 0.007781250000000029 0.013414062500000056
0 0.48823958333333334 0.6894843749999999 0.018927083333333292 0.008359375000000035
0 0.4971770833333334 0.702515625 0.009854166666666704 0.01264062500000005
0 0.5297083333333333 0.6829765625 0.015291666666666733 0.01166406250000005
0 0.5153229166666666 0.6952265625 0.011406250000000047 0.009718750000000043
0 0.5040520833333333 0.7211796875 0.010625000000000048 0.006804687500000029
0 0.46840625 0.7273984375 0.01036458333333338 0.01264062500000005
0 0.5452604166666667 0.702609375 0.013218750000000057 0.008554687500000036
0 0.5713125 0.699015625 0.011927083333333382 0.01185937500000005
0 0.6042395833333334 0.6915312499999999 0.012437500000000056 0.009718750000000043
0 0.6388437499999999 0.6746171875 0.009072916666666705 0.01166406250000005
0 0.6135729166666667 0.6667421874999999 0.014000000000000058 0.008359375000000035
0 0.5609479166666667 0.649921875 0.019697916666666752 0.005835937500000022
0 0.5459166666666667 0.6333046875 0.012437500000000056 0.017304687500000072
0 0.5206354166666667 0.6136640625 0.010114583333333371 0.014578125000000063
0 0.6368958333333333 0.639328125 0.017625000000000075 0.006804687500000029
0 0.6331354166666666 0.6185234375 0.01736458333333341 0.009140625000000036
0 0.6720208333333333 0.635828125 0.009593750000000038 0.01652343750000007
0 0.745125 0.5990859375 0.016854166666666733 0.008359375000000035
0 0.75925 0.605109375 0.011406250000000047 0.009914062500000043
0 0.7606770833333333 0.5529140625 0.0147708333333334 0.015164062500000065
0 0.71984375 0.5270546875 0.012437500000000056 0.010109375000000042
0 0.8190000000000001 0.5225859374999999 0.014260416666666723 0.008945312500000035
0 0.82678125 0.51490625 0.010625000000000048 0.006804687500000029
0 0.8363645833333333 0.4923515625 0.015812500000000066 0.010304687500000043
0 0.7580833333333333 0.49731249999999994 0.01114583333333338 0.015554687500000063
0 0.6862812500000001 0.49692187499999996 0.018406250000000075 0.01205468750000005
0 0.6857604166666668 0.4844765625 0.012187500000000047 0.010500000000000042
0 0.35981250000000004 0.5688671875 0.013843749999999962 0.009578124999999993
0 0.2855625 0.4477109375 0.010114583333333371 0.016367187500000036
0 0.4013333333333333 0.46088281249999996 0.018093750000000006 0.005984375000000064
0 0.5865625 0.41138281250000003 0.021291666666666723 0.01716406250000002
0 0.6858333333333333 0.436328125 0.023947916666666676 0.017562500000000016
0 0.8340416666666666 0.3708359375 0.017625000000000075 0.008187500000000014
0 0.7930625 0.3775546875 0.01118750000000001 0.014898437500000038
0 0.7966979166666667 0.393078125 0.01845833333333336 0.012375000000000025
0 0.8095625 0.4159453125 0.011749999999999972 0.012374999999999936
0 0.8287291666666667 0.43629687500000003 0.008677083333333257 0.011960937499999958
0 0.8008958333333334 0.3441875 0.00951041666666678 0.009437500000000033
0 0.818375 0.3275078125 0.008677083333333257 0.010492187499999962
0 0.8046770833333333 0.3350625 0.012583333333333257 0.00923437500000004
0 0.7252291666666667 0.2786171875 0.01427083333333338 0.018882812499999967
0 0.7130624999999999 0.2779921875 0.010072916666666742 0.011749999999999972
0 0.4787604166666667 0.1551484375 0.026187499999999985 0.013093749999999993
0 0.5874270833333333 0.1548203125 0.01221875000000002 0.011781249999999988
0 0.5365833333333333 0.1589140625 0.02138541666666664 0.013421875000000005
0 0.5036354166666667 0.1824765625 0.015708333333333376 0.011453125000000019
0 0.5088645833333333 0.204734375 0.01047916666666661 0.014726562500000017
0 0.5981145833333333 0.1731484375 0.012656250000000095 0.010476562500000019
0 0.6266979166666666 0.1980234375 0.017458333333333322 0.018984375000000008
0 0.6958749999999999 0.19671875 0.007416666666666553 0.017671875000000004
0 0.6758020833333334 0.1859140625 0.00916666666666662 0.013750000000000017
0 0.6901979166666667 0.1996640625 0.006541666666666638 0.013750000000000017
0 0.6908541666666667 0.22274218750000002 0.016583333333333408 0.008179687500000022
0 0.7220624999999999 0.2317421875 0.010041666666666772 0.011125000000000006
0 0.7111458333333334 0.2348515625 0.012656250000000095 0.010804687500000031
0 0.5206562499999999 0.24205468749999998 0.01221875000000002 0.009492187499999982
0 0.34761458333333334 0.2842734375 0.01353125000000001 0.011453124999999975