0 0.10390625 0.583203125 0.020260416666666656 0.014070312499999993
0 0.14929166666666666 0.596421875 0.013499999999999979 0.01688281249999992
0 0.13541666666666666 0.581796875 0.01725 0.010125000000000028
0 0.19392708333333333 0.6203359374999999 0.01275000000000001 0.018570312499999984
0 0.21006249999999999 0.6113359375 0.014999999999999977 0.011812499999999915
0 0.12116666666666666 0.630296875 0.010968750000000001 0.01989062500000003
0 0.10425 0.6321796875000001 0.012802083333333325 0.009945312500000015
0 0.16254166666666667 0.636296875 0.016916666666666677 0.012687500000000008
0 0.17352083333333335 0.6407499999999999 0.014177083333333347 0.00925781249999993
0 0.14128125 0.6301249999999999 0.010062500000000026 0.007203125000000021
0 0.18243749999999997 0.6518984375 0.011885416666666693 0.015773437500000043
0 0.18632291666666667 0.687734375 0.011427083333333362 0.013374999999999915
0 0.21055208333333333 0.739515625 0.020572916666666666 0.0154296875
0 0.2670208333333333 0.7712343749999999 0.01737499999999995 0.008914062500000064
0 0.36281250000000004 0.784265625 0.02148958333333333 0.007546875000000064
0 0.34612499999999996 0.7938671875000001 0.01829166666666661 0.013718749999999957
0 0.34863541666666664 0.8123828124999999 0.020572916666666666 0.009601562499999971
0 0.23798958333333334 0.7055625 0.008687499999999975 0.010632812499999922
0 0.26885416666666667 0.7216796875 0.015541666666666624 0.007203125000000021
0 0.294 0.725625 0.015541666666666624 0.011656250000000057
0 0.40153125 0.6908359374999999 0.02000000000000005 0.009343750000000029
0 0.42743749999999997 0.7177734375 0.018031249999999943 0.014015625000000042
0 0.40875 0.7226874999999999 0.015416666666666618 0.011070312500000058
0 0.43875 0.7933984374999999 0.017708333333333333 0.010328125000000021
0 0.4628541666666666 0.8006484374999999 0.010822916666666653 0.010578124999999971
0 0.4976145833333333 0.8037265625 0.010822916666666653 0.015249999999999986
0 0.4663020833333333 0.7945 0.01114583333333338 0.011070312500000058
0 0.4856458333333334 0.8017578125 0.008520833333333281 0.008359374999999858
0 0.456625 0.77396875 0.014760416666666625 0.008359375000000035
0 0.44494791666666667 0.7552109375 0.017427083333333353 0.006531249999999922
0 0.4859375 0.769859375 0.01459374999999999 0.011296875000000029
0 0.49064583333333334 0.69396875 0.01459374999999999 0.013414062500000056
0 0.5266145833333334 0.7431875 0.020083333333333304 0.011429687500000086
0 0.5045937500000001 0.758609375 0.017666666666666705 0.010703125000000036
0 0.5134270833333333 0.7695000000000001 0.008229166666666643 0.012523437499999979
0 0.5475416666666667 0.7843828125 0.020322916666666656 0.008164062500000036
0 0.5667708333333333 0.8064296875 0.01282291666666661 0.01125000000000007
0 0.5688333333333334 0.756796875 0.015968749999999924 0.012156249999999957
0 0.5907291666666666 0.7575234375 0.015239583333333447 0.009617187499999957
0 0.59 0.77803125 0.01814583333333341 0.008164062500000036
0 0.61375 0.78578125 0.01683333333333342 0.013710937499999964
0 0.6289479166666666 0.7912734375 0.0171875 0.01574218750000007
0 0.6159166666666667 0.8269062500000001 0.01683333333333342 0.010453125000000086
0 0.5581041666666666 0.8376953125 0.017739583333333305 0.012484375000000015
0 0.7021145833333333 0.759234375 0.014395833333333267 0.013492187499999985
0 0.6672916666666667 0.736375 0.018510416666666647 0.0057187499999999504
0 0.7075937499999999 0.8019609375 0.007624999999999934 0.010125000000000028
0 0.7990729166666667 0.756625 0.013291666666666656 0.0057187499999999504
0 0.78525 0.7244453125 0.01307291666666662 0.005062500000000014
0 0.7402604166666666 0.708109375 0.010239583333333257 0.008328125000000065
0 0.7588854166666666 0.6898125 0.015687499999999945 0.0076796874999999435
0 0.7800208333333334 0.709171875 0.0196041666666666 0.007843749999999972
0 0.8080520833333333 0.70565625 0.010499999999999924 0.004890624999999993
0 0.8438645833333334 0.6907890625 0.013052083333333304 0.009070312499999922
0 0.8043958333333333 0.6717500000000001 0.015916666666666638 0.006804687500000029
0 0.8491979166666667 0.656296875 0.01353125000000001 0.011460937500000056
0 0.8617708333333333 0.6710390625 0.010343750000000066 0.011820312500000086
0 0.88309375 0.6633359375000001 0.0125729166666666 0.014085937499999979
0 0.8889895833333333 0.6680546875 0.017031249999999904 0.005851562500000007
0 0.8936770833333333 0.6441796875 0.007958333333333437 0.012531249999999971
0 0.9068124999999999 0.6462656250000001 0.014166666666666572 0.007398437500000021
0 0.873625 0.63546875 0.013052083333333304 0.007523437500000086
0 0.8075 0.62746875 0.008437499999999905 0.011820312500000086
0 0.7723229166666666 0.63009375 0.008437499999999905 0.008710937500000071
0 0.70140625 0.5863359375 0.014739583333333427 0.005851562500000007
0 0.7868645833333333 0.5979921874999999 0.010531249999999897 0.009656249999999922
0 0.81503125 0.5863828125 0.00817708333333324 0.010773437499999972
0 0.90465625 0.5871171875 0.007833333333333314 0.012398437499999915
0 0.89378125 0.5772109375000001 0.008124999999999953 0.0095703125
0 0.9377291666666667 0.5286953125 0.013052083333333304 0.008703125000000079
0 0.93946875 0.5121640625 0.007250000000000038 0.01218749999999993
0 0.8863854166666666 0.506609375 0.017697916666666678 0.010664062500000071
0 0.8798541666666666 0.5140078124999999 0.014500000000000075 0.009359375000000014
0 0.8308333333333333 0.5321796875 0.010447916666666638 0.013054687500000028
0 0.7818020833333333 0.5217343750000001 0.015666666666666627 0.011312500000000014
0 0.7963125000000001 0.5137890625 0.015083333333333353 0.011531249999999993
0 0.8389479166666667 0.4966015625 0.01392708333333322 0.01283593750000005
0 0.8869583333333334 0.4570078125 0.008416666666666591 0.013703124999999972
0 0.89625 0.46734375000000006 0.008989583333333447 0.011312500000000014
0 0.89284375 0.45521093749999997 0.007729166666666743 0.008109375000000085
0 0.8372083333333333 0.4356484375 0.008500000000000086 0.009562500000000007
0 0.7581041666666667 0.43521875000000004 0.015645833333333314 0.00463281250000005
0 0.7893020833333334 0.416671875 0.008114583333333295 0.00521875000000005
0 0.6953229166666667 0.44050781250000004 0.007531250000000019 0.009999999999999964
0 0.9134166666666667 0.38128125 0.006635416666666553 0.012015624999999997
0 0.8943541666666667 0.37765624999999997 0.009947916666666619 0.009742187500000022
0 0.8831666666666667 0.3414921875 0.012989583333333362 0.013679687499999992
0 0.87225 0.355171875 0.015468749999999904 0.012429687499999975
0 0.8649895833333333 0.3107421875 0.017458333333333322 0.006757812499999983
0 0.8359791666666666 0.30155468750000003 0.010135416666666685 0.010773437499999972
0 0.8238645833333333 0.2984921875 0.010135416666666685 0.006757812499999983
0 0.7886562500000001 0.297328125 0.008447916666666562 0.012460937500000036
0 0.7204895833333332 0.2800078125 0.016895833333333363 0.009085937499999997
0 0.7613333333333333 0.2326875 0.016895833333333363 0.009929687500000029
0 0.7362708333333334 0.237015625 0.018031249999999943 0.013093749999999993
0 0.7172499999999999 0.23607031250000002 0.010416666666666666 0.009507812499999968
0 0.70359375 0.23532812500000003 0.017458333333333322 0.0076015625000000146
0 0.7075416666666666 0.24684374999999997 0.008447916666666562 0.012039062499999975
0 0.71640625 0.2510703125 0.009854166666666704 0.008242187499999965
0 0.5761458333333334 0.6407734375 0.019135416666666554 0.0073203124999999146
0 0.48590625000000004 0.6489296875 0.01801041666666663 0.010695312500000043
0 0.39160416666666664 0.5982109375 0.016322916666666624 0.02112499999999997
0 0.4116145833333333 0.6284609375 0.023041666666666672 0.013445312500000028
0 0.2877395833333333 0.6039765625 0.010885416666666713 0.01392187499999995
0 0.35560416666666667 0.5712109375 0.01856250000000005 0.014164062500000085
0 0.3423125 0.5607656249999999 0.012479166666666685 0.010562499999999985
0 0.2554166666666667 0.5734921875000001 0.009604166666666695 0.0115234375
0 0.28021875 0.5270390625 0.011843750000000005 0.013679687499999992
0 0.14467708333333332 0.53471875 0.011520833333333336 0.008882812499999915
0 0.13907291666666666 0.506390625 0.008645833333333346 0.014640625000000008
0 0.17667708333333335 0.478546875 0.015364583333333333 0.010320312500000029
0 0.08113541666666667 0.495109375 0.010562500000000015 0.010804687499999943
0 0.14291666666666666 0.52271875 0.008000000000000007 0.0083984375
0 0.07390625 0.4583046875 0.013614583333333326 0.009656249999999922
0 0.09792708333333335 0.4487421875 0.012135416666666673 0.008726562500000057
0 0.11673958333333333 0.43871093749999995 0.014604166666666677 0.007242187499999986
0 0.12104166666666667 0.452265625 0.013333333333333345 0.010312500000000035
0 0.10198958333333333 0.3881953125 0.008437499999999994 0.014523437500000024
0 0.13276041666666666 0.3771875 0.011875000000000005 0.011710937500000008
0 0.13572916666666668 0.3881953125 0.024677083333333332 0.010773437499999972
0 0.16914583333333333 0.389484375 0.0078125 0.01241406249999999
0 0.15165625 0.404359375 0.01780208333333331 0.007499999999999929
0 0.13790624999999998 0.412328125 0.0109375 0.009367187500000007
0 0.1490625 0.332765625 0.011781250000000002 0.012765625000000025
0 0.21867708333333333 0.2592734375 0.025312500000000012 0.009164062500000014
0 0.22130208333333332 0.279734375 0.013968750000000026 0.004914062499999971
0 0.22741666666666666 0.2905390625 0.008729166666666661 0.0068749999999999645
0 0.28590625000000003 0.29610156249999997 0.018333333333333358 0.014078124999999986
0 0.34547916666666667 0.315421875 0.01964583333333335 0.012109375
0 0.296375 0.24241406250000003 0.01920833333333339 0.008187500000000014
0 0.27018749999999997 0.24732812499999998 0.009604166666666695 0.010148437500000006
0 0.35727083333333337 0.20558593749999998 0.03447916666666669 0.011789062500000025
0 0.36578125 0.2162265625 0.018333333333333358 0.012109375
0 0.39872916666666663 0.21196874999999998 0.010916666666666686 0.011460937499999968
0 0.41291666666666665 0.202640625 0.025312499999999953 0.009820312500000039
0 0.44958333333333333 0.19772656249999998 0.017458333333333322 0.01571093750000001
0 0.43321875 0.2180234375 0.01789583333333328 0.012437499999999968
0 0.47533333333333333 0.22653906250000003 0.029677083333333344 0.010476562499999975
0 0.47446875 0.25682031250000004 0.01484375 0.011460937499999968
0 0.4428229166666667 0.26942187500000003 0.02138541666666664 0.007859374999999957
0 0.49934375000000003 0.2121328125 0.015718750000000035 0.006546874999999996
0 0.5395 0.1897109375 0.027937499999999935 0.012109375
0 0.5779166666666666 0.21099218749999998 0.01920833333333339 0.009492187499999982
0 0.5838020833333334 0.21884375 0.014406249999999924 0.008835937499999957
0 0.44206249999999997 0.3913125 0.0308958333333333 0.008539062499999962
0 0.4149583333333334 0.471609375 0.013552083333333324 0.022765625000000077
0 0.4510104166666667 0.501078125 0.01626041666666668 0.011789062499999937
0 0.16109375 0.9457812499999999 0.010739583333333335 0.011007812500000113