0 0.9426388888888888 0.05189732142857143 0.022767857142857176 0.020089285714285716
0 0.914292328042328 0.007199900793650793 0.014285714285714117 0.01439732142857143
0 0.8655753968253967 0.0034722222222222225 0.03339947089947089 0.006944444444444445
0 0.8254761904761904 0.037864583333333326 0.02716269841269844 0.014613095238095241
0 0.8296097883597882 0.05225694444444444 0.01830357142857153 0.011956845238095237
0 0.8152910052910053 0.05524553571428571 0.013875661375661489 0.009965277777777781
0 0.79698082010582 0.006426091269841271 0.016660052910053007 0.0069022817460317465
0 0.7906349206349206 0.012080853174603171 0.016660052910053007 0.00868799603174603
0 0.7688955026455025 0.03141865079365079 0.028402777777778 0.02261160714285715
0 0.7462830687830688 0.03653769841269841 0.025390211640211647 0.01856646825396826
0 0.7371593915343915 0.054446924603174594 0.023961640211640163 0.0132093253968254
0 0.7035978835978834 0.0176140873015873 0.041574074074074235 0.016185515873015876
0 0.6699570105820106 0.008628472222222221 0.0466534391534393 0.013447420634920637
0 0.6302843915343915 0.031001984126984128 0.023485449735449748 0.011545138888888895
0 0.6105291005291006 0.032728174603174606 0.016028439153439204 0.01332837301587302
0 0.5537996031746032 0.032728174603174606 0.034275793650793675 0.0242782738095238
0 0.549375 0.01770089285714286 0.021676587301587346 0.010786210317460321
0 0.5274966931216931 0.032056051587301584 0.020257936507936593 0.009114583333333337
0 0.5251686507936507 0.03908482142857143 0.03889550264550265 0.018154761904761906
0 0.491084656084656 0.020282738095238097 0.02724537037037038 0.01701636904761905
0 0.5181283068783068 0.007976190476190474 0.020965608465608434 0.015952380952380947
0 0.5048611111111111 0.027993551587301584 0.029474206349206375 0.010863095238095241
0 0.4302546296296296 0.09688244047619046 0.030403439153439158 0.0155530753968254
0 0.45254960317460313 0.1222594246031746 0.04163029100529094 0.010875496031746045
0 0.4495866402116402 0.1379861111111111 0.021673280423280396 0.018241567460317444
0 0.38269841269841265 0.1278720238095238 0.026974206349206397 0.01251240079365079
0 0.39462632275132264 0.14880456349206347 0.02026785714285708 0.020230654761904755
0 0.34832010582010575 0.14570436507936507 0.021203703703703645 0.012862103174603146
0 0.46246031746031746 0.19946180555555554 0.022784391534391563 0.018105158730158742
0 0.48090277777777773 0.1923412698412698 0.015730820105820106 0.01729166666666666
0 0.5575297619047619 0.18430555555555556 0.020343915343915362 0.025632440476190465
0 0.5584788359788359 0.25398065476190473 0.017900132275132326 0.009967757936507926
0 0.4753439153439153 0.24350446428571426 0.04041335978835979 0.02441220238095241
0 0.4040079365079365 0.2617113095238095 0.03390542328042336 0.0270560515873016
0 0.2866931216931217 0.2279811507936508 0.030939153439153464 0.019995039682539684
0 0.2796164021164021 0.2610615079365079 0.045095899470899425 0.016540178571428577
0 0.2774768518518519 0.26883680555555556 0.02106481481481488 0.010863095238095255
0 0.3441335978835979 0.2998189484126984 0.014811507936507932 0.018514384920634973
0 0.3747751322751322 0.3017336309523809 0.012470238095238055 0.021820436507936504
0 0.38689814814814816 0.3184895833333333 0.01662698412698423 0.022341269841269808
0 0.4158201058201058 0.3373883928571428 0.013855820105820153 0.021951884920634955
0 0.44551917989417983 0.36518353174603174 0.017837301587301607 0.020133928571428504
0 0.3632572751322751 0.3235540674603174 0.025459656084656026 0.018184523809523866
0 0.38856812169312166 0.39684275793650786 0.03261904761904759 0.024704861111111098
0 0.3148511904761905 0.30785466269841266 0.02398478835978833 0.01990823412698415
0 0.3284424603174603 0.33076140873015875 0.03261904761904759 0.013432539682539612
0 0.31405092592592593 0.353187003968254 0.017268518518518523 0.018948412698412742
0 0.3340410052910053 0.35810515873015875 0.02142857142857141 0.014871031746031793
0 0.3182076719576719 0.3706969246031746 0.03261904761904759 0.01702876984126984
0 0.3132506613756613 0.40679563492063486 0.012473544973545003 0.020148809523809465
0 0.26946097883597886 0.371860119047619 0.012840608465608453 0.014858630952380913
0 0.2321329365079365 0.3788764880952381 0.019993386243386268 0.018435019841269808
0 0.2269940476190476 0.4160887896825397 0.021828703703703725 0.009766865079365061
0 0.22376984126984123 0.48824156746031744 0.017136243386243363 0.017259424603174624
0 0.24029431216931216 0.497423115079365 0.0212996031746032 0.016158234126984184
0 0.32965608465608465 0.4786011904761905 0.020320767195767194 0.012301587301587346
0 0.34985449735449736 0.5147743055555556 0.015667989417989504 0.0222172619047619
0 0.42036375661375663 0.5268005952380952 0.016646825396825448 0.01652529761904766
0 0.39539021164021165 0.5578323412698412 0.018118386243386197 0.023501984126984253
0 0.26808201058201053 0.5447966269841269 0.027420634920634956 0.0216666666666665
0 0.2942791005291005 0.5731646825396826 0.01468915343915344 0.016341765873015925
0 0.3373677248677248 0.5876711309523809 0.01713624338624342 0.022951388888888858
0 0.27371362433862434 0.5792237103174602 0.01517857142857144 0.015974702380952267
0 0.24690476190476188 0.5996974206349206 0.024728835978835958 0.0212996031746032
0 0.23209325396825395 0.5829885912698413 0.027420634920634925 0.0216666666666665
0 0.204917328042328 0.5708680555555554 0.018118386243386256 0.0216666666666665
0 0.1905952380952381 0.5806001984126984 0.020320767195767194 0.023871527777777856
0 0.19329034391534392 0.6063988095238095 0.014444444444444452 0.012301587301587346
0 0.2093253968253968 0.5965749007936507 0.022523148148148132 0.00918154761904777
0 0.21143187830687832 0.6560615079365079 0.023756613756613733 0.02519841269841283
0 0.22093584656084655 0.6608978174603173 0.016967592592592597 0.020109126984126924
0 0.28134589947089944 0.6687872023809524 0.01628968253968258 0.01807291666666657
0 0.3116170634920635 0.6367435515873014 0.014335317460317399 0.015101686507936663
0 0.31733465608465605 0.640064484126984 0.018042328042328037 0.01522321428571427
0 0.3283234126984127 0.6846775793650793 0.012242063492063455 0.0175297619047619
0 0.3836970899470899 0.6521651785714286 0.012179232804232736 0.011197916666666608
0 0.3789814814814815 0.6733085317460318 0.01728835978835986 0.01281994047619044
0 0.3328108465608465 0.707125496031746 0.024361772486772418 0.017093253968253917
0 0.3039318783068783 0.713313492063492 0.014537037037037 0.01502976190476204
0 0.3606117724867725 0.7121354166666667 0.012771164021163984 0.01768105158730151
0 0.3300595238095238 0.744330357142857 0.014537037037037 0.01871279761904763
0 0.26512896825396826 0.7640029761904762 0.02259259259259257 0.01532490079365072
0 0.27436177248677246 0.7544990079365078 0.016699735449735444 0.016356646825396837
0 0.274755291005291 0.7727703373015873 0.01984457671957669 0.01281994047619044
0 0.22563492063492063 0.6926240079365079 0.028591269841269865 0.008219246031746152
0 0.2215839947089947 0.6826190476190476 0.026210317460317434 0.015724206349206328
0 0.31706018518518514 0.8209598214285714 0.025740740740740738 0.02351686507936499
0 0.3547321428571429 0.8050793650793651 0.01872023809523817 0.024744543650793815
0 0.37930224867724865 0.7945486111111111 0.025271164021163982 0.024744543650793815
0 0.33084656084656083 0.8809970238095237 0.016997354497354542 0.02731894841269842
0 0.350297619047619 0.9042857142857142 0.0153538359788359 0.021111111111111212
0 0.35925595238095237 0.8990625 0.009381613756613779 0.02089781746031747
0 0.3875462962962963 0.9007688492063493 0.014785052910052936 0.02175099206349209
0 0.422093253968254 0.9377678571428572 0.013363095238095231 0.015567956349206468
0 0.46829695767195767 0.8987425595238095 0.021041666666666715 0.014288194444444357
0 0.4756944444444444 0.9679265873015872 0.012946428571428588 0.01731150793650791
0 0.48470238095238094 0.9951512896825395 0.01351190476190484 0.009697420634920562
0 0.5284722222222221 0.977953869047619 0.01548280423280423 0.02005456349206334
0 0.5470502645502645 0.9500868055555556 0.01323082010582013 0.020900297619047593
0 0.5535218253968253 0.9492435515873016 0.012103174603174456 0.020900297619047593
0 0.5736474867724868 0.9961011904761905 0.009570105820105822 0.007797619047618909
0 0.6704662698412698 0.9561210317460317 0.017278439153439015 0.016574900793650826
0 0.7329530423280421 0.9235739087301587 0.024914021164021232 0.010548115079365062
0 0.7994543650793651 0.8697767857142857 0.024510582010582028 0.013864087301587346
0 0.8108895502645502 0.7364360119047618 0.02614417989418006 0.010783730158730086
0 0.49934523809523806 0.7331671626984126 0.027013888888888952 0.012745535714285872
0 0.5514980158730158 0.7582614087301587 0.027678571428571292 0.024801587301587345
0 0.5699900793650793 0.7158258928571428 0.027923280423280517 0.011205357142857152
0 0.5987929894179893 0.6619915674603175 0.01867394179894172 0.02317460317460309
0 0.6102744708994708 0.6788541666666666 0.018564814814814666 0.010962301587301581
0 0.4567427248677249 0.6194047619047619 0.009117063492063574 0.017906746031746044
0 0.2374041005291005 0.3107886904761904 0.02581349206349207 0.019652777777777696
0 0.4881547619047619 0.10372023809523809 0.0196792328042329 0.015815972222222207
0 0.5182010582010581 0.10984871031746031 0.023194444444444427 0.0109375
0 0.5368287037037036 0.09765625 0.019328703703703633 0.011071428571428576
0 0.5425396825396825 0.13515128968253967 0.013177910052910136 0.01647321428571429
0 0.6157671957671957 0.09316716269841269 0.025707671957671843 0.010920138888888875
0 0.6064384920634921 0.11125496031746032 0.021157407407407427 0.014332837301587275
0 0.600297619047619 0.13446180555555554 0.021157407407407427 0.021500496031746065
0 0.734973544973545 0.11914930555555556 0.017665343915343832 0.029146825396825404
0 0.7203703703703703 0.1463516865079365 0.021904761904761944 0.009007936507936475
0 0.8649007936507936 0.08601190476190476 0.029318783068782987 0.012266865079365096
0 0.9069841269841269 0.11435763888888888 0.02253637566137551 0.01600446428571427
0 0.8827513227513227 0.17232142857142857 0.012764550264550442 0.027524801587301573
0 0.7922056878306878 0.20068452380952378 0.010777116402116368 0.016731150793650795
0 0.9357705026455025 0.28887152777777775 0.02586309523809523 0.021716269841269842
0 0.8935515873015872 0.27884176587301585 0.03470238095238092 0.010942460317460245
0 0.6532804232804232 0.26151785714285714 0.022324735449735535 0.021716269841269842
0 0.6379464285714286 0.30613591269841267 0.016322751322751353 0.01805059523809529
0 0.843885582010582 0.3777058531746032 0.0236408730158729 0.013432539682539612
0 0.8997619047619048 0.42740327380952375 0.022923280423280328 0.01558035714285726
0 0.9907142857142858 0.4855654761904762 0.018571428571428565 0.01047619047619044
0 0.9527711640211639 0.5082638888888888 0.015760582010581933 0.017192460317460245
0 0.9583234126984126 0.5304265873015872 0.01898478835978826 0.017998511904761826
0 0.9656679894179893 0.4236433531746032 0.0200595238095237 0.010208333333333286