0 0.24441137566137566 0.2283358134920635 0.011094576719576683 0.005461309523809544
0 0.2520403439153439 0.2301116071428571 0.00785714285714286 0.007108134920634957
0 0.2474503968253968 0.2414112103174603 0.007903439153439192 0.004667658730158753
0 0.26587301587301587 0.23726190476190476 0.008988095238095243 0.008373015873015888
0 0.2599470899470899 0.24393105158730158 0.007407407407407441 0.008668154761904745
0 0.2261111111111111 0.25096974206349204 0.014818121693121652 0.005704365079365115
0 0.23628637566137564 0.27100942460317456 0.008296957671957669 0.006371527777777786
0 0.19800925925925925 0.2773065476190476 0.011755952380952372 0.006815476190476222
0 0.18981150793650794 0.27964037698412697 0.004841269841269854 0.010890376984126959
0 0.177364417989418 0.28204861111111107 0.0143220899470899 0.00859375
0 0.20419973544973544 0.30793154761904756 0.011994047619047639 0.007450396825396855
0 0.19020502645502643 0.3115674603174603 0.017929894179894212 0.005632440476190492
0 0.1792361111111111 0.31781001984126983 0.010555555555555606 0.006646825396825484
0 0.19108796296296296 0.31964037698412695 0.010357142857142836 0.00463045634920638
0 0.20711970899470902 0.32311259920634916 0.004778439153439192 0.006049107142857136
0 0.14110119047619046 0.3174751984126984 0.0077678571428571415 0.007021329365079332
0 0.15678240740740743 0.3264360119047619 0.012050264550264582 0.005525793650793709
0 0.15857473544973544 0.3365550595238095 0.010056216931216907 0.0067956349206349746
0 0.1319378306878307 0.34152281746031743 0.012946428571428574 0.007467757936507979
0 0.1129695767195767 0.3578769841269841 0.015234788359788384 0.007616567460317469
0 0.12661044973544974 0.3579885912698413 0.011253306878306871 0.005600198412698365
0 0.11222222222222222 0.36265625 0.007569444444444429 0.0052281746031745515
0 0.10371031746031746 0.3662053571428571 0.010654761904761905 0.004556051587301546
0 0.14368716931216932 0.37512896825396824 0.00836309523809522 0.00821428571428573
0 0.10580026455026453 0.3836656746031746 0.012966269841269865 0.003467261904761898
0 0.11021164021164019 0.4072197420634921 0.008290343915343919 0.009365079365079331
0 0.1473974867724868 0.3943551587301587 0.007453703703703714 0.007844742063492127
0 0.16921626984126983 0.38962053571428573 0.009980158730158688 0.010999503968253953
0 0.11331349206349207 0.4441741071428571 0.007572751322751318 0.006493055555555571
0 0.10453703703703704 0.45332589285714275 0.007093253968253984 0.008747519841269914
0 0.08379629629629629 0.4717261904761904 0.008300264550264558 0.005930059523809561
0 0.08147486772486773 0.46905753968253966 0.008201058201058202 0.006966765873015923
0 0.06887566137566137 0.4703546626984127 0.009682539682539685 0.003335813492063444
0 0.09125661375661374 0.4839930555555555 0.016699735449735444 0.005855654761904816
0 0.06714616402116401 0.49481150793650786 0.009980158730158725 0.008077876984127031
0 0.0669973544973545 0.5105605158730159 0.00770833333333334 0.009781746031745975
0 0.085625 0.5203819444444444 0.008796296296296309 0.008077876984126852
0 0.07742394179894178 0.5261631944444444 0.01017857142857143 0.007782738095238173
0 0.09590277777777777 0.5280530753968253 0.010968915343915331 0.008301091269841266
0 0.08819444444444444 0.5628844246031746 0.006818783068783082 0.008893849206349103
0 0.09703703703703703 0.5674429563492063 0.009487433862433885 0.012968749999999928
0 0.10158399470899471 0.5496924603174603 0.010476190476190469 0.012748015873015817
0 0.11438161375661375 0.5481001984126984 0.009388227513227498 0.005706845238095326
0 0.11467592592592592 0.5574751984126983 0.011957671957671945 0.007115575396825236
0 0.12574404761904762 0.5521750992063492 0.0074107142857142705 0.010004960317460388
0 0.1313260582010582 0.5402058531746031 0.008498677248677271 0.009486607142857118
0 0.1443716931216931 0.5417633928571428 0.010869708994708975 0.0054836309523809135
0 0.11972883597883598 0.5881746031746031 0.005436507936507962 0.009841269841269984
0 0.10986772486772486 0.5865178571428571 0.008191137566137563 0.012180059523809383
0 0.1126223544973545 0.6016046626984127 0.014136904761904774 0.013757440476190475
0 0.12099867724867724 0.607829861111111 0.006091269841269842 0.004022817460317541
0 0.10780423280423279 0.6294717261904762 0.0066699735449735325 0.004893353174603021
0 0.10124007936507935 0.6258829365079365 0.006742724867724862 0.005220734126984183
0 0.13683862433862434 0.6244146825396825 0.003406084656084651 0.006741071428571566
0 0.1393022486772487 0.6229737103174602 0.005003306878306901 0.006470734126984112
0 0.16097883597883597 0.6497247023809524 0.009788359788359813 0.006470734126984112
0 0.18259920634920632 0.6490401785714285 0.009708994708994704 0.005892857142857188
0 0.2169246031746032 0.6425396825396825 0.009477513227513275 0.007800099206349209
0 0.2520568783068783 0.6437524801587301 0.01410052910052914 0.010920138888888787
0 0.23680224867724867 0.6769494047619047 0.008551587301587263 0.012482638888888786
0 0.22848214285714283 0.7060739087301586 0.020109126984126983 0.012482638888888786
0 0.25344576719576717 0.7117956349206349 0.02057208994708996 0.009360119047618909
0 0.19866402116402115 0.7298239087301587 0.012251984126984123 0.012827380952380984
0 0.20259259259259257 0.7363244047619047 0.013637566137566164 0.008494543650793673
0 0.22432208994708996 0.7348511904761905 0.0071660052910053436 0.01005456349206355
0 0.22628637566137563 0.7358035714285714 0.010631613756613766 0.008841765873015817
0 0.23506944444444444 0.7374503968253968 0.012020502645502636 0.010401785714285693
0 0.24362103174603175 0.7493253968253969 0.009246031746031787 0.011961805555555394
0 0.2432738095238095 0.7279166666666667 0.00901455026455024 0.010401785714285693
0 0.25610119047619045 0.7338120039682539 0.01155753968253972 0.005892857142857188
0 0.2670701058201058 0.7344940476190476 0.007301587301587276 0.01064980158730151
0 0.27574404761904764 0.7382217261904762 0.006388888888888881 0.008216765873015851
0 0.278885582010582 0.7306150793650794 0.008621031746031705 0.007606646825396801
0 0.2835515873015873 0.7667485119047619 0.0065939153439153134 0.012323908730158628
0 0.28527777777777774 0.7851587301587302 0.006997354497354517 0.007606646825396801
0 0.2988690476190476 0.7902926587301586 0.006388888888888881 0.008747519841269914
0 0.2917195767195767 0.7738244047619047 0.008723544973544979 0.005629960317460281
0 0.3048544973544974 0.7715029761904761 0.008826058201058255 0.009203869047619051
0 0.2916666666666667 0.762906746031746 0.007605820105820153 0.008291170634920774
0 0.30267195767195765 0.7648859126984127 0.004867724867724851 0.005401785714285623
0 0.3224503968253968 0.7629464285714285 0.007708333333333309 0.007911706349206326
0 0.31940806878306877 0.7618427579365079 0.007708333333333309 0.006922123015873005
0 0.32732142857142854 0.7740897817460317 0.007910052910052912 0.0038789682539682956
0 0.32656084656084655 0.7765624999999999 0.00841931216931222 0.004563492063491914
0 0.2975496031746031 0.7525992063492063 0.008012566137566186 0.005629960317460281
0 0.31940806878306877 0.746361607142857 0.009738756613756649 0.005932539682539683
0 0.3154034391534391 0.7276091269841268 0.009636243386243375 0.008901289682539826
0 0.3094675925925926 0.7088938492063492 0.01075066137566137 0.009052579365079439
0 0.32656084656084655 0.6937549603174602 0.00841931216931222 0.0066195436507936025
0 0.3472519841269841 0.6888120039682539 0.010651455026455044 0.009965277777777892
0 0.25210648148148146 0.6262971230158729 0.009695767195767147 0.006830357142857046
0 0.2272023809523809 0.605250496031746 0.007493386243386269 0.008593749999999822
0 0.33342261904761905 0.6483333333333332 0.010135582010582074 0.008814484126984112
0 0.198723544973545 0.5829067460317461 0.009917328042328026 0.013266369047618909
0 0.18425264550264547 0.5621031746031746 0.008306878306878278 0.010652281746031634
0 0.21011574074074074 0.5496403769841269 0.011256613756613732 0.013869047619047592
0 0.19711640211640213 0.5409970238095239 0.013131613756613742 0.012663690476190582
0 0.16415343915343913 0.5408978174603175 0.009381613756613779 0.011254960317460316
0 0.32093253968253965 0.5342633928571429 0.011524470899470885 0.010853174603174587
0 0.2784556878306878 0.5516517857142857 0.011256613756613732 0.007839781746031704
0 0.3028439153439153 0.5603943452380953 0.011256613756613732 0.006431051587301617
0 0.214401455026455 0.5191889880952381 0.011792328042328097 0.009647817460317398
0 0.13307539682539682 0.49474206349206346 0.008052248677248682 0.008898809523809526
0 0.15691468253968252 0.49275545634920637 0.009537037037037047 0.009060019841269806
0 0.1682506613756614 0.49553819444444447 0.016951058201058206 0.0133506944444445
0 0.22006283068783067 0.47503472222222215 0.006994047619047627 0.00953621031746028
0 0.2461276455026455 0.47082341269841266 0.009537037037036988 0.009060019841269806
0 0.24249669312169309 0.45732142857142855 0.007298280423280386 0.008549107142857082
0 0.1920072751322751 0.4489608134920635 0.009497354497354494 0.008923611111111108
0 0.20928902116402115 0.43332341269841274 0.009623015873015816 0.014903273809523832
0 0.22117063492063493 0.39384672619047617 0.011031746031746023 0.004298115079365061
0 0.23647156084656082 0.3626984126984127 0.012870370370370369 0.006733630952380931
0 0.20813822751322747 0.34858382936507937 0.010707671957671987 0.007867063492063408
0 0.21900462962962963 0.346922123015873 0.01038359788359789 0.012003968253968277
0 0.2308498677248677 0.33463293650793646 0.006597222222222262 0.009002976190476275
0 0.2426917989417989 0.33966269841269836 0.011898148148148142 0.006245039682539666
0 0.2668088624338624 0.338687996031746 0.007139550264550228 0.008678075396825325
0 0.25548280423280423 0.29942956349206346 0.015158730158730134 0.004583333333333339
0 0.28525132275132276 0.28563244047619046 0.008435846560846609 0.008343253968253972
0 0.3037070105820106 0.3200570436507936 0.02261574074074074 0.005500992063492039
0 0.32259589947089945 0.2788467261904762 0.014424603174603116 0.008710317460317451
0 0.35015873015873017 0.27334573412698415 0.00916666666666662 0.009992559523809508
0 0.3609788359788359 0.2536359126984127 0.011001984126984136 0.005959821428571388
0 0.2666699735449735 0.2662400793650793 0.008680555555555565 0.006602182539682477
0 0.2878769841269841 0.2688095238095238 0.00537698412698416 0.011001984126984166
0 0.30835317460317463 0.24593501984126984 0.006722883597883585 0.010176091269841248
0 0.280787037037037 0.2433209325396825 0.006600529100529092 0.007884424603174622
0 0.2890376984126984 0.2423115079365079 0.010879629629629644 0.007333829365079314
0 0.29881944444444447 0.23300595238095237 0.010879629629629644 0.00907738095238093
0 0.3038921957671957 0.22512152777777777 0.014424603174603116 0.00907738095238093
0 0.33121362433862434 0.2193923611111111 0.011613756613756602 0.0062351190476190865
0 0.35083333333333333 0.22649801587301588 0.00880291005290997 0.009441964285714288
0 0.35107804232804235 0.2209499007936508 0.01540343915343918 0.005500992063492039
0 0.3431911375661375 0.2127455357142857 0.008435846560846609 0.005225694444444429
0 0.31446428571428575 0.2041269841269841 0.011124338624338629 0.005409226190476168
0 0.34502645502645496 0.2047222222222222 0.007457010582010663 0.005684523809523867
0 0.3659292328042328 0.2085739087301587 0.011613756613756602 0.008618551587301581
0 0.3734457671957671 0.21201140873015872 0.01149140211640211 0.005959821428571388
0 0.37986441798941795 0.20403521825396825 0.011858465608465707 0.005592757936507908
0 0.37570767195767196 0.19940476190476192 0.011613756613756602 0.004950396825396841
0 0.321630291005291 0.19446180555555556 0.009216269841269782 0.003655753968253972
0 0.3294312169312169 0.19625496031746031 0.01010251322751318 0.0065798611111111075
0 0.3420601851851852 0.19791666666666666 0.011078042328042296 0.005515873015873018
0 0.36811507936507937 0.19426091269841267 0.013915343915343926 0.004454365079365097
0 0.38965277777777774 0.1826612103174603 0.01409060846560853 0.011299603174603146
0 0.4148214285714286 0.19153521825396824 0.012142857142857129 0.006183035714285712
0 0.40923941798941793 0.18395833333333333 0.007711640211640258 0.004985119047619025
0 0.4126521164021163 0.18036954365079366 0.013826058201058207 0.008177083333333357
0 0.41566468253968253 0.1723263888888889 0.009394841269841218 0.00405505952380949
0 0.4390641534391534 0.1702331349206349 0.012761243386243374 0.008241567460317479
0 0.45488425925925924 0.16960069444444445 0.01409060846560853 0.0035218253968253956
0 0.45031746031746034 0.18475694444444443 0.009927248677248694 0.006847718253968215
0 0.4763293650793651 0.1832266865079365 0.007886904761904744 0.009372519841269833
0 0.4979993386243386 0.19319692460317459 0.010634920634920537 0.007512400793650764
0 0.5145734126984126 0.19040674603174604 0.01134589947089945 0.01216517857142856
0 0.4637003968253968 0.20479662698412698 0.010634920634920537 0.006381448412698454
0 0.5222850529100529 0.2068253968253968 0.011167328042328013 0.006448412698412653
0 0.3906613756613756 0.23640376984126982 0.01670634920634922 0.009836309523809561
0 0.386438492063492 0.22481646825396825 0.014732142857142942 0.006063988095238138
0 0.41338624338624336 0.26833829365079365 0.011858465608465707 0.006872519841269842
0 0.4312632275132275 0.26086061507936503 0.012037037037037023 0.014551091269841266
0 0.4583035714285714 0.32456349206349205 0.014107142857142799 0.010032242063492004
0 0.45668320105820104 0.3269940476190476 0.009613095238095327 0.009719742063492109
0 0.47808201058201055 0.3163169642857143 0.010833333333333427 0.005818452380952355
0 0.37707010582010575 0.3216691468253968 0.016326058201058185 0.006922123015873005
0 0.3624007936507937 0.368077876984127 0.0168022486772486 0.01313244047619042
0 0.28750661375661374 0.3669246031746032 0.010886243386243421 0.010825892857142883
0 0.29649801587301583 0.35911706349206346 0.012304894179894176 0.010471230158730105
0 0.3402744708994709 0.3872445436507936 0.010413359788359718 0.008519345238095255
0 0.3558928571428571 0.43108134920634916 0.008991402116402132 0.007810019841269699
0 0.36869378306878303 0.43592013888888886 0.011230158730158734 0.004211309523809525
0 0.34984457671957675 0.5945114087301587 0.010403439153439109 0.006733630952380843
0 0.3934689153439153 0.5979315476190477 0.015426587301587347 0.005488591269841336
0 0.4146957671957672 0.610344742063492 0.005856481481481523 0.008529265873015923
0 0.3659259259259259 0.551125992063492 0.009771825396825425 0.008062996031746117
0 0.4077777777777777 0.46269593253968255 0.013759920634920656 0.012185019841269806
0 0.4356216931216931 0.5167782738095238 0.007086640211640116 0.010704365079365096
0 0.47268849206349206 0.47680307539682537 0.0069775132275131805 0.01037450396825399
0 0.46491732804232805 0.40960069444444447 0.014269179894179966 0.004933035714285694
0 0.46085978835978836 0.36222470238095233 0.009232804232804289 0.009863591269841265
0 0.4836078042328042 0.23765873015873015 0.01716600529100525 0.006173115079365132
0 0.570380291005291 0.24577132936507934 0.013402777777777904 0.007584325396825342
0 0.5565079365079365 0.29621279761904756 0.007761243386243422 0.011817956349206326
0 0.5816699735449735 0.28906994047619045 0.011524470899470885 0.006701388888888893
0 0.588475529100529 0.22718501984126985 0.013366402116402061 0.005716765873015906
0 0.5935780423280423 0.21575396825396825 0.010436507936507885 0.013102678571428595
0 0.5988525132275132 0.21601686507936507 0.006683201058201149 0.008529265873015923
0 0.5870436507936508 0.17203125 0.015128968253968367 0.005265376984126968
0 0.5545998677248677 0.18226686507936507 0.012635582010581932 0.0079563492063492
0 0.5842162698412697 0.18893353174603172 0.009242724867724898 0.006321924603174623
0 0.6433697089947089 0.18708333333333332 0.010039682539682578 0.007529761904761889
0 0.6536838624338623 0.20036210317460315 0.012777777777777761 0.005064484126984148
0 0.677414021164021 0.20118551587301586 0.013872354497354421 0.018482142857142846
0 0.7005059523809524 0.20577132936507936 0.008945105820105917 0.012321428571428594
0 0.7152017195767196 0.21425843253968252 0.009490740740740715 0.008762400793650737
0 0.6305919312169312 0.24561011904761904 0.007850529100529021 0.010131448412698418
0 0.7194907407407406 0.2467063492063492 0.016610449735449607 0.006024305555555554
0 0.7455026455026454 0.2208308531746032 0.017890211640211835 0.010679563492063514
0 0.742582671957672 0.24643105158730155 0.01204695767195787 0.010679563492063514
0 0.7264252645502646 0.2662152777777778 0.019166666666666762 0.009446924603174622
0 0.7300760582010581 0.28456101190476185 0.008214285714285788 0.008350694444444428
0 0.7572751322751323 0.2560143849206349 0.011134259259259238 0.0112251984126984
0 0.7920502645502644 0.2561532738095238 0.010588624338624442 0.007941468253968242
0 0.794970238095238 0.24677331349206347 0.010952380952380972 0.009719742063492109
0 0.8095734126984127 0.27689484126984126 0.010952380952380972 0.011088789682539702
0 0.7872123015873016 0.2798363095238095 0.008578042328042082 0.010131448412698418
0 0.7755291005291004 0.28832589285714283 0.013690476190476157 0.010131448412698418
0 0.8097585978835978 0.2994146825396825 0.009490740740740715 0.012321428571428506
0 0.7823776455026454 0.30988839285714287 0.009126984126984183 0.017661210317460353
0 0.7678637566137566 0.3126264880952381 0.01077050264550247 0.009719742063492109
0 0.6987731481481482 0.3232366071428571 0.013141534391534293 0.005203373015873059
0 0.6827083333333334 0.35239831349206346 0.007301587301587394 0.00821428571428573
0 0.6192757936507935 0.34438988095238093 0.00857804232804232 0.006981646825396837
0 0.5494246031746032 0.3979216269841269 0.009130291005291013 0.007492559523809517
0 0.5863955026455027 0.5035615079365079 0.012324735449735395 0.012366071428571424
0 0.6716633597883597 0.4931919642857142 0.00965939153439166 0.01861111111111118
0 0.6575892857142857 0.5650768849206348 0.009494047619047544 0.008244047619047557
0 0.5645205026455026 0.6095064484126984 0.010281084656084735 0.007710813492063551
0 0.4966534391534392 0.6212053571428571 0.012337962962962952 0.011054067460317363
0 0.5401851851851852 0.6739037698412698 0.017824074074074048 0.008482142857142883
0 0.6032506613756613 0.6749305555555556 0.022622354497354516 0.008998015873015852
0 0.6572354497354497 0.6326438492063492 0.011309523809523844 0.01439484126984123
0 0.6865410052910053 0.6366269841269842 0.009596560846560938 0.017224702380952372
0 0.6305026455026455 0.7052653769841271 0.01542328042328028 0.010024801587301546
0 0.7055654761904762 0.6866269841269841 0.009255952380952219 0.017993551587301582
0 0.7392129629629629 0.682859623015873 0.020135582010582218 0.008556547619047627
0 0.7144907407407407 0.7007316468253968 0.00917328042328028 0.013425099206349244
0 0.7039748677248678 0.709203869047619 0.00917328042328028 0.011242559523809526
0 0.7133730158730157 0.7206150793650793 0.00917328042328028 0.009228670634920633
0 0.7495039682539683 0.7143229166666666 0.008948412698412749 0.010066964285714342
0 0.7691931216931216 0.7285863095238094 0.013872354497354421 0.00973214285714281
0 0.7823941798941798 0.7014012896825397 0.013872354497354421 0.0077182539682539185
0 0.7912301587301587 0.6921726190476191 0.01454365079365066 0.006041666666666501
0 0.7979431216931216 0.6952777777777778 0.013201058201058184 0.007886904761904744
0 0.7922387566137565 0.7134821428571428 0.012529761904761945 0.0077182539682539185
0 0.8057738095238095 0.7311011904761905 0.015436507936508075 0.006041666666666501
0 0.8112533068783068 0.7340376984126984 0.013872354497354421 0.013928571428571424
0 0.8253505291005291 0.703499503968254 0.016107804232804314 0.0075520833333332146
0 0.8336276455026453 0.7064360119047619 0.010740740740740525 0.013759920634920597
0 0.8650628306878306 0.6830282738095237 0.008726851851852046 0.010235615079365167
0 0.8754662698412697 0.6638144841269841 0.008501984126984042 0.010066964285714342
0 0.8662929894179894 0.6680927579365079 0.011633597883597939 0.008221726190476097
0 0.8680820105820105 0.6461954365079364 0.016107804232804314 0.009060019841269806
0 0.8713260582010581 0.6198511904761903 0.008726851851852046 0.010404265873015817
0 0.8862037037037037 0.6231225198412698 0.009398148148148286 0.009563492063492163
0 0.8323974867724868 0.6090277777777777 0.0073842592592593325 0.011242559523809526
0 0.7649404761904761 0.6331076388888889 0.008948412698412749 0.01308779761904777
0 0.7096792328042328 0.7437698412698412 0.006729497354497483 0.011297123015873111
0 0.676031746031746 0.7673239087301587 0.016342592592592572 0.009853670634920597
0 0.6660945767195766 0.7419667658730159 0.010575396825396884 0.007209821428571317
0 0.677311507936508 0.7810243055555556 0.011216931216931177 0.012256944444444428
0 0.6941005291005291 0.7992137896825395 0.017080026455026362 0.007351190476190528
0 0.679619708994709 0.7948139880952381 0.008019179894179966 0.007239583333333322
0 0.6700396825396825 0.7826190476190475 0.008763227513227416 0.00913442460317455
0 0.6493220899470898 0.7905828373015873 0.008912037037036906 0.007909226190476204
0 0.6425661375661375 0.7810019841269841 0.012625661375661205 0.005682043650793567
0 0.6088525132275132 0.7701984126984127 0.009950396825396978 0.009022817460317434
0 0.622142857142857 0.8030580357142856 0.010099206349206231 0.014590773809523849
0 0.6100396825396824 0.7984895833333334 0.015892857142857035 0.005682043650793567
0 0.5879100529100528 0.8045610119047618 0.008465608465608435 0.012698412698412653
0 0.5789980158730158 0.8161458333333332 0.012030423280423246 0.006907242063492092
0 0.5377843915343915 0.8042261904761905 0.010988756613756579 0.006014384920634797
0 0.5247156084656085 0.8227728174603174 0.01336640211640218 0.0070163690476189085
0 0.5063723544973544 0.8212152777777778 0.015595238095238054 0.007462797619047734
0 0.5144675925925926 0.7989360119047618 0.010988756613756579 0.005682043650793567
0 0.5005820105820106 0.7978769841269842 0.012328042328042344 0.006684027777777768
0 0.48134920634920625 0.7906374007936507 0.00623677248677256 0.004900793650793744
0 0.44637235449735446 0.8276190476190475 0.019454365079365012 0.00557043650793645
0 0.44124669312169307 0.8187624007936508 0.012179232804232736 0.010359623015873254
0 0.43857473544973546 0.811579861111111 0.012179232804232736 0.007797619047618909
0 0.42186507936507933 0.8089608134920635 0.010843253968253919 0.008132440476190439
0 0.40322751322751316 0.8228844246031745 0.01039682539682545 0.005235615079364919
0 0.40441468253968255 0.8132490079365079 0.012179232804232736 0.007574404761904674
0 0.39023148148148146 0.8150868055555553 0.012030423280423364 0.006572420634920561
0 0.4087962962962963 0.8077926587301587 0.012030423280423364 0.007797619047618909
0 0.40567791005291004 0.8033358134920634 0.012030423280423364 0.008241567460317345
0 0.42743716931216924 0.7906944444444444 0.015446428571428564 0.006795634920634797
0 0.3796130952380953 0.8123040674603175 0.00623677248677256 0.010136408730158664
0 0.3685482804232804 0.810297619047619 0.012030423280423364 0.010136408730158664
0 0.35755952380952377 0.8086830357142857 0.00995039682539686 0.0080208333333335
0 0.35117063492063494 0.798157242063492 0.006385582010582051 0.010803571428571601
0 0.3711474867724867 0.7882986111111111 0.008019179894179848 0.00913442460317455
0 0.38622354497354494 0.7881870039682539 0.012625661375661323 0.011138392857142776
0 0.40255952380952376 0.7893005952380953 0.011137566137566068 0.009357638888888787
0 0.3750099206349206 0.765798611111111 0.019011243386243257 0.009578373015873077
0 0.3714451058201058 0.7522098214285713 0.01336640211640218 0.007574404761904674
0 0.4171130952380952 0.7670238095238094 0.01381283068783065 0.0066840277777776794
0 0.4342691798941799 0.7539905753968255 0.02346560846560853 0.010915178571428541
0 0.43887235449735446 0.7458035714285713 0.008316798941798946 0.012140376984126889
0 0.44503637566137566 0.7471403769841268 0.02123677248677242 0.007239583333333322
0 0.4546164021164021 0.7807787698412698 0.012179232804232736 0.006795634920634797
0 0.4548578042328042 0.711609623015873 0.012956349206349197 0.0060317460317460105
0 0.5329398148148148 0.7440327380952381 0.0091600529100529 0.00888144841269849
0 0.5372949735449735 0.7705902777777778 0.012956349206349197 0.00636656746031754
0 0.6328042328042327 0.7450372023809523 0.006924603174603305 0.009216269841269841
0 0.9264616402116401 0.5861780753968253 0.012843915343915314 0.011946924603174657
0 0.9306580687830688 0.5421205357142856 0.012675264550264605 0.008864087301587276
0 0.92432208994709 0.5354414682539683 0.012675264550264605 0.00860615079365079
0 0.8596693121693121 0.5297891865079365 0.013187830687830627 0.005781250000000071
0 0.877906746031746 0.5132837301587301 0.014044312169312198 0.003854166666666714
0 0.9015443121693121 0.5251016865079364 0.006851851851851857 0.0077058531746031275
0 0.9201256613756613 0.5216964285714285 0.015241402116402252 0.005265376984126924
0 0.923720238095238 0.5121279761904762 0.011130952380952408 0.006423611111111072
0 0.9403736772486773 0.4883680555555555 0.007357804232804218 0.008033234126984113
0 0.9062400793650792 0.4828025793650793 0.008002645502645341 0.008129960317460317
0 0.8789417989417989 0.4816889880952381 0.005033068783068965 0.010163690476190545
0 0.8955919312169311 0.46305555555555555 0.006838624338624536 0.007936507936507908
0 0.9012070105820106 0.4583630952380952 0.011097883597883633 0.007839781746031704
0 0.9502480158730159 0.4544419642857142 0.007228835978835946 0.009099702380952479
0 0.9189517195767195 0.43692212301587297 0.015615079365079509 0.010453869047619158
0 0.8997850529100528 0.4397296626984127 0.010582010582010545 0.010647321428571388
0 0.883640873015873 0.40404761904761904 0.008217592592592618 0.009861111111111143
0 0.9000760582010582 0.4073933531746031 0.012678571428571435 0.004930555555555572
0 0.9115806878306877 0.40801091269841266 0.009861111111110906 0.009508928571428576
0 0.9045965608465607 0.3948040674603174 0.007397486772486654 0.012150297619047557
0 0.8922123015873016 0.3863070436507936 0.007278439153439109 0.009246031746031757
0 0.8659722222222221 0.3926016865079365 0.006458333333333144 0.009685019841269859
0 0.8992559523809524 0.377547123015873 0.00704365079365085 0.009685019841269859
0 0.8464285714285713 0.3761805555555555 0.007748015873015864 0.009069940476190474
0 0.8848710317460317 0.3338467261904762 0.009566798941798993 0.012008928571428611
0 0.8599503968253968 0.3200644841269841 0.007248677248677163 0.01027033730158724