0 0.33039682539682536 0.20850694444444445 0.015076058201058137 0.006217757936507961
0 0.3172056878306878 0.21227678571428568 0.006782407407407358 0.011118551587301528
0 0.29999669312169314 0.23385416666666664 0.017589285714285672 0.006406249999999947
0 0.2754993386243386 0.23102678571428573 0.013316798941798899 0.008668154761904745
0 0.3150694444444444 0.24789186507936506 0.012562830687830722 0.0054637896825396656
0 0.33454365079365084 0.241297123015873 0.014824735449735489 0.00847966269841267
0 0.37260582010582005 0.21821180555555558 0.010049603174603187 0.007914186507936538
0 0.3840410052910052 0.20370287698412698 0.007787698412698418 0.01206101190476192
0 0.40077380952380953 0.20917162698412697 0.01227843915343918 0.007147817460317452
0 0.40020833333333333 0.23382688492063491 0.0062996031746032815 0.01066220238095239
0 0.4131316137566137 0.23746031746031745 0.012116402116402133 0.00847966269841267
0 0.43284060846560846 0.22740575396825397 0.013085317460317469 0.011145833333333322
0 0.4485912698412698 0.23655257936507934 0.01518518518518519 0.008360615079365096
0 0.44818783068783064 0.21286706349206347 0.012761243386243374 0.005089285714285729
0 0.4332440476190476 0.20632440476190475 0.006785714285714306 0.008965773809523814
0 0.43655423280423283 0.19578373015873013 0.009854497354497364 0.0065426587301587345
0 0.40634920634920635 0.18336557539682538 0.008561507936507931 0.010297619047619033
0 0.486875 0.18203373015873017 0.012923280423280422 0.007390873015873023
0 0.4831580687830687 0.19099702380952382 0.007754629629629525 0.00932787698412696
0 0.49705026455026446 0.19330109126984124 0.014216269841269735 0.006421130952380993
0 0.5003637566137565 0.21159474206349205 0.0108234126984127 0.007390873015873023
0 0.5354166666666665 0.2054141865079365 0.017929894179894094 0.005210813492063515
0 0.5410714285714285 0.2181374007936508 0.011147486772486797 0.008117559523809525
0 0.5291964285714285 0.16688988095238094 0.012923280423280363 0.007147817460317452
0 0.5522156084656085 0.1704017857142857 0.011147486772486797 0.007390873015873023
0 0.5706679894179895 0.17754960317460317 0.012552910052909993 0.00441220238095239
0 0.5504662698412698 0.18311011904761904 0.013571428571428613 0.006589781746031731
0 0.5759656084656084 0.17284226190476187 0.003687169312169421 0.004531250000000009
0 0.6332175925925925 0.21175099206349204 0.01220238095238102 0.00897321428571427
0 0.6329794973544974 0.19012648809523808 0.006461640211640211 0.010947420634920667
0 0.629510582010582 0.17496279761904762 0.012919973544973592 0.010049603174603173
0 0.6726984126984126 0.21390376984126985 0.01650793650793645 0.00753720238095239
0 0.7144477513227512 0.20089285714285712 0.013878968253968319 0.0055629960317460595
0 0.7112301587301587 0.22642609126984126 0.010416666666666666 0.006026785714285676
0 0.6679298941798941 0.24121279761904763 0.01220238095238102 0.008370535714285676
0 0.7717956349206347 0.21982886904761903 0.011078042328042414 0.009231150793650843
0 0.7771560846560845 0.23242311507936506 0.007734788359788543 0.00804315476190478
0 0.7746064814814814 0.2502256944444444 0.010724206349206374 0.00804315476190478
0 0.7652876984126984 0.2561582341269841 0.013187830687830627 0.004878472222222196
0 0.7768055555555554 0.25668650793650793 0.008792989417989361 0.010416666666666696
0 0.7756613756613756 0.26215773809523807 0.010724206349206374 0.006329365079365079
0 0.7540376984126984 0.26710317460317456 0.006154100529100504 0.007517361111111054
0 0.7954431216931217 0.26374007936507937 0.006679894179894082 0.008702876984126995
0 0.7867394179894179 0.27890624999999997 0.010373677248677163 0.006857638888888929
0 0.7801455026455026 0.27956597222222224 0.007734788359788543 0.010550595238095184
0 0.8300826719576719 0.2812152777777778 0.0073842592592593325 0.010153769841269877
0 0.822169312169312 0.2924231150793651 0.01054894179894177 0.009625496031746028
0 0.815489417989418 0.2991493055555555 0.012308201058201244 0.00909970238095239
0 0.806871693121693 0.29980902777777774 0.008792989417989361 0.006989087301587293
0 0.7564087301587301 0.2968402777777778 0.013363095238095231 0.009231150793650755
0 0.8602347883597883 0.30890625 0.01002314814814819 0.009625496031746028
0 0.8843253968253967 0.2975 0.013187830687830627 0.00580109126984123
0 0.9065542328042328 0.33864087301587303 0.015039682539682294 0.007705853174603217
0 0.8836144179894181 0.3719022817460317 0.0059424603174602925 0.01053323412698406
0 0.8945998677248677 0.38392113095238095 0.008462301587301605 0.009722222222222143
0 0.9352017195767196 0.38270585317460315 0.02340608465608464 0.006750992063492056
0 0.9579794973544973 0.4093452380952381 0.009543650793650708 0.006091269841269842
0 0.9533101851851851 0.42072668650793643 0.006292989417989266 0.0076909722222222145
0 0.928994708994709 0.41730158730158723 0.010049603174603305 0.00921378968253972
0 0.9117857142857141 0.419890873015873 0.010152116402116225 0.010280257936507909
0 0.8695634920634919 0.40019841269841266 0.008095238095238008 0.011428571428571389
0 0.5713624338624339 0.2957415674603175 0.009120370370370286 0.011267361111111106
0 0.5642559523809523 0.30650545634920634 0.010462962962963 0.01106398809523812
0 0.5405158730158729 0.26616815476190475 0.013948412698412701 0.005632440476190492
0 0.5120800264550264 0.2605332341269841 0.012337962962962952 0.006840277777777804
0 0.504837962962963 0.256812996031746 0.016630291005290943 0.007442956349206398
0 0.48512235449735447 0.27954613095238096 0.012609126984127054 0.013077876984127013
0 0.4377777777777777 0.25510168650793646 0.011802248677248646 0.007242063492063444
0 0.3868386243386243 0.304781746031746 0.013561507936508004 0.008102678571428611
0 0.39608796296296295 0.3193923611111111 0.014596560846560773 0.007671130952380878
0 0.3053373015873016 0.2953497023809523 0.009725529100529092 0.008040674603174657
0 0.2879298941798942 0.300860615079365 0.014034391534391588 0.007460317460317434
0 0.24814153439153439 0.27979910714285716 0.007533068783068764 0.004144345238095237
0 0.2452414021164021 0.2788045634920635 0.004444444444444488 0.004186507936507944
0 0.23418981481481482 0.269640376984127 0.011703042328042378 0.005039682539682566
0 0.22825727513227514 0.26451884920634916 0.011107804232804183 0.005200892857142847
0 0.217146164021164 0.26726190476190476 0.011974206349206363 0.00605406746031738
0 0.20357473544973545 0.27246527777777774 0.00552579365079365 0.0065426587301587345
0 0.22486772486772486 0.2547048611111111 0.007152777777777786 0.007517361111111054
0 0.2149206349206349 0.28534970238095236 0.01235449735449734 0.009491567460317452
0 0.22448412698412698 0.28990823412698413 0.008171296296296286 0.008293650793650808
0 0.217635582010582 0.30844742063492064 0.01490740740740737 0.0054067460317460455
0 0.19869708994708993 0.3104637896825396 0.007086640211640235 0.01237351190476188
0 0.17608796296296297 0.307485119047619 0.010998677248677247 0.00861607142857137
0 0.1598941798941799 0.31638144841269844 0.0050165343915344 0.0077604166666666256
0 0.14113425925925924 0.3521775793650793 0.012824074074074036 0.006502976190476151
0 0.12916335978835977 0.3575372023809523 0.008915343915343913 0.01026041666666666
0 0.16049272486772487 0.3584970238095238 0.015390211640211622 0.009434523809523832
0 0.16360780423280422 0.3680257936507937 0.020396825396825413 0.009250992063492091
0 0.1546924603174603 0.37517113095238097 0.011359126984127006 0.008886408730158734
0 0.1628339947089947 0.3781597222222222 0.009236111111111119 0.006550099206349191
0 0.1510945767195767 0.38568700396825395 0.009427910052910052 0.004933035714285694
0 0.13404100529100527 0.39448164682539677 0.014318783068783055 0.01047619047619044
0 0.11367063492063492 0.3979737103174603 0.007450396825396824 0.008903769841269903
0 0.10755621693121693 0.40370783730158727 0.006911375661375659 0.005778769841269948
0 0.11866071428571427 0.38356646825396823 0.012318121693121705 0.0062475198412698775
0 0.13521825396825396 0.43870783730158724 0.011739417989417985 0.004925595238095326
0 0.14606150793650793 0.43486607142857137 0.0075628306878307095 0.00932787698412696
0 0.163125 0.4335590277777778 0.009252645502645507 0.008655753968253955
0 0.1911541005291005 0.34865575396825393 0.009163359788359788 0.005835813492063568
0 0.20749669312169314 0.356827876984127 0.008300264550264499 0.007911706349206415
0 0.19919642857142858 0.36713789682539677 0.010720899470899485 0.004409722222222268
0 0.20749669312169314 0.37926339285714283 0.011064814814814798 0.008687996031746081
0 0.22098214285714285 0.384578373015873 0.011064814814814798 0.007390873015873023
0 0.24285714285714283 0.36927579365079366 0.00639880952380949 0.00765128968253963
0 0.236630291005291 0.40610615079365076 0.008128306878306842 0.0076512896825397195
0 0.25340277777777775 0.41116567460317455 0.008819444444444475 0.008169642857142811
0 0.24847552910052909 0.4221875 0.00726190476190478 0.013876488095238138
0 0.2693981481481481 0.4339880952380952 0.01002976190476185 0.007132936507936627
0 0.27743716931216933 0.4345089285714286 0.006742724867724922 0.007390873015873112
0 0.2427149470899471 0.4183680555555555 0.004649470899470861 0.005141369047619015
0 0.23966931216931217 0.4530406746031746 0.006911375661375689 0.0028546626984127244
0 0.23956679894179894 0.4706225198412698 0.005109126984127007 0.005560515873015958
0 0.240869708994709 0.47696924603174606 0.011319444444444453 0.009541170634920526
0 0.15790013227513228 0.49008928571428567 0.006749338624338641 0.00754712301587297
0 0.08327711640211641 0.4867757936507936 0.01337962962962962 0.008469742063492092
0 0.10420965608465609 0.4984523809523809 0.006656746031746034 0.006356646825396872
0 0.10541997354497354 0.5237599206349206 0.011904761904761892 0.005825892857142812
0 0.08882605820105821 0.5304563492063492 0.016445105820105818 0.01588789682539691
0 0.09457671957671956 0.540141369047619 0.019067460317460316 0.0077182539682539185
0 0.1191898148148148 0.5452108134920635 0.01220568783068782 0.009685019841269949
0 0.10622685185185185 0.5516046626984127 0.00988756613756614 0.0056746031746031985
0 0.13904431216931218 0.5516691468253968 0.0072453703703703335 0.01160218253968246
0 0.14221891534391534 0.5596999007936507 0.007453703703703714 0.012011408730158735
0 0.1431977513227513 0.5680555555555555 0.00807208994708996 0.006433531746031562
0 0.11453703703703703 0.5774429563492063 0.009689153439153426 0.008400297619047592
0 0.09229497354497355 0.45647073412698413 0.005419973544973544 0.009094742063492057
0 0.14029761904761903 0.522375992063492 0.006990740740740738 0.008878968253968366
0 0.15855820105820104 0.5085739087301587 0.010697751322751319 0.006098710317460387
0 0.16625992063492062 0.5201289682539681 0.008700396825396813 0.009308035714285623
0 0.15955687830687829 0.5501388888888888 0.005277777777777774 0.004707341269841158
0 0.17916997354497352 0.5416865079365079 0.00798941798941802 0.008345734126984005
0 0.1664054232804233 0.560625 0.007275132275132279 0.00855902777777775
0 0.17260912698412698 0.5542038690476191 0.01112764550264552 0.009843749999999929
0 0.18124007936507935 0.5557018849206349 0.006990740740740797 0.007916666666666749
0 0.16390873015873014 0.5464484126984127 0.006276455026455056 0.007810019841269699
0 0.1475429894179894 0.5937996031746031 0.006008597883597843 0.009352678571428541
0 0.15485449735449733 0.5901413690476189 0.008614417989417984 0.007991071428571495
0 0.17624007936507938 0.6154489087301587 0.009986772486772525 0.004942956349206362
0 0.15936507936507935 0.6542782738095239 0.004394841269841266 0.007564484126984183
0 0.1975595238095238 0.6557018849206349 0.008088624338624346 0.009062499999999928
0 0.1242691798941799 0.6431572420634921 0.007089947089947094 0.013928571428571424
0 0.20414682539682538 0.6839905753968253 0.008082010582010628 0.01616567460317473
0 0.21621031746031746 0.6939558531746032 0.009183201058201066 0.007440476190476275
0 0.243640873015873 0.7056671626984127 0.008449074074074048 0.008449900793650756
0 0.25313161375661375 0.7009375 0.005879629629629631 0.009828869047619015
0 0.26023478835978836 0.711453373015873 0.009060846560846573 0.008266369047619015
0 0.2372123015873016 0.714392361111111 0.013227513227513239 0.006061507936507837
0 0.24119378306878306 0.6739806547619047 0.009431216931216941 0.010104166666666536
0 0.24762235449735445 0.6711780753968254 0.012000661375661359 0.009092261904761933
0 0.2892592592592592 0.6749429563492063 0.011511243386243326 0.015153769841269949
0 0.29317791005291005 0.6863789682539683 0.00857142857142854 0.010471230158730194
0 0.28528108465608465 0.695562996031746 0.011388888888888952 0.005143849206349138
0 0.20098214285714283 0.727175099206349 0.009219576719576732 0.007343749999999894
0 0.24185185185185185 0.739171626984127 0.01126984126984123 0.008965773809523726
0 0.22494378306878307 0.7427554563492063 0.010790343915343925 0.004841269841269913
0 0.2274669312169312 0.7451760912698413 0.00958002645502649 0.006051587301587169
0 0.2599239417989418 0.7652083333333334 0.01323412698412696 0.008720238095238031
0 0.2847222222222222 0.7395585317460317 0.008164682539682507 0.009925595238095396
0 0.31725198412698413 0.7412748015873015 0.011378968253968225 0.011130952380952408
0 0.31935515873015874 0.7295858134920634 0.01286375661375665 0.00983382936507926
0 0.32782738095238095 0.7200768849206349 0.008783068783068752 0.00881200396825399
0 0.3398247354497355 0.7189186507936507 0.0065542328042328775 0.011502976190476133
0 0.34526785714285707 0.7428521825396824 0.017688492063491996 0.008720238095238031
0 0.32949735449735446 0.7531026785714285 0.00915343915343918 0.012708333333333321
0 0.33561838624338625 0.7601512896825395 0.010512566137566163 0.0071428571428571175
0 0.3249206349206349 0.7605233134920634 0.008657407407407428 0.009184027777777715
0 0.3162003968253968 0.7705877976190476 0.006309523809523773 0.006493055555555571
0 0.3275793650793651 0.7692881944444444 0.007298280423280445 0.008534226190476168
0 0.3285085978835979 0.7754117063492063 0.011378968253968225 0.011688988095238172
0 0.3194775132275132 0.7797718253968253 0.01211970899470908 0.006307043650793709
0 0.3074173280423281 0.7938244047619046 0.008039021164021184 0.010111607142857259
0 0.29733796296296294 0.7850124007936508 0.015830026455026434 0.008256448412698347
0 0.29597883597883595 0.7694742063492063 0.007668650793650755 0.011502976190476133
0 0.35107804232804235 0.7839930555555555 0.008535052910052935 0.009553571428571495
0 0.3781679894179894 0.8075545634920636 0.011501322751322837 0.006956845238095255
0 0.38911375661375663 0.7856622023809523 0.012615740740740714 0.007884424603174622
0 0.3962863756613756 0.7798189484126984 0.008905423280423245 0.00862599206349195
0 0.3865145502645502 0.775642361111111 0.01211970899470908 0.006029265873015888
0 0.38410383597883596 0.7639087301587301 0.009523809523809608 0.010575396825396943
0 0.4270833333333333 0.7935466269841269 0.010882936507936473 0.010111607142857259
0 0.4482969576719577 0.7998536706349206 0.010512566137566163 0.00751488095238102
0 0.462334656084656 0.8041220238095237 0.009646164021164102 0.006587301587301653
0 0.4515112433862433 0.8146031746031746 0.01249338624338634 0.00491567460317448
0 0.4833796296296296 0.8209474206349207 0.015443121693121616 0.004260912698412866
0 0.3970965608465608 0.8155927579365079 0.010707671957671987 0.005572916666666572
0 0.40733134920634917 0.8188442460317459 0.006117724867724898 0.0078125
0 0.406276455026455 0.8296056547619047 0.010562169312169327 0.0077033730158731824
0 0.4147619047619048 0.8297147817460317 0.007285052910053006 0.006173115079365132
0 0.5038921957671957 0.8184374999999999 0.00966931216931215 0.008549107142857082
0 0.5167691798941799 0.8193154761904762 0.011197089947089959 0.005572916666666572
0 0.5101025132275132 0.7988938492063491 0.0098743386243387 0.004885912698412653
0 0.523369708994709 0.8390352182539681 0.011613756613756602 0.005806051587301653
0 0.543584656084656 0.8302703373015874 0.008746693121693027 0.006128472222222214
0 0.590896164021164 0.8261309523809522 0.014480820105820176 0.005590277777777786
0 0.6096064814814814 0.8187648809523809 0.009460978835978769 0.00505456349206348
0 0.6120436507936506 0.8253249007936507 0.012331349206349292 0.006773313492063693
0 0.6286044973544974 0.8338740079365078 0.013333333333333286 0.004732142857142918
0 0.6207175925925925 0.8137648809523809 0.013621031746031775 0.0062375992063490315
0 0.6296792328042328 0.8211309523809524 0.015482804232804171 0.005699404761904603
0 0.659212962962963 0.8201636904761905 0.006881613756613803 0.003333333333333144
0 0.6692493386243386 0.820969742063492 0.009748677248677258 0.009032738095238102
0 0.6801455026455028 0.8207539682539682 0.010036375661375748 0.009893353174603093
0 0.6949834656084657 0.8134970238095237 0.01075396825396832 0.006128472222222214
0 0.5576488095238095 0.7922371031746032 0.015535714285714401 0.0062748015873015815
0 0.5905125661375661 0.7977405753968254 0.010241402116402062 0.005250496031746099
0 0.6156911375661376 0.7853224206349206 0.01075396825396832 0.007041170634920668
0 0.6387400793650794 0.7869866071428572 0.008022486772486796 0.0062748015873015815
0 0.6669940476190476 0.7937723214285713 0.010925925925925858 0.004992559523809526
0 0.6927083333333334 0.7980952380952381 0.014447751322751164 0.005500992063492216
0 0.6682605820105819 0.7812996031746031 0.010892857142857083 0.003918650793650791
0 0.6875958994708994 0.7715873015873015 0.009556878306878265 0.005667162698412831
0 0.6908763227513227 0.7772147817460316 0.02011574074074076 0.006252480158730122
0 0.7072123015873015 0.7688368055555554 0.011448412698412605 0.008335813492063337
0 0.726550925925926 0.774171626984127 0.010333994708994728 0.007001488095237996
0 0.7320502645502643 0.7814657738095238 0.01066798941798955 0.0057514880952380665
0 0.7462764550264549 0.7903422619047619 0.010003306878306972 0.006001984126984006
0 0.7329232804232805 0.766297123015873 0.010152116402116225 0.004263392857142811
0 0.7351951058201057 0.7612127976190476 0.011775793650793532 0.0051760912698412655
0 0.7352777777777778 0.733469742063492 0.011775793650793532 0.005359623015873005
0 0.771008597883598 0.7367906746031745 0.012585978835979006 0.00688244047619051
0 0.7740939153439154 0.7208333333333333 0.011448412698412605 0.003836805555555678
0 0.7882638888888889 0.7366989087301586 0.006332671957671939 0.00609126984127002
0 0.7887103174603174 0.7548189484126984 0.008363095238095279 0.012728174603174481
0 0.8027612433862433 0.7591716269841269 0.008201058201058231 0.007309027777777821
0 0.7699537037037038 0.7659325396825396 0.01404761904761879 0.009623015873015995
0 0.7850958994708995 0.777016369047619 0.014940476190476204 0.005969742063492056
0 0.8330257936507937 0.7041939484126984 0.016610449735449607 0.004764384920634868
0 0.843042328042328 0.6907291666666666 0.01294642857142847 0.0054960317460317045
0 0.867470238095238 0.6790947420634921 0.012460317460317564 0.006413690476190404
0 0.8845734126984125 0.6902703373015873 0.016855158730158828 0.006413690476190404
0 0.8797486772486772 0.6716741071428571 0.010625000000000048 0.010992063492063409
0 0.8973974867724868 0.6550917658730159 0.01636574074074062 0.0049479166666666075
0 0.9209093915343914 0.6435962301587301 0.012579365079365109 0.0059548611111111425
0 0.9347718253968254 0.6299925595238095 0.01416997354497364 0.004397321428571388
0 0.885975529100529 0.6421304563492064 0.00940476190476171 0.008886408730158734
0 0.859837962962963 0.6264657738095237 0.009894179894179919 0.007604166666666678
0 0.8661276455026455 0.6354885912698413 0.010505952380952503 0.009161706349206256
0 0.8980092592592592 0.6157018849206349 0.009771825396825544 0.013370535714285658
0 0.903991402116402 0.6272891865079365 0.007328042328042272 0.011450892857142847
0 0.920297619047619 0.6038839285714286 0.006719576719576518 0.008978174603174516
0 0.9220701058201058 0.6132266865079365 0.009771825396825544 0.008244047619047557
0 0.9452777777777777 0.6005406746031746 0.012460317460317564 0.006870039682539719
0 0.8941997354497354 0.5610069444444444 0.010638227513227605 0.00975198412698397
0 0.8800330687830686 0.5504538690476191 0.01765211640211651 0.0051884920634920565
0 0.8929133597883597 0.5481274801587301 0.008108465608465803 0.007693452380952514
0 0.9228472222222222 0.5253621031746032 0.010257936507936686 0.008318452380952301
0 0.8839087301587301 0.5203993055555556 0.01204695767195787 0.0067981150793650965
0 0.9402017195767196 0.500094246031746 0.007037037037036953 0.007872023809523832
0 0.9307804232804231 0.488735119047619 0.009183201058201244 0.01592261904761898
0 0.952364417989418 0.4962475198412698 0.007513227513227605 0.00876488095238095
0 0.9583300264550264 0.5122594246031745 0.00965939153439166 0.00822916666666682
0 0.9782440476190476 0.5067584325396826 0.008707010582010592 0.011537698412698383
0 0.9542724867724867 0.48122271825396823 0.007275132275132279 0.0066195436507936025
0 0.9243981481481481 0.475094246031746 0.007632275132275149 0.00957093253968253
0 0.9628604497354497 0.4677604166666667 0.007751322751322694 0.008139880952380985
0 0.9194477513227512 0.4357390873015873 0.008227513227513346 0.00921378968253972
0 0.5395138888888888 0.3504861111111111 0.025198412698412654 0.008705357142857117
0 0.5358333333333333 0.3543080357142857 0.020667989417989457 0.00828124999999993
0 0.5940145502645502 0.3452827380952381 0.018121693121693264 0.010193452380952372
0 0.47354166666666664 0.332859623015873 0.014441137566137623 0.009980158730158718
0 0.45258928571428575 0.36343749999999997 0.02349867724867719 0.009556051587301616
0 0.5188161375661375 0.4094469246031746 0.006355820105819987 0.008658234126984077
0 0.5487169312169312 0.4298759920634921 0.017380952380952407 0.004766865079364991
0 0.43598875661375663 0.436686507936508 0.009338624338624276 0.011187996031746117
0 0.41037037037037033 0.44588045634920637 0.01569775132275121 0.009729662698412689
0 0.36918320105820107 0.44252480158730156 0.008561507936507931 0.015079365079365203
0 0.3600396825396825 0.41479662698412695 0.0066170634920635985 0.0071031746031746225
0 0.3080853174603175 0.4219469246031745 0.010638227513227487 0.0060317460317460105
0 0.3016633597883598 0.4093477182539682 0.013878968253968319 0.005545634920634868
0 0.2781845238095238 0.35165426587301585 0.00661706349206348 0.008075396825396819
0 0.38021164021164017 0.38171875 0.011157407407407286 0.008268849206349228
0 0.27071097883597883 0.3232961309523809 0.010261243386243398 0.009126984126984183
0 0.37987764550264547 0.33063244047619045 0.012886904761904698 0.005905257936507891
0 0.7081878306878306 0.34587053571428567 0.009120370370370286 0.012080853174603145
0 0.7328339947089948 0.3711210317460317 0.014940476190476204 0.0058209325396824775
0 0.9662929894179894 0.5601984126984126 0.012691798941798994 0.006622023809523725
0 0.9598082010582011 0.5420907738095238 0.009656084656084592 0.009312996031746045
0 0.8416931216931217 0.47824900793650793 0.009143518518518334 0.01490079365079371
0 0.8585482804232804 0.46631944444444445 0.012754629629629477 0.006138392857142882
0 0.6744510582010581 0.49164434523809525 0.016825396825396886 0.009464285714285658
0 0.6980820105820106 0.4950768849206349 0.009153439153439299 0.018926091269841194
0 0.7212136243386242 0.5561259920634921 0.010390211640211552 0.013732638888888893
0 0.7891898148148149 0.6373958333333334 0.010052910052909899 0.006336805555555536
0 0.7580886243386243 0.6942633928571429 0.004077380952380831 0.00666418650793652
0 0.7359457671957672 0.7051364087301587 0.010198412698412795 0.004370039682539684
0 0.7269874338624337 0.713658234126984 0.010634920634920537 0.005682043650793567
0 0.7061541005291004 0.6823561507936508 0.018792989417989504 0.012127976190476097
0 0.6688624338624339 0.7296081349206349 0.008885582010582028 0.013110119047619051
0 0.49028108465608455 0.7803422619047619 0.012146164021164078 0.008474702380952336
0 0.5158068783068782 0.7820287698412698 0.006941137566137456 0.004866071428571317
0 0.5592791005291005 0.7472073412698411 0.007625661375661253 0.008792162698412653
0 0.5321924603174603 0.7218576388888889 0.013998015873015805 0.0058903769841270655
0 0.6387037037037037 0.7040128968253968 0.011947751322751306 0.008239087301587312
0 0.5902314814814814 0.6889087301587301 0.017539682539682626 0.008095238095238244
0 0.4092724867724868 0.6696750992063492 0.00821097883597884 0.007938988095238209
0 0.4310383597883598 0.6902306547619048 0.00821097883597884 0.012837301587301652
0 0.3372850529100529 0.6874131944444445 0.013439153439153391 0.007762896825396837
0 0.396603835978836 0.6379439484126983 0.0069510582010581835 0.008921130952380984
0 0.3665575396825397 0.6470957341269841 0.010502645502645553 0.0070659722222222495
0 0.32708994708994704 0.6426934523809524 0.019308862433862473 0.012628968253968332
0 0.3462466931216931 0.6247371031746032 0.01096891534391536 0.006835317460317647
0 0.3194444444444444 0.6274603174603175 0.018227513227513134 0.007646329365079296
0 0.2846130952380952 0.6405505952380952 0.009732142857142871 0.012048611111111107
0 0.2620601851851852 0.6398561507936508 0.014365079365079374 0.010426587301587275
0 0.2591501322751323 0.5733035714285715 0.011911375661375642 0.009501488095238209
0 0.21811838624338623 0.546641865079365 0.008508597883597879 0.01205357142857153
0 0.24402447089947088 0.5448685515873015 0.007751322751322754 0.010210813492063587
0 0.22757275132275132 0.5234548611111112 0.00661706349206348 0.0073735119047617205
0 0.2648247354497355 0.5053720238095238 0.01380291005291007 0.007800099206349209
0 0.3346924603174603 0.5657167658730158 0.018151455026455092 0.007941468253968331
0 0.3753472222222222 0.5452232142857143 0.013614417989417997 0.010637400793650897
0 0.3498214285714285 0.48920386904761903 0.017017195767195757 0.008933531746031776
0 0.8272056878306877 0.64468998015873 0.01089947089947098 0.004489087301587346
0 0.4264781746031746 0.5989260912698412 0.013955026455026361 0.008928571428571352
0 0.5214748677248677 0.591468253968254 0.018191137566137647 0.007725694444444287
0 0.45419642857142856 0.526624503968254 0.008108465608465565 0.015778769841269736