0 0.5451481481481482 0.22141666666666665 0.015314814814814781 0.01488020833333339
0 0.5809537037037037 0.2421302083333333 0.021898148148148285 0.010958333333333315
0 0.5986203703703704 0.23581770833333332 0.01747222222222212 0.009671874999999996
0 0.5200185185185184 0.22784374999999998 0.016120370370370393 0.014125000000000032
0 0.5028888888888888 0.218734375 0.014111111111111067 0.008749999999999947
0 0.5045648148148147 0.22640624999999998 0.01209259259259249 0.006713541666666689
0 0.48689814814814814 0.21786458333333333 0.016527777777777745 0.009281249999999996
0 0.45766666666666667 0.22255208333333334 0.011824074074074058 0.006562499999999982
0 0.4416759259259259 0.23169791666666667 0.014240740740740736 0.008229166666666643
0 0.4154074074074074 0.22383854166666667 0.0125 0.010645833333333332
0 0.41204629629629624 0.23441666666666663 0.018407407407407404 0.010515625000000028
0 0.37603703703703706 0.2229270833333333 0.01518518518518511 0.0058072916666666256
0 0.3696574074074074 0.23154687499999999 0.013166666666666691 0.007927083333333317
0 0.35930555555555554 0.24651562499999996 0.011824074074074058 0.00763541666666665
0 0.38127777777777777 0.25706249999999997 0.023518518518518446 0.009822916666666704
0 0.40418518518518515 0.24753645833333332 0.016666666666666666 0.007713541666666668
0 0.4291111111111111 0.24685416666666665 0.02459259259259249 0.004536458333333382
0 0.43119444444444444 0.25634375 0.03520370370370374 0.012015624999999997
0 0.4746018518518519 0.25558854166666667 0.015583333333333371 0.010505208333333283
0 0.48689814814814814 0.2519947916666666 0.016527777777777745 0.009375
0 0.5198148148148148 0.24950520833333334 0.0125 0.008317708333333318
0 0.5284166666666668 0.2610677083333333 0.011425925925925798 0.009369791666666672
0 0.47661111111111104 0.28541666666666665 0.01262962962962967 0.012119791666666657
0 0.47110185185185194 0.269125 0.011824074074074058 0.009010416666666642
0 0.4546481481481481 0.29036979166666665 0.016527777777777745 0.0137083333333333
0 0.40418518518518515 0.2770625 0.022037037037037046 0.006864583333333396
0 0.35205555555555557 0.26171354166666666 0.013435185185185163 0.009307291666666639
0 0.3458703703703704 0.26817708333333334 0.01504629629629627 0.007874999999999943
0 0.32678703703703704 0.2373333333333333 0.010212962962962912 0.009671874999999996
0 0.31987037037037036 0.23479687499999996 0.006851851851851857 0.0068697916666667245
0 0.3005925925925926 0.23691666666666666 0.02069444444444449 0.008083333333333354
0 0.3065 0.24333854166666663 0.01585185185185188 0.0077916666666666854
0 0.2790185185185185 0.24507812499999998 0.021092592592592593 0.006270833333333314
0 0.2683425925925926 0.2583854166666667 0.00994444444444448 0.008697916666666661
0 0.2573888888888889 0.25494791666666666 0.018675925925925915 0.013161458333333353
0 0.28433333333333327 0.26477604166666663 0.01988888888888888 0.00649479166666671
0 0.3204722222222222 0.26148958333333333 0.014777777777777838 0.007338541666666654
0 0.32537962962962963 0.27645312499999997 0.011694444444444467 0.008072916666666697
0 0.35098148148148145 0.2790989583333333 0.026333333333333382 0.01033854166666659
0 0.27955555555555556 0.27751562500000004 0.014648148148148169 0.01200520833333334
0 0.25799074074074074 0.2786458333333333 0.024185185185185216 0.011249999999999982
0 0.2350185185185185 0.2660625 0.019083333333333345 0.009687499999999983
0 0.22312037037037033 0.2883645833333333 0.02001851851851855 0.007687500000000025
0 0.21492592592592594 0.29161458333333334 0.012231481481481489 0.005718750000000039
0 0.2098888888888889 0.287609375 0.013972222222222226 0.005921874999999943
0 0.2010185185185185 0.2825052083333333 0.01988888888888888 0.007052083333333315
0 0.19672222222222221 0.29172916666666665 0.012361111111111158 0.010385416666666725
0 0.18475925925925923 0.2953958333333333 0.01477777777777776 0.010916666666666686
0 0.17347222222222222 0.3041302083333333 0.029296296296296296 0.010994791666666615
0 0.3560185185185185 0.29294270833333336 0.01733333333333336 0.012802083333333325
0 0.3235 0.2984583333333333 0.026203703703703635 0.0072135416666665895
0 0.3799351851851851 0.2992135416666667 0.02082407407407408 0.00639583333333329
0 0.3781203703703704 0.306546875 0.020425925925925823 0.005333333333333368
0 0.4165555555555555 0.3100625 0.024185185185185136 0.00813020833333331
0 0.49509259259259264 0.3184895833333333 0.029694444444444437 0.011677083333333371
0 0.5048333333333334 0.30786979166666667 0.011555555555555624 0.007979166666666603
0 0.6674814814814815 0.2265989583333333 0.017796296296296372 0.0075468749999999755
0 0.6707129629629629 0.23145312499999998 0.015759259259259296 0.007291666666666696
0 0.6526574074074074 0.23122916666666665 0.01646296296296299 0.00724479166666665
0 0.64725 0.23905208333333333 0.01841666666666681 0.009395833333333315
0 0.6594722222222222 0.2445052083333333 0.0187685185185185 0.008854166666666696
0 0.70675 0.2467239583333333 0.01628703703703691 0.006812500000000022
0 0.6892592592592592 0.25469270833333335 0.013194444444444444 0.00681770833333335
0 0.6869166666666666 0.26684895833333333 0.013453703703703626 0.011208333333333353
0 0.7327777777777776 0.2587552083333333 0.01735185185185186 0.009458333333333346
0 0.7824444444444443 0.26042187499999997 0.02249074074074081 0.006630208333333343
0 0.7715092592592593 0.2820625 0.020453703703703734 0.005671875000000081
0 0.7318888888888889 0.2851041666666666 0.015583333333333371 0.005390624999999982
0 0.7200277777777777 0.3198489583333333 0.018064814814814808 0.011635416666666653
0 0.6816018518518518 0.31623437499999996 0.013453703703703626 0.009036458333333285
0 0.6704537037037037 0.317359375 0.007435185185185212 0.008645833333333287
0 0.6361018518518519 0.33001041666666664 0.012398148148148241 0.006062500000000082
0 0.6542037037037036 0.29741145833333327 0.016027777777777728 0.007093749999999943
0 0.6835555555555555 0.28864062500000004 0.020185185185185143 0.008458333333333368
0 0.6485370370370369 0.2797708333333333 0.013194444444444444 0.008260416666666614
0 0.626537037037037 0.27041145833333335 0.007435185185185212 0.010859374999999982
0 0.616361111111111 0.2712552083333333 0.014694444444444343 0.0075729166666666185
0 0.6085185185185185 0.28408333333333335 0.022398148148148146 0.008109374999999997
0 0.5728425925925925 0.27651041666666665 0.017796296296296372 0.006630208333333343
0 0.7778425925925926 0.32771875 0.013990740740740647 0.005463541666666671
0 0.7916481481481482 0.32111979166666665 0.014694444444444343 0.008697916666666661
0 0.8051944444444444 0.29467187499999997 0.01416666666666673 0.006593750000000042
0 0.8089166666666666 0.2888177083333333 0.02088888888888884 0.004348958333333286
0 0.8142222222222222 0.283015625 0.024435185185185383 0.005187499999999989
0 0.8226759259259259 0.2750208333333333 0.007527777777777879 0.007625000000000081
0 0.8278148148148148 0.2903854166666666 0.01762037037037045 0.009973958333333411
0 0.8505185185185183 0.29613541666666665 0.012037037037037143 0.009895833333333303
0 0.8674259259259258 0.31069791666666663 0.02142592592592602 0.007234375000000082
0 0.863611111111111 0.31955729166666663 0.012046296296296393 0.006687499999999957
0 0.844611111111111 0.316640625 0.0051018518518519485 0.005635416666666604
0 0.8365555555555555 0.31208854166666666 0.010648148148148254 0.010026041666666697
0 0.8307129629629628 0.32390624999999995 0.01326851851851845 0.005359375000000011
0 0.8075833333333334 0.31718229166666667 0.01029629629629609 0.0047499999999999435
0 0.8079351851851853 0.32444270833333333 0.011694444444444545 0.008208333333333328
0 0.8658333333333333 0.332375 0.011953703703703885 0.005203124999999975
0 0.3174074074074074 0.32084375 0.018925925925926002 0.007145833333333318
0 0.26260185185185186 0.32119270833333335 0.016916666666666677 0.0055052083333333
0 0.24111111111111105 0.3310833333333333 0.02385185185185187 0.005395833333333311
0 0.19675 0.32955729166666664 0.021074074074074092 0.004692708333333328
0 0.15816666666666665 0.3311614583333333 0.017120370370370393 0.007109375000000018
0 0.2067314814814815 0.33794270833333334 0.026064814814814794 0.004276041666666686
0 0.28905555555555557 0.35275 0.010472222222222171 0.011687500000000028
0 0.3696481481481481 0.3432864583333333 0.010814814814814768 0.00528645833333341
0 0.3528703703703704 0.35253125 0.016638888888888915 0.006291666666666629
0 0.38472222222222224 0.3711041666666667 0.03264814814814814 0.007447916666666643
0 0.19661111111111113 0.34506249999999994 0.011925925925925895 0.0044635416666666036
0 0.18738888888888888 0.3499791666666667 0.013453703703703706 0.006927083333333339
0 0.19085185185185186 0.365859375 0.012064814814814816 0.009822916666666615
0 0.15182407407407408 0.34725 0.013861111111111137 0.006338541666666675
0 0.1266574074074074 0.35005729166666666 0.010120370370370363 0.008645833333333287
0 0.12021296296296298 0.34424479166666666 0.010537037037037046 0.005598958333333304
0 0.1401111111111111 0.3686927083333333 0.013722222222222216 0.007125000000000004
0 0.14814814814814814 0.375671875 0.017055555555555556 0.006421874999999933
0 0.20589814814814816 0.3803125 0.008314814814814832 0.010395833333333382
0 0.18603703703703703 0.3950416666666666 0.022388888888888896 0.0069687500000000565
0 0.24416666666666664 0.39580208333333333 0.00942592592592588 0.005760416666666668
0 0.13324074074074074 0.39115625 0.017750000000000002 0.005864583333333328
0 0.11324074074074074 0.3903020833333333 0.01823148148148148 0.012703125000000082
0 0.12097222222222222 0.39732291666666664 0.013175925925925943 0.004906250000000068
0 0.12687037037037036 0.40054166666666663 0.013861111111111137 0.0046510416666667
0 0.2230925925925926 0.41322916666666665 0.012203703703703736 0.012932291666666628
0 0.43632407407407403 0.3826458333333333 0.018712962962962997 0.01121875000000001
0 0.6412314814814815 0.42132812499999994 0.03167592592592601 0.010812499999999937
0 0.6871111111111111 0.4257447916666666 0.014527777777777829 0.013760416666666764
0 0.7075925925925927 0.39680208333333333 0.021990740740740713 0.011270833333333386
0 0.7435185185185185 0.4092864583333333 0.01426851851851849 0.009130208333333379
0 0.773824074074074 0.374890625 0.02565740740740744 0.008708333333333318
0 0.38992592592592595 0.45767187499999995 0.021203703703703683 0.011015625000000107
0 0.3194351851851852 0.43020312499999996 0.019499999999999948 0.012093750000000014
0 0.6756574074074074 0.4851041666666666 0.017805555555555626 0.018729166666666686
0 0.6375648148148149 0.5100781249999999 0.012824074074073937 0.012067708333333371
0 0.8081851851851851 0.5214531250000001 0.021074074074074172 0.004635416666666714
0 0.7981666666666666 0.4257447916666666 0.028268518518518387 0.013760416666666764
0 0.7997407407407406 0.44183854166666664 0.020944444444444342 0.008812499999999978
0 0.28402777777777777 0.4552083333333333 0.020944444444444422 0.009828124999999943
0 0.19816666666666669 0.430828125 0.016750000000000004 0.009666666666666579
0 0.16766666666666666 0.419859375 0.021203703703703683 0.009807291666666629
0 0.1534074074074074 0.42354166666666665 0.016231481481481444 0.011281250000000043
0 0.12329629629629629 0.41271354166666663 0.018851851851851877 0.00877083333333335
0 0.11197222222222222 0.42254687499999993 0.02369444444444445 0.014447916666666671
0 0.09777777777777777 0.42376041666666664 0.012305555555555535 0.010250000000000092
0 0.09652777777777778 0.43270833333333325 0.013740740740740756 0.008265624999999943
0 0.15876851851851853 0.4399947916666666 0.017537037037037035 0.011026041666666764
0 0.15262037037037038 0.4518177083333333 0.016749999999999963 0.0116822916666667
0 0.11288888888888887 0.4537708333333333 0.022907407407407415 0.006218750000000028
0 0.09613888888888888 0.4571249999999999 0.015574074074074072 0.0077656250000000425
0 0.09136111111111112 0.4674322916666666 0.013611111111111098 0.007770833333333371
0 0.10222222222222221 0.4607291666666667 0.010212962962962951 0.0076197916666666645
0 0.11138888888888887 0.4604739583333333 0.012824074074074055 0.006369791666666735
0 0.11563888888888887 0.4639739583333333 0.016101851851851853 0.005265625000000007
0 0.1153148148148148 0.4725104166666666 0.015444444444444452 0.007104166666666778
0 0.12244444444444444 0.47420833333333334 0.012953703703703726 0.009541666666666693
0 0.1958148148148148 0.47056249999999994 0.014138888888888899 0.007322916666666579
0 0.19280555555555554 0.4594427083333333 0.017537037037037035 0.007249999999999979
0 0.18383333333333332 0.47792708333333334 0.013222222222222198 0.007317708333333251
0 0.1670185185185185 0.47774479166666667 0.0193703703703704 0.0077760416666667
0 0.16465740740740742 0.4872395833333333 0.013611111111111088 0.010041666666666593
0 0.18527777777777774 0.4858802083333333 0.012953703703703686 0.006135416666666593
0 0.2104722222222222 0.4839270833333333 0.010990740740740771 0.0151979166666667
0 0.23848148148148146 0.4838177083333333 0.028268518518518467 0.01026041666666675
0 0.2698333333333333 0.47078124999999993 0.016620370370370414 0.008354166666666708
0 0.8896111111111111 0.3335364583333333 0.02269444444444433 0.015812499999999917
0 0.8426018518518518 0.3433541666666667 0.015638888888888876 0.0064843750000000535
0 0.8670092592592593 0.339703125 0.012583333333333257 0.009395833333333315
0 0.8510000000000001 0.3556354166666667 0.014111111111111225 0.012822916666666639
0 0.8239166666666667 0.3619114583333333 0.014870370370370424 0.007140624999999989
0 0.7717777777777777 0.3594427083333333 0.012777777777777841 0.0055937499999999755
0 0.8510648148148148 0.38228125 0.013388888888889028 0.006260416666666657
0 0.8848148148148147 0.3587552083333333 0.01148148148148146 0.008401041666666753
0 0.894037037037037 0.3539479166666667 0.008064814814814743 0.005708333333333382
0 0.9019259259259259 0.35310416666666666 0.007990740740740736 0.008624999999999971
0 0.9064351851851852 0.37109375 0.01810185185185181 0.0061770833333333105
0 0.9036018518518517 0.3819114583333333 0.01899074074074084 0.0056197916666666185
0 0.835861111111111 0.40791666666666665 0.015777777777777637 0.006255208333333329
0 0.8759629629629628 0.42231770833333326 0.01072222222222226 0.006786458333333379
0 0.912 0.41390104166666664 0.01175000000000005 0.007624999999999993
0 0.846074074074074 0.4418854166666666 0.013796296296296381 0.00518229166666675
0 0.8388703703703704 0.4207968749999999 0.0038981481481480764 0.007973958333333364
0 0.8023796296296297 0.4131510416666666 0.007444444444444306 0.005739583333333265
0 0.9238240740740741 0.45159374999999996 0.020222222222222145 0.009598958333333307
0 0.8364722222222222 0.5141041666666666 0.015879629629629712 0.012171874999999943
0 0.872324074074074 0.5061249999999999 0.016009259259259227 0.00827083333333345
0 0.9026388888888889 0.5063020833333333 0.017138888888888777 0.006265624999999986
0 0.9144814814814815 0.5168645833333333 0.008574074074074171 0.006401041666666707
0 0.913037037037037 0.52403125 0.007685185185185143 0.004838541666666707
0 0.8686111111111111 0.5220104166666666 0.009574074074073893 0.008171875000000028
0 0.8562592592592593 0.5274687499999999 0.014111111111111225 0.012848958333333372
0 0.8331944444444445 0.5451302083333334 0.022435185185185308 0.0068749999999999645
0 0.2840740740740741 0.5091406249999999 0.011092592592592609 0.007916666666666749
0 0.25622222222222224 0.5174010416666667 0.013361111111111039 0.00955208333333335
0 0.22484259259259257 0.5143177083333332 0.01159259259259255 0.011182291666666622
0 0.1353611111111111 0.5076145833333333 0.02041666666666669 0.0069947916666666995
0 0.13693518518518516 0.5149895833333333 0.013481481481481497 0.006619791666666685
0 0.13050925925925924 0.5186770833333333 0.008694444444444432 0.004911458333333308
0 0.11620370370370368 0.5159479166666666 0.008314814814814832 0.007354166666666551
0 0.10813888888888888 0.520875 0.0108425925925926 0.0094114583333333
0 0.09237962962962962 0.524265625 0.00957407407407408 0.009812499999999957
0 0.14657407407407408 0.5376354166666666 0.018148148148148184 0.010317708333333364
0 0.15798148148148147 0.5415 0.016759259259259293 0.005994791666666721
0 0.1678148148148148 0.5280624999999999 0.012981481481481478 0.012437500000000056
0 0.24185185185185185 0.5422083333333333 0.014111111111111145 0.007411458333333343
0 0.3986388888888889 0.555859375 0.013111111111111028 0.008484374999999923
0 0.8681944444444443 0.5561927083333333 0.017777777777777715 0.009947916666666678
0 0.9017777777777778 0.558734375 0.016175925925926055 0.006281249999999972
0 0.9245833333333332 0.5572187499999999 0.010490740740740674 0.007901041666666764
0 0.8829907407407407 0.5769739583333333 0.015879629629629712 0.0064375000000000075
0 0.8337407407407407 0.599765625 0.021129629629629675 0.009401041666666821
0 0.6755925925925925 0.5789427083333333 0.030009259259259284 0.006020833333333364
0 0.9101574074074074 0.6095572916666666 0.02126851851851844 0.012807291666666743
0 0.8823333333333333 0.61378125 0.015731481481481385 0.010098958333333208
0 0.8679074074074073 0.6153385416666667 0.012527777777777752 0.005343750000000114
0 0.8555277777777778 0.6173072916666666 0.011074074074074108 0.007968750000000035
0 0.817574074074074 0.6298489583333333 0.015592592592592621 0.010744791666666665
0 0.8624444444444445 0.63890625 0.019083333333333345 0.006562499999999893
0 0.8880092592592591 0.6305468750000001 0.024768518518518412 0.006895833333333279
0 0.8883796296296296 0.6461197916666667 0.013842592592592635 0.00852604166666655
0 0.8918703703703703 0.660015625 0.012675925925926082 0.006140624999999922
0 0.8765 0.6549375 0.015731481481481385 0.009927083333333364
0 0.856398148148148 0.6584583333333333 0.01514814814814795 0.004338541666666629
0 0.8592407407407407 0.6630520833333333 0.013842592592592635 0.004989583333333237
0 0.8760648148148148 0.67046875 0.007870370370370475 0.0073645833333332075
0 0.8805833333333333 0.6639531249999999 0.01340740740740753 0.004822916666666721
0 0.8567592592592591 0.6708802083333333 0.015879629629629712 0.00490104166666665
0 0.863611111111111 0.67678125 0.016759259259259175 0.006208333333333371
0 0.8426296296296295 0.6624791666666667 0.012092592592592648 0.00861979166666682
0 0.8609166666666666 0.68375 0.00903703703703703 0.0037499999999999643
0 0.7605277777777777 0.6798593749999999 0.014574074074074083 0.007317708333333428
0 0.7644629629629629 0.6915 0.01544444444444461 0.007651041666666636
0 0.7718240740740742 0.6980989583333332 0.013842592592592635 0.006197916666666714
0 0.792287037037037 0.7075260416666667 0.00932407407407412 0.0053750000000000854
0 0.8023425925925926 0.711375 0.009620370370370463 0.005864583333333506
0 0.8078055555555554 0.7149427083333333 0.01471296296296316 0.004468750000000021
0 0.7990648148148147 0.7255989583333333 0.01471296296296316 0.009380208333333506
0 0.7905462962962962 0.716046875 0.01864814814814824 0.00798958333333335
0 0.770074074074074 0.7129739583333333 0.01733333333333336 0.005125000000000135
0 0.7669444444444443 0.7233854166666667 0.01340740740740753 0.00560937500000005
0 0.7707314814814814 0.7278958333333333 0.011657407407407226 0.004786458333333421
0 0.7373611111111111 0.74228125 0.0113611111111112 0.0046979166666666575
0 0.7412962962962963 0.7476927083333333 0.018064814814814808 0.006989583333333371
0 0.7235925925925926 0.73596875 0.014129629629629726 0.005848958333333343
0 0.7107777777777777 0.732484375 0.010638888888888923 0.00544270833333318
0 0.6873888888888888 0.7260104166666667 0.009324074074073962 0.003640624999999886
0 0.6707777777777778 0.723140625 0.015731481481481544 0.008656249999999944
0 0.6819259259259259 0.6977708333333333 0.015879629629629712 0.00685416666666665
0 0.6589814814814815 0.673875 0.02243518518518515 0.013380208333333421
0 0.6165092592592593 0.6616562500000001 0.021416666666666768 0.006135416666666771
0 0.6002685185185185 0.6971562499999999 0.02039814814814807 0.005625000000000035
0 0.7125925925925926 0.7497499999999999 0.01136111111111112 0.004515624999999979
0 0.6763148148148147 0.7387604166666667 0.016898148148148096 0.010098958333333208
0 0.6722407407407407 0.7565104166666666 0.019231481481481516 0.0049218749999999645
0 0.6486388888888889 0.7495833333333334 0.013990740740740647 0.008124999999999893
0 0.6462314814814815 0.7391354166666667 0.005685185185185225 0.006213541666666522
0 0.6117037037037036 0.7419635416666666 0.01354629629629645 0.007776041666666522
0 0.6278703703703704 0.7563072916666667 0.0132592592592592 0.01107291666666672
0 0.5403796296296296 0.7549999999999999 0.025055555555555505 0.008760416666666692
0 0.5141574074074073 0.7236041666666666 0.013407407407407371 0.00763541666666665
0 0.4303796296296296 0.7149583333333334 0.02068518518518516 0.007036458333333506
0 0.4025555555555555 0.7646770833333333 0.015148148148148109 0.005807291666666714
0 0.6223333333333333 0.6116041666666666 0.015592592592592464 0.010130208333333179
0 0.6790833333333333 0.610125 0.011361111111111042 0.005942708333333257
0 0.5096388888888888 0.6277916666666666 0.020981481481481504 0.005848958333333343
0 0.49179629629629623 0.6380364583333333 0.014425925925925911 0.006661458333333314
0 0.4599629629629629 0.6113541666666666 0.012527777777777752 0.011677083333333371
0 0.429 0.604265625 0.0205462962962964 0.008651041666666793
0 0.4554444444444444 0.6505416666666666 0.030305555555555624 0.011984375000000113
0 0.4027777777777778 0.6357031249999999 0.04385185185185192 0.013796874999999886
0 0.39017592592592587 0.7060416666666666 0.00932407407407412 0.00886979166666677
0 0.3764814814814815 0.7161614583333333 0.019231481481481516 0.009401041666666821
0 0.37727777777777777 0.696984375 0.018796296296296255 0.011244791666666743
0 0.32089814814814815 0.719359375 0.01529629629629628 0.004645833333333372
0 0.3028240740740741 0.7406770833333333 0.022287037037037057 0.004635416666666714
0 0.2848333333333333 0.7429739583333334 0.016027777777777728 0.006515625000000113
0 0.2802962962962963 0.7274062499999999 0.010259259259259324 0.0039791666666666005
0 0.2945277777777777 0.73490625 0.015388888888888867 0.005484375000000164
0 0.2587407407407407 0.7278385416666666 0.012194444444444407 0.00521875000000005
0 0.2521481481481481 0.7229635416666665 0.005398148148148213 0.008963541666666686
0 0.23932407407407408 0.7176614583333334 0.01225925925925924 0.006973958333333208
0 0.22749999999999998 0.7211302083333333 0.009259259259259285 0.0075416666666667355
0 0.20414814814814813 0.71228125 0.004796296296296276 0.006333333333333258
0 0.2066111111111111 0.707578125 0.009194444444444451 0.008541666666666715
0 0.23882407407407405 0.69775 0.01073148148148151 0.0036093749999999147
0 0.26297222222222216 0.6946614583333333 0.008398148148148168 0.006421875000000021
0 0.274537037037037 0.695015625 0.008592592592592594 0.0038333333333333995
0 0.30927777777777776 0.6833385416666666 0.015722222222222214 0.0069166666666667705
0 0.3153148148148148 0.69134375 0.017657407407407455 0.008307291666666572
0 0.45782407407407405 0.6785520833333333 0.013796296296296223 0.007906249999999915
0 0.3357314814814814 0.6023854166666667 0.01440740740740733 0.0063229166666666
0 0.30191666666666667 0.6158541666666666 0.014814814814814841 0.010885416666666713
0 0.2903981481481481 0.6443333333333332 0.021398148148148187 0.007776041666666522
0 0.2759907407407407 0.6612343749999999 0.0200277777777778 0.006374999999999886
0 0.24595370370370367 0.6508541666666667 0.022499999999999985 0.007848958333333479
0 0.22482407407407407 0.6604635416666665 0.020851851851851837 0.004833333333333379
0 0.2147407407407407 0.6737395833333333 0.020435185185185153 0.006062499999999993
0 0.21824074074074074 0.6389322916666667 0.017555555555555536 0.01228645833333335
0 0.24760185185185185 0.6277395833333334 0.013712962962962887 0.008557291666666522
0 0.2467037037037037 0.604125 0.013305555555555534 0.012114583333333507
0 0.19917592592592592 0.6459166666666667 0.014537037037037 0.008468750000000113
0 0.16385185185185186 0.6491562500000001 0.020712962962962954 0.008161458333333371
0 0.18971296296296292 0.62928125 0.025240740740740737 0.008557291666666522
0 0.18093518518518514 0.6086770833333334 0.020851851851851837 0.005020833333333208
0 0.2003425925925926 0.5945104166666667 0.024555555555555567 0.009427083333333286
0 0.17715740740740743 0.5871822916666667 0.013305555555555553 0.0071145833333332575
0 0.14958333333333335 0.5811979166666668 0.02181481481481483 0.004416666666666735
0 0.1003425925925926 0.5529479166666667 0.013305555555555572 0.008447916666666621
0 0.13106481481481483 0.6050885416666667 0.012212962962962948 0.0052552083333333496
0 0.13093518518518518 0.6138854166666666 0.009740740740740723 0.003088541666666522
0 0.14032407407407407 0.616046875 0.008777777777777808 0.004937499999999951
0 0.13017592592592592 0.6185156249999999 0.012620370370370379 0.006171874999999894
0 0.13250925925925927 0.6241875 0.010703703703703719 0.006401041666666707
0 0.14430555555555555 0.6396249999999999 0.02002777777777776 0.00639062500000005
0 0.12701851851851853 0.641171875 0.010703703703703719 0.00639062500000005
0 0.1187222222222222 0.6284374999999999 0.009462962962962961 0.009812500000000135
0 0.13045370370370368 0.6496614583333333 0.012074074074074107 0.007927083333333229