0 0.4113981481481481 0.22491145833333331 0.019194444444444514 0.013692708333333314
0 0.44952777777777775 0.24152604166666664 0.0205648148148149 0.006578124999999968
0 0.481212962962963 0.21776041666666668 0.015398148148148197 0.007098958333333361
0 0.4701944444444444 0.2313802083333333 0.01824074074074073 0.011203125000000026
0 0.48374074074074075 0.2347864583333333 0.017509259259259283 0.00748958333333336
0 0.3634722222222222 0.24745833333333334 0.02499074074074075 0.006583333333333297
0 0.35539814814814813 0.2622916666666667 0.014768518518518547 0.010151041666666671
0 0.40000925925925923 0.2673385416666666 0.017509259259259283 0.0071874999999999465
0 0.31595370370370374 0.23896875 0.020249999999999976 0.006833333333333335
0 0.28980555555555554 0.24102083333333332 0.026999999999999996 0.008536458333333297
0 0.314537037037037 0.24911979166666667 0.025833333333333285 0.00670833333333336
0 0.2822592592592592 0.26602604166666666 0.03195370370370369 0.009666666666666667
0 0.25136111111111115 0.268109375 0.018666666666666665 0.005171875000000004
0 0.3596759259259259 0.2767135416666666 0.026472222222222265 0.004583333333333339
0 0.32217592592592587 0.282203125 0.0116018518518518 0.012598958333333332
0 0.281787037037037 0.28632291666666665 0.01097222222222227 0.004666666666666685
0 0.2656574074074074 0.2787864583333333 0.0187685185185185 0.006692708333333286
0 0.23997222222222223 0.2796510416666666 0.02541666666666668 0.006307291666666615
0 0.22789814814814813 0.28733333333333333 0.014972222222222263 0.008583333333333342
0 0.25010185185185185 0.29273437499999994 0.01761111111111112 0.0152708333333333
0 0.2605925925925926 0.31913541666666667 0.01287037037037035 0.011411458333333346
0 0.29444444444444445 0.3101145833333333 0.01518518518518519 0.010468749999999982
0 0.34575 0.3268541666666666 0.011287037037037114 0.013515625000000054
0 0.43934259259259256 0.3064427083333333 0.024046296296296375 0.008281250000000018
0 0.4666574074074074 0.30127604166666666 0.03058333333333331 0.010354166666666753
0 0.4838796296296296 0.22446354166666665 0.0073055555555557004 0.005171875000000004
0 0.5234351851851851 0.21371354166666662 0.014435185185185162 0.0060520833333333355
0 0.5147407407407407 0.22999479166666664 0.01628703703703691 0.005890624999999971
0 0.5287314814814814 0.23224479166666664 0.0135555555555557 0.004765625000000018
0 0.5580462962962963 0.24105729166666662 0.01925000000000002 0.00926562500000001
0 0.5596111111111111 0.22205729166666668 0.01350925925925913 0.013109374999999979
0 0.5785833333333333 0.21916666666666665 0.018138888888888812 0.0057656249999999964
0 0.5227222222222222 0.25958333333333333 0.00957407407407405 0.010348958333333335
0 0.5575833333333334 0.25787499999999997 0.011287037037037035 0.008760416666666692
0 0.5925370370370371 0.22798958333333333 0.01364814814814821 0.0038958333333333427
0 0.6148518518518518 0.2450677083333333 0.015731481481481544 0.007864583333333374
0 0.602361111111111 0.2265989583333333 0.007398148148148209 0.009182291666666665
0 0.6265555555555555 0.22711979166666665 0.012305555555555575 0.006057291666666664
0 0.6144814814814814 0.22173958333333332 0.00574074074074073 0.008604166666666658
0 0.6824722222222223 0.2484375 0.007259259259259131 0.00966145833333334
0 0.7003055555555556 0.2505208333333333 0.012212962962963066 0.010703124999999947
0 0.7015092592592592 0.23965625 0.010916666666666686 0.007442708333333314
0 0.7314444444444445 0.24566666666666664 0.011564814814814719 0.008119791666666654
0 0.7216574074074072 0.26021875 0.010962962962962782 0.006937499999999997
0 0.7790925925925924 0.2754739583333333 0.015731481481481385 0.007567708333333289
0 0.7860092592592592 0.28528125 0.013370370370370525 0.006572916666666639
0 0.7820277777777777 0.308046875 0.013092592592592685 0.005666666666666753
0 0.8163148148148148 0.3080208333333333 0.015777777777777637 0.0041718750000000245
0 0.8395185185185184 0.28947395833333334 0.00749074074074056 0.010020833333333368
0 0.8327129629629629 0.3214270833333333 0.01073148148148151 0.004932291666666711
0 0.7427777777777778 0.2983802083333333 0.012953703703703606 0.00596354166666666
0 0.7520277777777779 0.3225989583333333 0.007398148148148051 0.00522395833333329
0 0.6973425925925926 0.29608854166666665 0.010916666666666686 0.007630208333333411
0 0.7222314814814814 0.2821874999999999 0.007027777777777702 0.003765625000000039
0 0.8385185185185186 0.3311458333333333 0.00790740740740748 0.01008333333333331
0 0.8502222222222222 0.34084375 0.013185185185185194 0.0052760416666667535
0 0.8543703703703703 0.3282291666666667 0.01924999999999986 0.012583333333333346
0 0.8671851851851851 0.3215 0.011194444444444368 0.0068697916666667245
0 0.8731944444444444 0.31867708333333333 0.015824074074073893 0.007052083333333315
0 0.8903796296296296 0.3403958333333333 0.007351851851851797 0.007854166666666629
0 0.8470092592592592 0.36814583333333334 0.01313888888888894 0.004401041666666661
0 0.8866574074074074 0.37861979166666665 0.010638888888889003 0.0034843750000000282
0 0.8848981481481482 0.3853489583333333 0.008046296296296242 0.005901041666666629
0 0.840462962962963 0.39288541666666665 0.021138888888888926 0.004098958333333247
0 0.7253796296296297 0.3624427083333333 0.01471296296296316 0.0034583333333333853
0 0.7145092592592591 0.36921354166666664 0.011657407407407306 0.0065833333333333854
0 0.7167777777777776 0.39736458333333335 0.008601851851851923 0.0121458333333333
0 0.7544722222222222 0.4147083333333333 0.0062129629629629965 0.007552083333333392
0 0.7022685185185185 0.42127083333333337 0.005064814814814788 0.005458333333333343
0 0.915861111111111 0.42090104166666664 0.01007407407407407 0.011734374999999986
0 0.9178703703703702 0.44614062499999996 0.009620370370370463 0.009531250000000036
0 0.9003055555555556 0.4471302083333333 0.00954629629629614 0.007973958333333364
0 0.8885925925925926 0.4539270833333333 0.012379629629629423 0.008645833333333287
0 0.8642037037037037 0.44647916666666665 0.017907407407407226 0.005499999999999972
0 0.9117962962962963 0.47678125 0.01223148148148141 0.008671875000000107
0 0.9258148148148148 0.47948958333333336 0.014027777777777967 0.005354166666666593
0 0.9223518518518518 0.48668750000000005 0.011268518518518691 0.009005208333333315
0 0.8324629629629628 0.46988020833333327 0.010518518518518425 0.008635416666666628
0 0.9074629629629628 0.5039374999999999 0.014916666666666679 0.005552083333333435
0 0.9138796296296297 0.5157604166666666 0.011037037037037104 0.004567708333333265
0 0.9249166666666666 0.515171875 0.015814814814814643 0.005744791666666593
0 0.9237314814814813 0.524828125 0.01760185185185195 0.005177083333333421
0 0.9199629629629628 0.5202916666666667 0.01976851851851854 0.0038906250000000143
0 0.8850833333333333 0.5285833333333333 0.014916666666666679 0.008713541666666736
0 0.8480833333333332 0.5128020833333333 0.015518518518518615 0.008401041666666664
0 0.8133981481481481 0.48094270833333325 0.013574074074074044 0.007484374999999943
0 0.7807222222222221 0.46768229166666664 0.013574074074074044 0.006276041666666643
0 0.7890833333333334 0.5272604166666667 0.02730555555555567 0.0067447916666667496
0 0.8104537037037036 0.5356770833333333 0.017231481481481285 0.005437500000000028
0 0.8139629629629629 0.5541874999999999 0.017675925925925956 0.0061822916666665504
0 0.8651296296296296 0.565078125 0.01976851851851854 0.005796875000000057
0 0.9108240740740741 0.5649947916666667 0.02013888888888889 0.0057864583333333995
0 0.9190833333333334 0.5529791666666666 0.012222222222222159 0.004598958333333236
0 0.8926296296296296 0.5580468749999999 0.005046296296296444 0.007078125000000135
0 0.8388518518518518 0.5853697916666667 0.010324074074074159 0.009046874999999944
0 0.7933055555555555 0.5747708333333332 0.007388888888888801 0.008000000000000007
0 0.7380648148148148 0.5650364583333333 0.02417592592592573 0.007432291666666657
0 0.7580833333333332 0.5779791666666666 0.01519444444444452 0.00824479166666663
0 0.7802037037037037 0.5985520833333333 0.013768518518518312 0.010078124999999893
0 0.7421296296296295 0.6002552083333332 0.01687962962962975 0.004661458333333179
0 0.8898518518518518 0.6128645833333334 0.019481481481481447 0.008166666666666522
0 0.9118055555555555 0.6142604166666666 0.018388888888888903 0.0076458333333333075
0 0.8971203703703703 0.64121875 0.01587037037037046 0.0063072916666667925
0 0.8643703703703702 0.640203125 0.00931481481481487 0.003807291666666579
0 0.8818333333333332 0.6470989583333333 0.007305555555555543 0.008156249999999865
0 0.8767962962962963 0.636140625 0.007305555555555543 0.007015624999999836
0 0.8755833333333333 0.6463177083333334 0.012425925925925993 0.0042708333333331796
0 0.8360370370370369 0.647359375 0.012259259259259163 0.0072604166666666355
0 0.8289444444444444 0.647359375 0.01234259259259242 0.0072604166666666355
0 0.8150925925925925 0.63290625 0.006462962962963085 0.006682291666666629
0 0.8101759259259258 0.6410520833333333 0.01426851851851849 0.00739583333333318
0 0.8157592592592592 0.64625 0.008981481481481524 0.0067708333333333925
0 0.8072407407407408 0.6520572916666667 0.01007407407407407 0.007432291666666657
0 0.8666851851851851 0.6613385416666666 0.01544444444444461 0.006338541666666764
0 0.83075 0.6696927083333333 0.006712962962962857 0.008005208333333336
0 0.8081666666666667 0.6732864583333333 0.02031481481481497 0.005739583333333265
0 0.8056018518518518 0.6788541666666668 0.02090740740740734 0.005781249999999893
0 0.8141666666666666 0.6659739583333334 0.0077777777777779675 0.006234374999999836
0 0.7844074074074073 0.6408177083333333 0.006833333333333434 0.005026041666666714
0 0.7799166666666666 0.6948385416666666 0.012824074074074095 0.005552083333333258
0 0.7850648148148148 0.7077135416666666 0.012574074074074007 0.008088541666666772
0 0.7627499999999999 0.7079427083333333 0.005657407407407315 0.009401041666666821
0 0.7653333333333333 0.7122552083333333 0.014333333333333245 0.00501041666666655
0 0.7540185185185185 0.7058385416666667 0.015842592592592394 0.007255208333333307
0 0.7495555555555555 0.6847760416666666 0.01697222222222226 0.005520833333333286
0 0.6874166666666666 0.6910729166666666 0.01992592592592596 0.004244791666666714
0 0.7214907407407408 0.7181249999999999 0.017157407407407278 0.007411458333333343
0 0.6914444444444444 0.7199114583333334 0.016907407407407347 0.009854166666666764
0 0.6516203703703703 0.6799999999999999 0.013574074074074202 0.011536458333333322
0 0.6277407407407408 0.6818958333333333 0.01609259259259264 0.007401041666666686
0 0.6822037037037036 0.668296875 0.014268518518518647 0.005958333333333421
0 0.6846203703703703 0.641125 0.02853703703703698 0.006203124999999865
0 0.7468148148148147 0.6339479166666667 0.025333333333333347 0.0070208333333333425
0 0.5819166666666666 0.6485572916666666 0.010435185185185169 0.011484375000000036
0 0.5809074074074074 0.6710104166666666 0.008425925925925842 0.007609375000000007
0 0.5637222222222222 0.6716510416666666 0.014018518518518559 0.0060520833333333355
0 0.5422592592592592 0.684734375 0.012324074074074076 0.007380208333333371
0 0.576861111111111 0.6946197916666667 0.016657407407407416 0.007057291666666821
0 0.5931018518518518 0.7061979166666668 0.00993518518518515 0.008994791666666658
0 0.544611111111111 0.7098697916666666 0.012009259259259232 0.008953125000000029
0 0.5956851851851852 0.7208489583333333 0.013574074074074202 0.010453125000000086
0 0.6129351851851852 0.735546875 0.01237962962962958 0.008994791666666658
0 0.6291851851851852 0.7408333333333333 0.013203703703703695 0.006552083333333236
0 0.645462962962963 0.7349270833333332 0.012064814814814737 0.009171875000000006
0 0.6156111111111111 0.7298333333333333 0.012694444444444425 0.003802083333333428
0 0.5856481481481481 0.7458958333333332 0.006055555555555574 0.0066510416666666575
0 0.570462962962963 0.7460364583333334 0.017250000000000102 0.004416666666666735
0 0.5688981481481481 0.7405208333333333 0.011907407407407315 0.00639062500000005
0 0.4863518518518518 0.7364010416666666 0.012009259259259232 0.009072916666666764
0 0.4484166666666667 0.7259218749999999 0.012407407407407334 0.005572916666666572
0 0.4286944444444444 0.7241041666666665 0.018564814814814826 0.003640624999999886
0 0.4982314814814815 0.7165052083333333 0.008120370370370406 0.005312499999999965
0 0.38457407407407407 0.744078125 0.015398148148148197 0.007203125000000021
0 0.38617592592592587 0.7359843749999999 0.020833333333333332 0.006213541666666522
0 0.38497222222222216 0.7155677083333334 0.020101851851851885 0.008156249999999865
0 0.3813611111111111 0.7048749999999999 0.011203703703703778 0.01171875
0 0.3583981481481481 0.701765625 0.010083333333333321 0.011822916666666572
0 0.36162037037037037 0.7153802083333333 0.012037037037036985 0.00475520833333345
0 0.4724999999999999 0.694140625 0.012037037037036985 0.0043906249999999146
0 0.4865 0.6972135416666667 0.015398148148148197 0.009635416666666608
0 0.3938703703703703 0.6634374999999999 0.010249999999999993 0.016031250000000163
0 0.3748611111111111 0.6712812499999999 0.010750000000000013 0.012312499999999994
0 0.4581944444444444 0.6517968749999999 0.016574074074074 0.00951562500000005
0 0.4914814814814814 0.6525208333333332 0.02447222222222223 0.009072916666666764
0 0.45505555555555555 0.6361354166666666 0.0183703703703704 0.009843750000000106
0 0.3587037037037037 0.6347135416666667 0.013379629629629658 0.010786458333333294
0 0.3650925925925926 0.61375 0.02525925925925922 0.0137447916666666
0 0.3309351851851852 0.6443749999999999 0.01618518518518523 0.009479166666666572
0 0.31569444444444444 0.6360833333333333 0.009796296296296308 0.010249999999999915
0 0.30184259259259255 0.64634375 0.02015740740740739 0.008322916666666735
0 0.3140462962962963 0.6588541666666666 0.020379629629629647 0.006614583333333179
0 0.3266759259259259 0.6854166666666666 0.008009259259259239 0.011130208333333336
0 0.32175 0.6940677083333332 0.013379629629629698 0.0042239583333334
0 0.32143518518518516 0.701328125 0.012324074074073998 0.011437500000000078
0 0.364 0.725625 0.010083333333333321 0.006286458333333478
0 0.35800925925925925 0.7274999999999999 0.009740740740740723 0.007291666666666608
0 0.34809259259259256 0.7251197916666666 0.016351851851851822 0.005276041666666664
0 0.2958148148148148 0.6904010416666666 0.019324074074074105 0.008723958333333393
0 0.29318518518518516 0.6812968749999999 0.01965740740740745 0.005197916666666735
0 0.27862962962962967 0.6851406250000001 0.024138888888888963 0.006583333333333208
0 0.2647129629629629 0.6854687499999998 0.008064814814814822 0.009453125000000107
0 0.272074074074074 0.6768854166666666 0.014731481481481425 0.007713541666666579
0 0.26205555555555554 0.6666354166666666 0.020101851851851885 0.003916666666666657
0 0.2538796296296296 0.6616406249999999 0.017194444444444516 0.005583333333333229
0 0.23163888888888884 0.6651041666666666 0.00968518518518514 0.011432291666666572
0 0.2166944444444444 0.689125 0.025703703703703694 0.007942708333333392
0 0.2044537037037037 0.6626041666666667 0.01034259259259258 0.0038958333333333427
0 0.19687037037037036 0.6659270833333333 0.01237037037037041 0.003062500000000057
0 0.19362962962962962 0.6626510416666667 0.006379629629629591 0.007661458333333293
0 0.17633333333333331 0.655171875 0.010175925925925948 0.003755208333333293
0 0.19509259259259257 0.6483489583333333 0.008435185185185172 0.003848958333333208
0 0.21325925925925923 0.6394114583333333 0.005074074074074117 0.007484374999999943
0 0.1947962962962963 0.6446041666666666 0.016138888888888894 0.002791666666666792
0 0.1910092592592592 0.6375989583333334 0.014648148148148169 0.0077916666666666854
0 0.24208333333333332 0.6324427083333333 0.008777777777777768 0.004854166666666692
0 0.22068518518518515 0.6260208333333332 0.007888888888888898 0.007822916666666657
0 0.20299999999999999 0.6242812499999999 0.006305555555555584 0.007276041666666622
0 0.2777777777777778 0.6216145833333333 0.010648148148148174 0.004739583333333286
0 0.3067685185185185 0.6135572916666666 0.016555555555555577 0.0030416666666667424
0 0.2652685185185185 0.613609375 0.0079074074074074 0.005583333333333229
0 0.25860185185185186 0.6092187499999999 0.014805555555555591 0.004244791666666714
0 0.20940740740740738 0.5811822916666666 0.008064814814814822 0.0070208333333333425
0 0.225037037037037 0.5656614583333333 0.008518518518518509 0.005062499999999836
0 0.24147222222222225 0.5666145833333334 0.005287037037037044 0.006531249999999922
0 0.2122037037037037 0.5579010416666667 0.01606481481481481 0.005890624999999971
0 0.1930462962962963 0.5565677083333332 0.007740740740740727 0.011192708333333279
0 0.18170370370370367 0.56571875 0.018657407407407393 0.006088541666666636
0 0.163787037037037 0.5631718749999999 0.008870370370370355 0.008307291666666572
0 0.17102777777777778 0.5515989583333333 0.019879629629629587 0.004911458333333308
0 0.18125 0.5445156250000001 0.021148148148148117 0.007078125000000135
0 0.14577777777777776 0.5362760416666668 0.007305555555555543 0.0050677083333333425
0 0.15403703703703703 0.538234375 0.014768518518518507 0.007338541666666742
0 0.13660185185185184 0.5290208333333333 0.008101851851851865 0.00685416666666665
0 0.15888888888888889 0.5130989583333333 0.01136111111111108 0.005864583333333328
0 0.19037962962962962 0.50953125 0.022148148148148136 0.006635416666666671
0 0.19787962962962963 0.504796875 0.013444444444444453 0.006489583333333293
0 0.16017592592592592 0.5062604166666667 0.007962962962962984 0.005739583333333265
0 0.1464537037037037 0.503453125 0.00498148148148149 0.009130208333333379
0 0.13724999999999998 0.5131197916666667 0.0060185185185185315 0.0072083333333333496
0 0.12837037037037036 0.5005520833333332 0.006592592592592597 0.006734375000000093
0 0.12182407407407406 0.49621875 0.006703703703703726 0.010531250000000015
0 0.14416666666666664 0.482453125 0.00777777777777777 0.007692708333333265
0 0.16437037037037036 0.4824322916666667 0.01570370370370367 0.004161458333333279
0 0.1432685185185185 0.46985937499999997 0.013083333333333317 0.005244791666666693
0 0.13468518518518519 0.47765104166666666 0.008453703703703713 0.005078125
0 0.20666666666666664 0.48004687500000004 0.011296296296296285 0.010177083333333314
0 0.22342592592592594 0.4701874999999999 0.012222222222222238 0.012197916666666763
0 0.12298148148148146 0.5149166666666666 0.014620370370370376 0.010218749999999943
0 0.1137685185185185 0.5352291666666666 0.00813888888888887 0.0064375000000000075
0 0.12711111111111112 0.5473385416666667 0.012111111111111109 0.0038281249999998932
0 0.12479629629629628 0.5484166666666667 0.007166666666666662 0.00728124999999995
0 0.1348888888888889 0.5581093749999999 0.00804629629629628 0.006395833333333378
0 0.1479351851851852 0.5792187499999999 0.013916666666666641 0.012192708333333257
0 0.15666666666666665 0.5860104166666666 0.01598148148148147 0.007213541666666679
0 0.16043518518518518 0.5962708333333333 0.009916666666666648 0.01264062500000005
0 0.14778703703703705 0.5968333333333333 0.010657407407407386 0.011098958333333363
0 0.15030555555555555 0.6185572916666666 0.01095370370370369 0.00803124999999998
0 0.14882407407407405 0.631921875 0.013916666666666641 0.010437499999999923
0 0.16510185185185186 0.6335677083333333 0.009768518518518517 0.006593749999999865
0 0.1658425925925926 0.6266770833333333 0.017166666666666684 0.009046874999999944
0 0.3217685185185185 0.5905833333333333 0.020425925925925903 0.008036458333333307
0 0.3024907407407407 0.5469479166666666 0.006287037037037003 0.007343749999999894
0 0.3052685185185185 0.5378697916666667 0.009620370370370383 0.009171875000000006
0 0.39887962962962964 0.5752604166666666 0.017759259259259214 0.007630208333333321
0 0.33401851851851855 0.5812552083333333 0.01058333333333326 0.004364583333333449
0 0.5599907407407406 0.5943854166666667 0.022777777777777748 0.005203124999999887
0 0.5530648148148147 0.5373177083333334 0.014851851851851765 0.008786458333333335
0 0.5088333333333332 0.5550937499999999 0.0161759259259259 0.009802083333333479
0 0.4955 0.5665104166666667 0.02436111111111106 0.007093749999999943
0 0.4955925925925926 0.5485156250000001 0.024027777777777874 0.0063072916666667925
0 0.4571759259259259 0.5258229166666666 0.018481481481481567 0.006218750000000028
0 0.5331574074074074 0.5324895833333334 0.013333333333333365 0.009526041666666707
0 0.5592685185185184 0.5237395833333334 0.02092592592592584 0.008343750000000049
0 0.5835277777777778 0.5075364583333333 0.021916666666666786 0.019786458333333277
0 0.6764166666666667 0.4953697916666666 0.02257407407407423 0.009380208333333329
0 0.701574074074074 0.49193229166666663 0.015583333333333213 0.011427083333333421
0 0.6855648148148148 0.47315104166666666 0.013796296296296381 0.015625
0 0.7318703703703703 0.45291145833333335 0.011351851851851948 0.007822916666666657
0 0.6310277777777777 0.42141666666666666 0.023962962962963116 0.006510416666666607
0 0.6075648148148147 0.43960416666666663 0.013472222222222127 0.005427083333333371
0 0.4884629629629629 0.3900677083333333 0.012407407407407492 0.017598958333333314
0 0.4615648148148148 0.38743229166666665 0.010361111111111161 0.007583333333333275
0 0.3869259259259259 0.40719270833333326 0.023240740740740763 0.007000000000000029
0 0.6331759259259259 0.3411666666666666 0.028259259259259296 0.009744791666666686
0 0.5663611111111111 0.32751562500000003 0.0139999999999999 0.011781249999999943
0 0.5327314814814815 0.33516666666666667 0.03690740740740731 0.0062864583333333
0 0.3776851851851851 0.36851562499999996 0.038814814814814726 0.009848958333333347
0 0.5665925925925925 0.31309895833333334 0.030694444444444476 0.010796875000000039
0 0.6032685185185185 0.30165624999999996 0.011620370370370382 0.0101927083333333
0 0.6169351851851851 0.3065208333333333 0.008583333333333264 0.008786458333333247
0 0.5446481481481481 0.2883958333333333 0.015842592592592554 0.008161458333333371
0 0.4259537037037036 0.4981354166666666 0.02935185185185184 0.015755208333333392
0 0.37808333333333327 0.4659947916666667 0.018388888888888903 0.007249999999999979
0 0.339537037037037 0.46457291666666667 0.01594444444444447 0.014359374999999907
0 0.3246759259259259 0.47540104166666663 0.03188888888888894 0.00933333333333337
0 0.34827777777777774 0.43411979166666664 0.025453703703703725 0.0067968750000000355
0 0.3319722222222222 0.42482291666666666 0.025277777777777764 0.009765625
0 0.28762962962962957 0.4103958333333333 0.020833333333333332 0.010468749999999893
0 0.26302777777777775 0.41582291666666665 0.034148148148148115 0.006546874999999908
0 0.26099074074074075 0.43152083333333324 0.016490740740740664 0.003296875000000021
0 0.20487037037037037 0.45257291666666666 0.011842592592592637 0.008041666666666636
0 0.16605555555555557 0.4425052083333333 0.016296296296296316 0.00447395833333335
0 0.14706481481481481 0.44065624999999997 0.007898148148148109 0.008177083333333357
0 0.16232407407407407 0.4517239583333333 0.006833333333333316 0.006348958333333421
0 0.14953703703703702 0.45253645833333334 0.01773148148148146 0.005854166666666672
0 0.18841666666666665 0.40713541666666664 0.017166666666666684 0.005286458333333322
0 0.14434259259259258 0.41942187499999994 0.02612962962962967 0.004838541666666707
0 0.2593518518518519 0.36440624999999993 0.011777777777777804 0.0068958333333333675
0 0.24763888888888885 0.3623125 0.009648148148148137 0.009395833333333315
0 0.16012962962962962 0.38841666666666663 0.01761111111111108 0.007828124999999986
0 0.15496296296296297 0.396 0.02293518518518517 0.006630208333333343
0 0.13700925925925925 0.3883645833333333 0.012722222222222218 0.011109374999999932
0 0.1223148148148148 0.398375 0.011527777777777755 0.007999999999999962
0 0.12046296296296294 0.39211979166666666 0.014722222222222215 0.010999999999999944
0 0.11799074074074074 0.3813489583333333 0.016666666666666666 0.006588541666666714
0 0.13087037037037036 0.3700781249999999 0.012092592592592608 0.0055416666666666895
0 0.11554629629629629 0.37102604166666664 0.008018518518518529 0.007364583333333385
0 0.14575 0.3668489583333333 0.011777777777777804 0.006906250000000025
0 0.1576574074074074 0.36866666666666664 0.010527777777777796 0.0043333333333333
0 0.16849074074074075 0.3644166666666666 0.01516666666666665 0.011494791666666605
0 0.1322777777777778 0.35579687499999996 0.011407407407407415 0.008213541666666657
0 0.11620370370370368 0.35830208333333335 0.012592592592592588 0.005317708333333382
0 0.12660185185185183 0.3646510416666667 0.020740740740740747 0.0045572916666666964
0 0.16852777777777775 0.3482864583333333 0.034527777777777775 0.0041979166666666675
0 0.15125925925925926 0.33939062499999995 0.010527777777777796 0.010781250000000053
0 0.1584074074074074 0.3283333333333333 0.022805555555555537 0.009468750000000003
0 0.18240740740740738 0.33071354166666667 0.018675925925925933 0.007979166666666603
0 0.2027037037037037 0.33672395833333335 0.016916666666666677 0.008999999999999985
0 0.21680555555555556 0.3313645833333333 0.011277777777777784 0.012671874999999933
0 0.2375185185185185 0.3372708333333333 0.028138888888888876 0.006145833333333339
0 0.1954074074074074 0.32190104166666667 0.014601851851851835 0.011052083333333318
0 0.18694444444444444 0.31613541666666667 0.014851851851851845 0.004807291666666646
0 0.1779907407407407 0.3221145833333333 0.013222222222222198 0.008656249999999944
0 0.15552777777777776 0.3203333333333333 0.026564814814814812 0.005447916666666686
0 0.17845370370370367 0.3005416666666666 0.017296296296296296 0.006989583333333371
0 0.17783333333333332 0.2938802083333333 0.026064814814814794 0.0057656249999999964