0 0.9629999999999999 0.38498958333333333 0.019990740740740875 0.013494791666666738
0 0.9266759259259258 0.39380208333333333 0.012666666666666831 0.012369791666666696
0 0.9344259259259259 0.3834895833333333 0.023240740740740763 0.007979166666666603
0 0.9720092592592592 0.39580208333333333 0.010259259259259086 0.00882812500000001
0 0.9777407407407408 0.3868020833333333 0.01147222222222221 0.009510416666666632
0 0.9878518518518519 0.399625 0.00996296296296306 0.008661458333333405
0 0.9732129629629629 0.41066145833333334 0.01811111111111106 0.00696354166666655
0 0.9611388888888889 0.4112552083333333 0.010870370370370273 0.0078125
0 0.9873981481481482 0.41465104166666666 0.013277777777778018 0.009848958333333435
0 0.9363888888888888 0.41269791666666666 0.013888888888888888 0.004244791666666714
0 0.9209907407407406 0.4149062499999999 0.007240740740740787 0.005942708333333435
0 0.8806944444444443 0.4050572916666667 0.01720370370370353 0.005604166666666721
0 0.9602314814814813 0.43443229166666664 0.01147222222222221 0.009677083333333236
0 0.9827222222222222 0.4410520833333333 0.008749999999999937 0.008317708333333406
0 0.9980740740740741 0.43400520833333334 0.0038425925925925715 0.005770833333333236
0 0.9873981481481482 0.4506458333333333 0.007240740740740787 0.005770833333333236
0 0.9962685185185184 0.45310937500000004 0.007462962962962807 0.00390625
0 0.9892129629629628 0.47365625 0.012074074074074145 0.007979166666666693
0 0.9718518518518517 0.47586458333333326 0.005731481481481638 0.00866145833333345
0 0.9321574074074074 0.44996875000000003 0.010259259259259086 0.00848958333333325
0 0.9311018518518518 0.470515625 0.00996296296296306 0.00848958333333325
0 0.919787037037037 0.4553177083333333 0.00905555555555553 0.005604166666666721
0 0.9295925925925925 0.440546875 0.011768518518518551 0.004244791666666714
0 0.859712962962963 0.4252604166666666 0.00845370370370391 0.008317708333333406
0 0.8284722222222223 0.42645312499999993 0.011768518518518551 0.00390625
0 0.8096018518518519 0.4329010416666666 0.01147222222222221 0.007302083333333265
0 0.7792685185185184 0.42211979166666663 0.011768518518518551 0.007130208333333421
0 0.7765462962962961 0.4052239583333333 0.014787037037037168 0.00696354166666655
0 0.7819814814814815 0.40752083333333333 0.00996296296296306 0.006791666666666707
0 0.8074907407407407 0.388078125 0.015694444444444382 0.008661458333333361
0 0.965212962962963 0.4874114583333333 0.009361111111111124 0.008317708333333406
0 0.9958333333333333 0.5013020833333333 0.008333333333333333 0.0046875
0 0.9952499999999999 0.518140625 0.009055555555555846 0.0093385416666667
0 0.9857407407407406 0.5166979166666665 0.014787037037036852 0.0054322916666667
0 0.9727592592592591 0.515765625 0.014185185185185231 0.005604166666666721
0 0.9679537037037038 0.5238229166666667 0.00917592592592579 0.007687499999999936
0 0.9680555555555556 0.530078125 0.008157407407407252 0.004588541666666579
0 0.9610185185185186 0.5386197916666667 0.012027777777777575 0.007229166666666664
0 0.9364444444444444 0.5316822916666666 0.015907407407407467 0.00803124999999998
0 0.934 0.5194635416666666 0.01223148148148141 0.008833333333333294
0 0.9106481481481481 0.5096562499999999 0.01651851851851834 0.005046875000000029
0 0.9366481481481481 0.489640625 0.018351851851851897 0.00653645833333325
0 0.9236944444444444 0.4916458333333333 0.009583333333333144 0.006880208333333293
0 0.9332499999999999 0.6041145833333333 0.01578703703703689 0.005020833333333208
0 0.9739259259259258 0.599046875 0.013388888888889028 0.007046875000000163
0 0.9895462962962963 0.5933020833333333 0.012351851851851987 0.007723958333333236
0 0.9896296296296296 0.5836510416666666 0.01699074074074076 0.0067552083333332295
0 0.9808796296296295 0.581671875 0.010472222222222171 0.006468749999999979
0 0.972212962962963 0.5806562499999999 0.014074074074073906 0.005406250000000057
0 0.9514444444444444 0.5814791666666667 0.009268518518518615 0.005890624999999971
0 0.9381481481481482 0.587078125 0.013212962962962945 0.005114583333333478
0 0.9421944444444444 0.6298645833333333 0.019416666666666693 0.006421875000000021
0 0.9629722222222221 0.6428385416666667 0.015305555555555846 0.007963541666666707
0 0.973361111111111 0.6485572916666666 0.018268518518518642 0.007578125000000035
0 0.9571481481481481 0.64765625 0.015527777777777866 0.00475520833333345
0 0.9380833333333333 0.6537604166666666 0.013935185185185143 0.006682291666666629
0 0.9459629629629629 0.6614687499999999 0.016898148148147937 0.007453124999999972
0 0.9295185185185185 0.6714218750000001 0.012333333333333169 0.01040624999999995
0 0.9416203703703704 0.6851041666666667 0.008222222222222323 0.007192708333333364
0 0.8938888888888887 0.6883802083333334 0.013703703703703557 0.004494791666666664
0 0.8742500000000001 0.6714218750000001 0.01644444444444433 0.010151041666666494
0 0.9119259259259258 0.705078125 0.009592592592592394 0.004239583333333208
0 0.8961759259259259 0.7077135416666666 0.015527777777777866 0.0035989583333332575
0 0.877787037037037 0.71478125 0.01073148148148151 0.004109374999999993
0 0.8443333333333333 0.7156770833333332 0.014620370370370337 0.006937500000000085
0 0.8640555555555554 0.7345364583333333 0.014444444444444255 0.004614583333333399
0 0.8548796296296296 0.7384895833333334 0.008981481481481524 0.008124999999999893
0 0.84375 0.7482083333333333 0.010935185185185029 0.004062500000000036
0 0.833111111111111 0.7414010416666666 0.009953703703703808 0.006041666666666679
0 0.8417037037037036 0.7416197916666667 0.00878703703703694 0.0051614583333332575
0 0.8402314814814815 0.7353020833333332 0.00780555555555572 0.003515625
0 0.8439444444444444 0.7319531249999999 0.009759259259259226 0.004499999999999993
0 0.7995277777777777 0.7471614583333333 0.01698148148148151 0.0059322916666666005
0 0.8007037037037037 0.7513385416666666 0.010740740740740762 0.004171875000000114
0 0.7827407407407406 0.7720885416666666 0.018935185185185333 0.005489583333333314
0 0.729648148148148 0.7553906249999999 0.016787037037037243 0.009687499999999894
0 0.721037037037037 0.7616041666666666 0.01546296296296311 0.007203125000000021
0 0.8272592592592592 0.7093072916666665 0.018546296296296165 0.006458333333333321
0 0.8371944444444444 0.7014791666666665 0.011925925925926133 0.009687499999999894
0 0.8137870370370369 0.6885572916666666 0.016342592592592572 0.010187499999999971
0 0.6527962962962963 0.7447083333333333 0.015018518518518596 0.006213541666666522
0 0.6569907407407407 0.7558854166666666 0.016342592592592728 0.004718749999999971
0 0.6289444444444444 0.7709166666666667 0.020314814814814813 0.008942708333333372
0 0.5958240740740741 0.7858229166666666 0.01324999999999995 0.0069583333333334
0 0.5892407407407407 0.7883333333333333 0.007240740740740629 0.004885416666666665
0 0.61125 0.766015625 0.008981481481481524 0.007817708333333506
0 0.5927129629629629 0.7651197916666665 0.011296296296296285 0.0040729166666666925
0 0.5527407407407408 0.7652812499999999 0.00955555555555555 0.0053750000000000854
0 0.5468055555555554 0.7804322916666667 0.008685185185185339 0.007005208333333179
0 0.5272592592592592 0.7647916666666668 0.015351851851851785 0.009286458333333237
0 0.5174074074074073 0.7980260416666667 0.013037037037037022 0.005703124999999876
0 0.5182037037037036 0.8079999999999998 0.018148148148148063 0.010411458333333101
0 0.5021018518518519 0.8026927083333334 0.012277777777777821 0.0064062500000001245
0 0.45778703703703705 0.8000937499999999 0.01263888888888892 0.011812499999999915
0 0.46481481481481474 0.7938385416666667 0.00854629629629626 0.007307291666666771
0 0.49008333333333326 0.7877291666666666 0.011388888888888794 0.004703125000000164
0 0.47664814814814804 0.7845260416666666 0.008722222222222185 0.007708333333333428
0 0.4293148148148148 0.7896822916666666 0.008361111111111087 0.010010416666666622
0 0.41098148148148145 0.7952864583333333 0.010500000000000082 0.008406249999999994
0 0.3916759259259259 0.7865781249999999 0.009962962962962903 0.007609375000000007
0 0.3897222222222222 0.7813749999999999 0.00854629629629626 0.004203125000000085
0 0.4643703703703703 0.7697135416666666 0.00764814814814814 0.006906250000000114
0 0.4516481481481481 0.7652604166666667 0.012814814814814845 0.005406250000000057
0 0.4221944444444445 0.7574010416666667 0.016907407407407347 0.0063072916666667925
0 0.3767314814814815 0.7644062500000001 0.012453703703703746 0.007906249999999915
0 0.385537037037037 0.7460364583333334 0.011212962962963029 0.0046041666666667425
0 0.4644629629629629 0.7371302083333333 0.015657407407407377 0.006406250000000035
0 0.48110185185185184 0.7258177083333333 0.015481481481481454 0.007005208333333179
0 0.4326018518518518 0.72821875 0.011037037037036946 0.0072083333333333496
0 0.3712129629629629 0.7329739583333332 0.009611111111111055 0.012911458333333315
0 0.33063888888888887 0.7287239583333334 0.018148148148148142 0.008208333333333507
0 0.3372222222222222 0.7470416666666666 0.012453703703703746 0.006604166666666522
0 0.3430925925925926 0.766109375 0.014240740740740736 0.007307291666666771
0 0.3396296296296296 0.775265625 0.013703703703703635 0.0072083333333333496
0 0.3305462962962963 0.7691614583333333 0.00943518518518521 0.011609374999999922
0 0.31799999999999995 0.779671875 0.007472222222222295 0.007406249999999837
0 0.28223148148148147 0.7588541666666666 0.01032407407407408 0.007609375000000007
0 0.26728703703703705 0.7517968749999999 0.010675925925925927 0.007906249999999915
0 0.26043518518518516 0.7389322916666666 0.014055555555555483 0.007005208333333179
0 0.24255555555555552 0.7437864583333333 0.009611111111111133 0.010312500000000035
0 0.22555555555555554 0.7195104166666667 0.006231481481481498 0.007609375000000007
0 0.266574074074074 0.7165104166666667 0.010675925925925927 0.0072083333333333496
0 0.24397222222222223 0.6922864583333334 0.007120370370370447 0.0072083333333333496
0 0.2135462962962963 0.6906354166666666 0.009611111111111133 0.007505208333333258
0 0.1896111111111111 0.6956875 0.009074074074074111 0.009208333333333308
0 0.18293518518518515 0.7209114583333334 0.006046296296296245 0.005604166666666721
0 0.18471296296296297 0.7285208333333333 0.016370370370370382 0.005406250000000057
0 0.17581481481481478 0.7110052083333334 0.007833333333333295 0.007807291666666494
0 0.16949999999999998 0.6978385416666666 0.00764814814814814 0.007906249999999915
0 0.19449999999999998 0.6821770833333333 0.009250000000000034 0.01041145833333328
0 0.17386111111111113 0.6859270833333333 0.00854629629629632 0.006505208333333279
0 0.18150925925925926 0.682078125 0.00534259259259255 0.004203125000000085
0 0.24014814814814814 0.6731666666666667 0.008009259259259239 0.007005208333333179
0 0.17421296296296296 0.668109375 0.007472222222222216 0.006906250000000114
0 0.18924999999999997 0.6470416666666666 0.009787037037037058 0.01041145833333328
0 0.12563888888888888 0.6639062499999999 0.014944444444444432 0.007109375000000107
0 0.1234074074074074 0.6477916666666667 0.020111111111111097 0.009109374999999887
0 0.15037037037037038 0.6388802083333334 0.00996296296296294 0.015114583333333265
0 0.09716666666666665 0.65825 0.014240740740740736 0.005203124999999887
0 0.10107407407407407 0.6480416666666666 0.008898148148148148 0.011812499999999915
0 0.10837037037037038 0.639484375 0.0064074074074073825 0.004505208333333321
0 0.09262962962962962 0.6453385416666666 0.00764814814814814 0.008010416666666664
0 0.07794444444444446 0.6445364583333333 0.008898148148148167 0.008406249999999994
0 0.1517037037037037 0.6165624999999999 0.008722222222222223 0.00870833333333323
0 0.08462037037037036 0.6140572916666667 0.008009259259259258 0.0063072916666667925
0 0.08497222222222221 0.6038489583333334 0.008722222222222215 0.00930729166666655
0 0.1412037037037037 0.5947395833333333 0.010138888888888866 0.0031041666666666856
0 0.13128703703703704 0.5605364583333333 0.006462962962962966 0.009192708333333322
0 0.5433796296296296 0.7432864583333332 0.01824074074074073 0.006197916666666714
0 0.6651666666666666 0.6977604166666667 0.014055555555555562 0.005343750000000114
0 0.8112962962962963 0.661015625 0.010916666666666528 0.008510416666666742
0 0.8392037037037038 0.6536197916666666 0.008185185185185004 0.0051614583333332575
0 0.8296574074074072 0.6520833333333333 0.011907407407407315 0.0046041666666667425
0 0.8913055555555556 0.6379895833333333 0.01314814814814819 0.0060000000000000496
0 0.862648148148148 0.63003125 0.016370370370370323 0.0060000000000000496
0 0.7602129629629628 0.6010885416666666 0.013166666666666691 0.010953125000000164
0 0.710712962962963 0.5870520833333334 0.010694444444444428 0.0063229166666666
0 0.585111111111111 0.6072604166666666 0.011796296296296305 0.010026041666666607
0 0.5523333333333332 0.5759479166666666 0.008777777777777848 0.011567708333333293
0 0.47609259259259257 0.5688489583333334 0.013166666666666691 0.005401041666666551
0 0.4464722222222222 0.6587864583333333 0.017555555555555536 0.005708333333333293
0 0.45593518518518517 0.6671145833333332 0.01124074074074078 0.006015625000000036
0 0.33475925925925926 0.5764270833333333 0.01596296296296297 0.008979166666666493
0 0.20464814814814813 0.5807499999999999 0.017166666666666684 0.005760416666666579
0 0.18944444444444442 0.5416145833333333 0.011444444444444457 0.007453124999999972
0 0.22452777777777777 0.5159479166666666 0.011749999999999972 0.008640624999999957
0 0.12559259259259256 0.5178958333333333 0.01084259259259256 0.009489583333333407
0 0.09351851851851851 0.5203541666666667 0.009935185185185179 0.007624999999999993
0 0.06580555555555555 0.5298385416666667 0.009935185185185168 0.007624999999999993
0 0.07333333333333333 0.5381406249999999 0.00752777777777778 0.006947916666666743
0 0.06821296296296296 0.5560156249999999 0.011148148148148134 0.0071145833333332575
0 0.06520370370370371 0.5633854166666666 0.01837037037037038 0.006609375000000028
0 0.04592592592592592 0.5594010416666666 0.0129537037037037 0.006098958333333293
0 0.05255555555555555 0.5345 0.00993518518518519 0.006776041666666721
0 0.04141666666666666 0.51340625 0.011148148148148148 0.007624999999999993
0 0.07469444444444445 0.5028177083333333 0.012046296296296295 0.010166666666666657
0 0.08538888888888889 0.49163541666666666 0.008129629629629638 0.012875000000000015
0 0.0402037037037037 0.4875729166666666 0.00752777777777777 0.008468749999999936
0 0.09210185185185185 0.4812291666666667 0.014305555555555542 0.00408333333333335
0 0.07867592592592591 0.48060937499999995 0.01782407407407407 0.007796875000000014
0 0.06085185185185185 0.4828385416666666 0.012546296296296293 0.007552083333333392
0 0.04533333333333334 0.47757812499999996 0.01848148148148147 0.009656249999999922
0 0.07295370370370372 0.4684166666666666 0.01606481481481481 0.006932291666666579
0 0.06569444444444444 0.4559739583333333 0.01518518518518519 0.005072916666666672
0 0.10100925925925924 0.43877083333333333 0.0074814814814815065 0.004578124999999922
0 0.1306111111111111 0.43746875 0.008138888888888907 0.008171875000000028
0 0.07856481481481481 0.4315885416666666 0.010120370370370384 0.008541666666666715
0 0.09891666666666667 0.42347916666666663 0.012546296296296293 0.010395833333333293
0 0.07108333333333332 0.4175989583333333 0.007046296296296302 0.008291666666666763
0 0.10739814814814813 0.3922864583333333 0.00792592592592594 0.004208333333333325
0 0.09550925925925925 0.4034270833333333 0.018046296296296303 0.004953124999999936
0 0.1299537037037037 0.4016927083333333 0.022666666666666696 0.004703124999999986
0 0.15537037037037038 0.4051614583333333 0.014962962962962973 0.00841666666666665
0 0.148 0.4156822916666666 0.009907407407407396 0.004703124999999986
0 0.2070833333333333 0.3835 0.007481481481481467 0.007427083333333329
0 0.2035648148148148 0.3729739583333333 0.00968518518518514 0.005197916666666647
0 0.1763888888888889 0.3700677083333333 0.018703703703703688 0.004578125000000011
0 0.16175 0.3534791666666666 0.014962962962962973 0.00532291666666671
0 0.1775925925925926 0.3599166666666666 0.010564814814814838 0.006312499999999943
0 0.1875 0.35935937500000004 0.011444444444444457 0.003963541666666614
0 0.18970370370370368 0.35032291666666665 0.01760185185185187 0.003963541666666614
0 0.21643518518518515 0.3539114583333333 0.012981481481481438 0.005447916666666686
0 0.22600925925925924 0.34865104166666666 0.011879629629629641 0.0038385416666666394
0 0.17175925925925925 0.3396770833333333 0.01210185185185184 0.008416666666666739
0 0.18408333333333332 0.33565104166666665 0.008583333333333342 0.008786458333333247
0 0.1802407407407407 0.3295885416666666 0.012768518518518531 0.0043333333333333
0 0.2361296296296296 0.355953125 0.015842592592592554 0.003588541666666689
0 0.27068518518518514 0.35620312499999995 0.022888888888888913 0.005572916666666661
0 0.29049074074074077 0.365609375 0.010120370370370325 0.007302083333333353
0 0.34386111111111106 0.3423385416666666 0.014305555555555571 0.011510416666666589
0 0.4256111111111111 0.3892552083333333 0.016722222222222173 0.005817708333333371
0 0.4041574074074074 0.3347864583333333 0.009462962962963041 0.00532291666666671
0 0.45631481481481473 0.330390625 0.012981481481481517 0.006932291666666668
0 0.5095648148148147 0.33212499999999995 0.016509259259259244 0.006187500000000057
0 0.4887685185185185 0.323890625 0.012768518518518433 0.005072916666666672
0 0.5733888888888888 0.3397395833333333 0.016509259259259244 0.005572916666666661
0 0.6672499999999999 0.3524270833333333 0.014962962962963091 0.006187500000000057
0 0.7371203703703704 0.3604739583333333 0.008583333333333422 0.004953125000000025
0 0.7048796296296296 0.35366666666666663 0.018925925925926002 0.005942708333333347
0 0.739648148148148 0.3372604166666666 0.014527777777777829 0.007552083333333304
0 0.7010277777777778 0.32834895833333333 0.00637962962962967 0.009036458333333285
0 0.6457962962962963 0.32296354166666663 0.014740740740740756 0.006187500000000057
0 0.6978425925925925 0.3170833333333333 0.012324074074074076 0.005817708333333371
0 0.7755185185185184 0.32315104166666664 0.017166666666666528 0.006312499999999943
0 0.8420925925925925 0.35056770833333334 0.017388888888888863 0.007427083333333329
0 0.8223981481481482 0.32903125 0.013648148148148052 0.011885416666666603
0 0.7571481481481481 0.3186927083333333 0.009018518518518526 0.005572916666666661
0 0.7446018518518517 0.311578125 0.009018518518518526 0.005692708333333396
0 0.7911481481481482 0.32055208333333335 0.010120370370370325 0.0038385416666666394
0 0.7933518518518519 0.31807291666666665 0.009685185185185219 0.003588541666666689
0 0.8059999999999999 0.30390104166666665 0.009462962962962883 0.008666666666666689
0 0.815462962962963 0.30674999999999997 0.009018518518518526 0.005942708333333347
0 0.8072129629629629 0.29028645833333333 0.010564814814814995 0.006437499999999918
0 0.765287037037037 0.2811875 0.01034259259259266 0.006562499999999982
0 0.722925925925926 0.27208854166666663 0.011000000000000102 0.008911458333333311
0 0.7096111111111111 0.26490625 0.012101851851851819 0.00792187499999999
0 0.6907962962962962 0.274625 0.007925925925925822 0.007552083333333304
0 0.6869444444444444 0.27066145833333327 0.008138888888888907 0.009286458333333325
0 0.6722037037037037 0.263671875 0.009462962962963041 0.00792187499999999
0 0.6644999999999999 0.26831249999999995 0.010787037037037175 0.007552083333333304
0 0.6595462962962962 0.269921875 0.007046296296296203 0.006807291666666692
0 0.6461203703703703 0.2630520833333333 0.007046296296296203 0.007182291666666618
0 0.6501944444444444 0.27573958333333326 0.008583333333333264 0.006312499999999943
0 0.6465648148148148 0.28007291666666667 0.008361111111111087 0.004578125000000011
0 0.6104722222222222 0.28898437499999996 0.011879629629629563 0.007552083333333304
0 0.5990277777777778 0.31374479166666663 0.01364814814814821 0.005817708333333371
0 0.5598518518518518 0.29993749999999997 0.011000000000000102 0.008416666666666739
0 0.5873611111111111 0.28644791666666664 0.014083333333333314 0.002723958333333343
0 0.5894537037037036 0.2710989583333333 0.012981481481481517 0.004953125000000025
0 0.5615092592592592 0.26546354166666664 0.007703703703703645 0.008046874999999964
0 0.554462962962963 0.2646614583333333 0.005500000000000051 0.004703124999999986
0 0.549074074074074 0.2559947916666666 0.010564814814814838 0.0056927083333333075
0 0.5951759259259259 0.24615625 0.013861111111111137 0.006807291666666692
0 0.5381759259259259 0.25116666666666665 0.010787037037037175 0.008666666666666689
0 0.4740277777777777 0.260515625 0.009685185185185219 0.00408333333333335
0 0.4643425925925926 0.2559947916666666 0.016287037037037065 0.006187499999999968
0 0.4475092592592592 0.2656510416666667 0.010342592592592502 0.0044583333333333645
0 0.41713888888888884 0.25488020833333336 0.009462962962963041 0.007677083333333367
0 0.433537037037037 0.2735729166666666 0.009240740740740706 0.00965625000000001
0 0.4606018518518518 0.27351041666666664 0.012324074074074076 0.005572916666666661
0 0.46875 0.28050520833333337 0.006157407407407334 0.00965625000000001
0 0.46115740740740735 0.27908333333333335 0.009462962962963041 0.00532291666666671
0 0.47490740740740733 0.29746354166666666 0.014962962962962933 0.004703124999999986
0 0.5084722222222222 0.30909895833333334 0.019583333333333366 0.004953125000000025
0 0.5247499999999999 0.3124427083333333 0.016509259259259244 0.006932291666666668
0 0.39413888888888887 0.3139270833333333 0.015842592592592554 0.005447916666666686
0 0.3895185185185185 0.30878645833333335 0.0066018518518518475 0.005572916666666661
0 0.37137037037037035 0.30798437500000003 0.010342592592592502 0.004953125000000025
0 0.41713888888888884 0.27771875 0.018703703703703747 0.00532291666666671
0 0.37423148148148144 0.27245833333333336 0.0191481481481481 0.006187500000000057
0 0.3491388888888889 0.28917187499999997 0.02311111111111113 0.005197916666666647
0 0.327574074074074 0.30099479166666665 0.009018518518518526 0.00532291666666671
0 0.29324074074074075 0.3182604166666666 0.007703703703703724 0.005197916666666647
0 0.28267592592592594 0.28743749999999996 0.015620370370370375 0.009161458333333261
0 0.27585185185185185 0.29604166666666665 0.007259259259259289 0.007057291666666643
0 0.25662962962962965 0.31849999999999995 0.009398148148148128 0.0030937500000000283
0 0.24003703703703702 0.316625 0.007305555555555543 0.0047968749999999895
0 0.23266666666666663 0.31193229166666664 0.006694444444444435 0.006369791666666647
0 0.899574074074074 0.34002604166666667 0.0253981481481481 0.009296874999999982
0 0.9167037037037037 0.354421875 0.009675925925925968 0.012244791666666633
0 0.9034074074074073 0.36326562500000004 0.009675925925925968 0.0072552083333333964
0 0.8842592592592592 0.3497760416666667 0.01975000000000004 0.00703125
0 0.9362592592592591 0.5560104166666666 0.013305555555555454 0.007255208333333307
0 0.9098518518518517 0.5582760416666667 0.011287037037037193 0.00544270833333318
0 0.8612777777777776 0.5599791666666667 0.006851851851851936 0.007937499999999886
0 0.8925185185185184 0.5456927083333334 0.012092592592592648 0.010656250000000079
0 0.8644999999999999 0.5473958333333333 0.014916666666666679 0.005895833333333478
0 0.7949629629629628 0.5441041666666667 0.019351851851851936 0.00884374999999995
0 0.7715833333333333 0.534921875 0.006453703703703835 0.010885416666666713
0 0.7951666666666667 0.49127083333333327 0.020555555555555494 0.00884374999999995
0 0.8044351851851851 0.5011354166666666 0.0125 0.008161458333333371
0 0.8241851851851851 0.4892291666666667 0.013305555555555454 0.0056666666666666645
0 0.7268333333333332 0.5182552083333333 0.008870370370370197 0.006578125000000057
0 0.6623333333333333 0.518140625 0.008064814814814901 0.004989583333333237
0 0.6443981481481482 0.48004687500000004 0.009268518518518457 0.0058958333333333
0 0.560712962962963 0.5142552083333334 0.008074074074074152 0.005239583333333364
0 0.40548148148148144 0.5114895833333333 0.010907407407407435 0.012927083333333301
0 0.4845555555555556 0.45726562499999995 0.02259259259259257 0.010953124999999985
0 0.5564166666666666 0.45934375000000005 0.01597222222222222 0.007229166666666664
0 0.44775 0.44849999999999995 0.01597222222222222 0.007885416666666778
0 0.223 0.48038020833333334 0.016750000000000004 0.008546875000000042
0 0.2675925925925926 0.46734374999999995 0.010129629629629653 0.009203124999999979
0 0.290962962962963 0.43853124999999993 0.015583333333333371 0.005479166666666657
0 0.3279722222222222 0.41694791666666664 0.010129629629629653 0.009640624999999936
0 0.42359259259259263 0.4239583333333333 0.009740740740740723 0.008765625000000022
0 0.5640740740740741 0.3974895833333333 0.01186111111111106 0.004765625000000018