0 0.47187962962962965 0.23619270833333333 0.006879629629629689 0.005916666666666704
0 0.6395555555555555 0.24199479166666665 0.004851851851851861 0.0034114583333333393
0 0.6838425925925925 0.2543958333333333 0.003638888888888895 0.0027291666666666714
0 0.5695648148148148 0.2630416666666667 0.011324074074074039 0.004552083333333368
0 0.43965740740740733 0.25628124999999996 0.005546296296296304 0.0033697916666667106
0 0.33499999999999996 0.26934895833333333 0.009648148148148137 0.005526041666666615
0 0.2194259259259259 0.28074999999999994 0.014388888888888908 0.0047708333333333465
0 0.4664814814814815 0.28631770833333337 0.012592592592592666 0.005781249999999983
0 0.7724999999999999 0.30445312499999994 0.004879629629629613 0.003614583333333332
0 0.3319722222222222 0.3073489583333333 0.0025740740740740225 0.002213541666666696
0 0.11912962962962961 0.3393541666666666 0.0030092592592592463 0.0016927083333333037
0 0.21591666666666665 0.3695104166666667 0.005287037037037044 0.0023802083333333
0 0.8147685185185185 0.4207656249999999 0.007972222222222235 0.005854166666666672
0 0.8630185185185184 0.452453125 0.00840740740740734 0.006973958333333386
0 0.03779629629629629 0.42310937499999995 0.0033055555555555494 0.002406249999999943
0 0.14875 0.4383020833333333 0.004083333333333369 0.0026249999999999217
0 0.055574074074074074 0.45518749999999997 0.010879629629629644 0.007322916666666579
0 0.27698148148148144 0.50315625 0.013490740740740787 0.0064635416666666504
0 0.7733148148148148 0.5250468749999999 0.005694444444444634 0.0036302083333334067
0 0.44583333333333336 0.5650104166666666 0.01071296296296301 0.005125000000000135
0 0.5918518518518519 0.588671875 0.011787037037037054 0.004822916666666721
0 0.13540740740740742 0.6095104166666666 0.006268518518518501 0.005708333333333293
0 0.22199999999999998 0.6373906249999999 0.004481481481481432 0.0033593749999999644
0 0.7170833333333333 0.6437395833333334 0.006120370370370173 0.006020833333333364
0 0.829074074074074 0.6527708333333333 0.009935185185185307 0.006880208333333293
0 0.876861111111111 0.6581458333333334 0.006120370370370173 0.006447916666666664
0 0.6284166666666667 0.7096354166666666 0.00852777777777776 0.0026614583333333997
0 0.5573888888888889 0.73640625 0.0132592592592592 0.005062499999999836
0 0.8133425925925925 0.7426666666666667 0.004259259259259175 0.0031979166666666003
0 0.7335462962962963 0.7623802083333333 0.005685185185185383 0.004260416666666522
0 0.6471296296296296 0.78515625 0.009000000000000025 0.005593749999999886
0 0.53925 0.7984010416666667 0.004972222222222121 0.0030208333333334282
0 0.41210185185185183 0.7799479166666666 0.010879629629629682 0.00841666666666665
0 0.4199074074074074 0.8081927083333333 0.005046296296296286 0.003645833333333215
0 0.3893703703703703 0.8038333333333332 0.0037870370370370666 0.0028385416666665718
0 0.19724999999999998 0.7663958333333334 0.00612037037037041 0.00213020833333335
0 0.19569444444444442 0.7466197916666666 0.005462962962962968 0.0020260416666666005
0 0.20128703703703701 0.7046875 0.00472222222222227 0.00216666666666665
0 0.18408333333333332 0.6741875 0.006805555555555603 0.0057864583333333995
0 0.10702777777777778 0.6739166666666667 0.010601851851851841 0.0057864583333333995
0 0.1222962962962963 0.6843229166666667 0.012342592592592579 0.003807291666666579