0 0.38486111111111104 0.26425 0.009777777777777727 0.012598958333333332
0 0.4276203703703704 0.260125 0.020361111111111066 0.007557291666666632
0 0.2478888888888889 0.26603125 0.014861111111111096 0.008666666666666689
0 0.2967314814814815 0.2624739583333333 0.016787037037037007 0.004333333333333389
0 0.22904629629629628 0.29427604166666665 0.01237962962962966 0.01160937500000001
0 0.22437037037037036 0.26618749999999997 0.014027777777777731 0.006192708333333297
0 0.18007407407407403 0.29033333333333333 0.010175925925925929 0.0058802083333333146
0 0.17566666666666667 0.29652083333333334 0.013481481481481476 0.003713541666666753
0 0.1974074074074074 0.3116875 0.009083333333333362 0.008666666666666689
0 0.17725925925925926 0.3106354166666666 0.02089814814814815 0.005401041666666639
0 0.16169444444444442 0.3190416666666666 0.016648148148148165 0.004484374999999918
0 0.16656481481481478 0.32621354166666666 0.007972222222222235 0.008666666666666689
0 0.14413888888888887 0.320890625 0.01275925925925922 0.005843750000000014
0 0.12337037037037037 0.31821875 0.014768518518518507 0.007109375000000018
0 0.1360648148148148 0.3262760416666667 0.01288888888888889 0.008729166666666632
0 0.10090740740740742 0.325890625 0.016138888888888894 0.007109375000000018
0 0.10460185185185185 0.34020833333333333 0.01275925925925926 0.011541666666666738
0 0.16402777777777777 0.3405260416666666 0.010259259259259244 0.009078125000000003
0 0.2137037037037037 0.36121875 0.009509259259259216 0.010104166666666714
0 0.10117592592592592 0.3624791666666667 0.012148148148148153 0.007281250000000039
0 0.06194444444444445 0.3700572916666666 0.02139814814814815 0.005203124999999975
0 0.04187037037037037 0.386625 0.01136111111111111 0.008619791666666644
0 0.07105555555555555 0.39316666666666666 0.021657407407407427 0.008916666666666639
0 0.04226851851851851 0.43254166666666666 0.01637962962962963 0.009213541666666636
0 0.017962962962962962 0.4268229166666666 0.02112962962962963 0.007578125000000035
0 0.13207407407407407 0.42874999999999996 0.01426851851851853 0.012927083333333301
0 0.053231481481481484 0.46998437499999995 0.011888888888888892 0.010104166666666714
0 0.0427962962962963 0.4729583333333333 0.010564814814814813 0.008619791666666644
0 0.018490740740740738 0.48365624999999995 0.011620370370370371 0.010994791666666615
0 0.05547222222222222 0.4859583333333333 0.01743518518518518 0.005796875000000057
0 0.013175925925925923 0.534109375 0.01955555555555555 0.007333333333333236
0 0.04889814814814814 0.5472604166666667 0.013324074074074075 0.005578125000000078
0 0.07369444444444445 0.5867239583333334 0.009638888888888886 0.009567708333333336
0 0.03300925925925926 0.6129635416666667 0.015120370370370366 0.0050156250000000565
0 0.06188888888888889 0.6075468749999999 0.008527777777777778 0.006541666666666579
0 0.047935185185185185 0.60765625 0.006462962962962966 0.00806770833333328
0 0.04186111111111111 0.6079479166666666 0.008527777777777773 0.008505208333333236
0 0.12785185185185186 0.6223177083333333 0.009416666666666669 0.008828124999999964
0 0.09889814814814814 0.6499843750000001 0.012907407407407392 0.010005208333333293
0 0.17005555555555554 0.6347760416666667 0.014999999999999977 0.008635416666666628
0 0.19063888888888889 0.6509635416666666 0.021972222222222212 0.010401041666666621
0 0.15819444444444444 0.6714687500000001 0.010814814814814808 0.010203125000000136
0 0.12296296296296295 0.6654843749999999 0.009416666666666669 0.006869791666666636
0 0.21819444444444444 0.6751979166666666 0.012212962962962988 0.011380208333333286
0 0.25778703703703704 0.6543020833333333 0.01186111111111106 0.011182291666666622
0 0.2781944444444444 0.6902083333333333 0.018490740740740738 0.0072604166666666355
0 0.21262037037037035 0.7007083333333333 0.016398148148148155 0.007848958333333479
0 0.21296296296296294 0.6931510416666666 0.012907407407407432 0.00372916666666665
0 0.29337037037037034 0.7147395833333332 0.012555555555555506 0.008828124999999964
0 0.17260185185185184 0.708046875 0.0118611111111111 0.008562500000000028
0 0.24387962962962959 0.7396822916666667 0.008898148148148186 0.011119791666666679
0 0.22212962962962962 0.715609375 0.012851851851851847 0.010786458333333294
0 0.2402222222222222 0.726171875 0.0158148148148148 0.008338541666666721
0 0.32414814814814813 0.7312864583333333 0.012453703703703746 0.009677083333333236
0 0.31127777777777776 0.768015625 0.01890740740740734 0.008468750000000113
0 0.37587037037037035 0.7668385416666667 0.011555555555555624 0.005713541666666622
0 0.37376851851851856 0.7221302083333333 0.01645370370370374 0.004531249999999964
0 0.38480555555555546 0.7131666666666666 0.01890740740740742 0.005906250000000135
0 0.46953703703703703 0.717796875 0.013305555555555454 0.0049218749999999645
0 0.4248888888888888 0.7623072916666667 0.02205555555555555 0.00649999999999995
0 0.4399537037037037 0.7710729166666667 0.01085185185185193 0.007484374999999943
0 0.4448518518518518 0.7771770833333334 0.017157407407407434 0.00827083333333345
0 0.44940740740740737 0.757578125 0.01645370370370374 0.005317708333333293
0 0.4690092592592592 0.7733333333333332 0.01085185185185193 0.0029531249999999788
0 0.46761111111111103 0.7546250000000001 0.01645370370370374 0.009255208333333265
0 0.4725092592592593 0.7452708333333333 0.018555555555555575 0.006302083333333286
0 0.48581481481481475 0.7689062499999999 0.01925925925925927 0.004729166666666629
0 0.4924722222222222 0.7325677083333333 0.01786111111111113 0.0072864583333332785
0 0.5157962962962962 0.7669791666666665 0.015083333333333353 0.005317708333333293
0 0.5247037037037037 0.7696354166666667 0.008175925925925911 0.009203124999999979
0 0.5393333333333333 0.7617135416666667 0.010907407407407435 0.010942708333333506
0 0.5604259259259259 0.750515625 0.00945370370370379 0.009203124999999979
0 0.5694166666666667 0.7623802083333333 0.02744444444444459 0.006338541666666764
0 0.5905092592592592 0.7699947916666667 0.009999999999999905 0.013395833333333228
0 0.6094999999999999 0.7584427083333333 0.009814814814814731 0.009713541666666714
0 0.5413333333333333 0.7282760416666666 0.020361111111111066 0.005416666666666714
0 0.5674166666666666 0.7103854166666667 0.01908333333333319 0.008078125000000113
0 0.6089537037037036 0.7017447916666666 0.01236111111111108 0.004703125000000164
0 0.6673981481481481 0.7315468749999999 0.014722222222222255 0.004395833333333421
0 0.6853055555555555 0.7434114583333333 0.015268518518518527 0.00501041666666655
0 0.7272962962962962 0.73359375 0.015268518518518527 0.0072604166666666355
0 0.7180277777777778 0.7196354166666666 0.01490740740740735 0.006953124999999893
0 0.7192962962962963 0.71140625 0.010907407407407277 0.008895833333333237
0 0.7012129629629629 0.7006718749999999 0.0161759259259259 0.005416666666666714
0 0.7059351851851852 0.7039427083333333 0.014722222222222333 0.0068489583333333215
0 0.708574074074074 0.689984375 0.016361111111111153 0.009817708333333286
0 0.6886666666666666 0.6904947916666666 0.013629629629629707 0.0036822916666666926
0 0.7133888888888889 0.6958645833333332 0.01545370370370378 0.004395833333333421
0 0.4608611111111111 0.6375833333333334 0.01571296296296304 0.005526041666666792
0 0.4957499999999999 0.6537031249999999 0.021611111111111036 0.005401041666666551
0 0.4742962962962963 0.5660208333333333 0.013805555555555632 0.013703124999999972
0 0.45785185185185184 0.5116562499999999 0.01989814814814821 0.010505208333333372
0 0.41460185185185183 0.49532291666666667 0.010555555555555587 0.00845312499999995
0 0.645462962962963 0.5260468749999999 0.012592592592592508 0.010505208333333372
0 0.6517499999999999 0.5933177083333334 0.00893518518518527 0.006624999999999837
0 0.7165185185185184 0.6296354166666667 0.015027777777777768 0.006624999999999837
0 0.7595648148148147 0.608046875 0.012592592592592508 0.008682291666666763
0 0.7313425925925925 0.6523645833333334 0.010555555555555745 0.008223958333333314
0 0.7780462962962962 0.6690364583333333 0.016240740740740812 0.005937500000000107
0 0.7955 0.7044427083333333 0.022740740740740586 0.007307291666666771
0 0.8024074074074075 0.6820572916666666 0.01137037037037045 0.012333333333333307
0 0.8391296296296296 0.6784427083333332 0.01121296296296287 0.011536458333333322
0 0.8327037037037036 0.6863645833333333 0.010388888888888914 0.008921875000000056
0 0.8321574074074074 0.6612916666666667 0.01913888888888885 0.005229166666666707
0 0.8281944444444443 0.6655989583333334 0.00792592592592598 0.006151041666666579
0 0.8080925925925925 0.6610625 0.010388888888888914 0.011229166666666578
0 0.8055000000000001 0.6513697916666666 0.009574074074073893 0.009078124999999914
0 0.8221759259259259 0.6296041666666665 0.0117592592592593 0.008614583333333314
0 0.8459722222222221 0.6239114583333334 0.017231481481481285 0.007692708333333265
0 0.8376296296296295 0.6116822916666667 0.014222222222222235 0.007229166666666664
0 0.1751111111111111 0.5974375 0.012722222222222218 0.01157812499999995
0 0.1925185185185185 0.5513385416666666 0.014592592592592584 0.009890624999999886
0 0.22459259259259257 0.480765625 0.011583333333333298 0.0050156250000000565
0 0.27405555555555555 0.44843229166666665 0.011583333333333298 0.011531249999999993
0 0.2691574074074074 0.362328125 0.016935185185185178 0.007770833333333371
0 0.413462962962963 0.34487499999999993 0.011629629629629632 0.013229166666666714
0 0.4364259259259259 0.23032291666666665 0.015768518518518546 0.012598958333333332
0 0.4551666666666666 0.2363489583333333 0.010185185185185238 0.006979166666666625
0 0.5608240740740741 0.25192187499999996 0.017722222222222368 0.009468750000000003
0 0.5776574074074073 0.24357291666666664 0.01506481481481485 0.004984374999999997
0 0.6217314814814815 0.2595208333333333 0.019046296296296186 0.0059791666666666465
0 0.6437777777777778 0.2737239583333333 0.017055555555555674 0.004984374999999997
0 0.6717962962962962 0.284625 0.010185185185185238 0.00809895833333334
0 0.6133055555555555 0.34324999999999994 0.01682407407407409 0.008687500000000004
0 0.7173333333333334 0.3160208333333333 0.009953703703703808 0.007531249999999989
0 0.729175925925926 0.3225885416666666 0.011675925925925729 0.007145833333333318
0 0.8000648148148147 0.311578125 0.008583333333333422 0.007145833333333318
0 0.797148148148148 0.31563541666666667 0.0061759259259259935 0.004828124999999961
0 0.8649907407407407 0.3628125 0.009499999999999887 0.0056197916666666185
0 0.8205277777777777 0.35116145833333334 0.019490740740740697 0.006713541666666689
0 0.8311296296296296 0.3619895833333333 0.007064814814815021 0.008359374999999947
0 0.7345277777777777 0.38740625 0.013638888888888801 0.007947916666666633
0 0.857435185185185 0.39590625 0.011935185185185384 0.012333333333333352
0 0.5503518518518519 0.39736458333333335 0.016749999999999925 0.007307291666666637
0 0.629324074074074 0.4528281249999999 0.015879629629629712 0.010067708333333236
0 0.8549166666666667 0.465140625 0.007759259259259466 0.010604166666666614
0 0.9317037037037036 0.47098958333333324 0.009981481481481562 0.00639062500000005
0 0.8935833333333333 0.4841666666666667 0.0113611111111112 0.00997916666666665
0 0.9060648148148147 0.5001458333333333 0.0113611111111112 0.01044791666666658
0 0.9325370370370369 0.518078125 0.00942592592592588 0.01107291666666672
0 0.8364814814814815 0.5089583333333334 0.015250000000000026 0.007796875000000014
0 0.8564444444444445 0.5182343749999999 0.006925925925925943 0.010135416666666685
0 0.9152129629629628 0.52759375 0.00803703703703699 0.0067031249999999435
0 0.8080648148148147 0.572421875 0.00942592592592588 0.005302083333333307
0 0.829 0.5746822916666667 0.009148148148148355 0.008578124999999836
0 0.8290092592592593 0.56090625 0.013481481481481537 0.011708333333333343
0 0.9326481481481481 0.5617812499999999 0.012564814814814756 0.010359374999999994
0 0.8993425925925925 0.5583489583333333 0.01686111111111125 0.00639062500000005
0 0.8974537037037037 0.59096875 0.01238888888888899 0.005421874999999865
0 0.8996851851851851 0.5951822916666666 0.011009259259259352 0.005713541666666622