0 0.326212962962963 0.2061927083333333 0.01975925925925929 0.009848958333333347
0 0.20151851851851849 0.24409375 0.024212962962962967 0.013630208333333282
0 0.13931481481481484 0.26323958333333336 0.023379629629629643 0.010432291666666682
0 0.09923148148148148 0.30571875 0.008907407407407399 0.010062499999999997
0 0.3789629629629629 0.3168020833333333 0.017259259259259193 0.011088541666666618
0 0.6097777777777778 0.20446874999999998 0.01989814814814821 0.006401041666666618
0 0.5138888888888888 0.23489062499999996 0.013222222222222198 0.013234374999999955
0 0.6348333333333334 0.24350520833333328 0.024629629629629494 0.010255208333333331
0 0.6651018518518518 0.25028125 0.03507407407407423 0.008781250000000008
0 0.6548703703703703 0.2647239583333333 0.017953703703703798 0.01008333333333331
0 0.8762962962962962 0.29744270833333336 0.02407407407407397 0.00760416666666659
0 0.8989722222222222 0.32809895833333336 0.022407407407407556 0.010203124999999957
0 0.7811666666666666 0.31490625 0.011694444444444545 0.009651041666666683
0 0.38939814814814816 0.3643125 0.031175925925925836 0.011390624999999942
0 0.221 0.3613385416666667 0.016148148148148148 0.011703125000000014
0 0.06979629629629629 0.33534375 0.017675925925925935 0.012942708333333285
0 0.046481481481481485 0.3386302083333333 0.01001851851851851 0.010125000000000028
0 0.41348148148148145 0.40789062499999995 0.019203703703703764 0.013401041666666735
0 0.02769444444444444 0.4035833333333333 0.021990740740740734 0.007739583333333267
0 0.04210185185185185 0.41321874999999997 0.013222222222222217 0.009781249999999986
0 0.06763888888888889 0.43153645833333326 0.01224999999999999 0.00994270833333335
0 0.06624999999999999 0.44524479166666664 0.015027777777777768 0.009640624999999936
0 0.024768518518518516 0.4276249999999999 0.018925925925925922 0.013546874999999936
0 0.15663888888888888 0.45832291666666664 0.03325925925925929 0.012312499999999994
0 0.08628703703703704 0.500765625 0.013916666666666671 0.015781250000000035
0 0.01336111111111111 0.4592604166666666 0.018370370370370374 0.007927083333333407
0 0.33394444444444443 0.46908854166666664 0.018231481481481557 0.015479166666666622
0 0.07599074074074073 0.5374010416666666 0.014194444444444463 0.013119791666666636
0 0.01948148148148148 0.5561562499999999 0.012527777777777777 0.010703125000000036
0 0.15830555555555553 0.5817239583333333 0.014611111111111085 0.007822916666666657
0 0.04759259259259259 0.615828125 0.01308333333333333 0.007921875000000078
0 0.09484259259259259 0.6383802083333333 0.03020370370370371 0.009187499999999993
0 0.1305462962962963 0.6617135416666666 0.017537037037037035 0.00888541666666658
0 0.12936111111111112 0.6717395833333333 0.010990740740740731 0.007015624999999836
0 0.11085185185185185 0.6691927083333333 0.012111111111111109 0.008968749999999836
0 0.061305555555555544 0.6685677083333333 0.010990740740740752 0.010848958333333237
0 0.04669444444444444 0.6781979166666667 0.01823148148148148 0.006624999999999837
0 0.13597222222222222 0.7079166666666666 0.020037037037037013 0.0073489583333334
0 0.07577777777777778 0.6911979166666666 0.017953703703703697 0.007572916666666707
0 0.07835185185185185 0.7252291666666666 0.016148148148148148 0.00909895833333323
0 0.18892592592592589 0.7320052083333334 0.014611111111111085 0.009338541666666523
0 0.19525925925925922 0.752875 0.017259259259259273 0.012718749999999978
0 0.3326851851851852 0.7775 0.019620370370370448 0.00795312500000005
0 0.41459259259259257 0.7356822916666667 0.0183703703703704 0.011999999999999922
0 0.28544444444444445 0.8135989583333332 0.023935185185185205 0.009697916666666728
0 0.3669259259259258 0.8217135416666667 0.023240740740740763 0.009489583333333228
0 0.44478703703703704 0.8206197916666665 0.016425925925925986 0.007296875000000114
0 0.5012962962962962 0.8246874999999999 0.014750000000000006 0.006484374999999787
0 0.5470833333333333 0.7965 0.012805555555555435 0.009161458333333438
0 0.6050462962962962 0.7462656249999999 0.02157407407407403 0.008114583333333236
0 0.6581388888888888 0.7719114583333333 0.015583333333333213 0.005572916666666572
0 0.7303055555555554 0.7640781249999999 0.017398148148148114 0.008713541666666736
0 0.6709444444444445 0.7927395833333333 0.017814814814814877 0.014171875000000079
0 0.6608518518518518 0.801390625 0.03660185185185188 0.006890625000000039
0 0.6957129629629629 0.7982239583333333 0.018370370370370242 0.009473958333333421
0 0.8257685185185184 0.7617552083333333 0.014333333333333245 0.007781250000000029
0 0.83475 0.7468802083333334 0.02449074074074089 0.015604166666666686
0 0.7146481481481481 0.6468906249999999 0.02087962962962959 0.006640625
0 0.8344722222222222 0.7024114583333334 0.015027777777777689 0.012276041666666692
0 0.8916018518518517 0.6993177083333333 0.019064814814814843 0.012078125000000028
0 0.8705833333333333 0.6876510416666666 0.013777777777777878 0.015359374999999887
0 0.9023888888888889 0.6376145833333333 0.015027777777777689 0.013916666666666622
0 0.9225648148148148 0.6501406249999999 0.013638888888888801 0.01392708333333328
0 0.9398888888888889 0.6179218750000001 0.019064814814814843 0.011322916666666493
0 0.9277129629629629 0.6069166666666665 0.017814814814814717 0.012020833333333236
0 0.9536666666666667 0.5676302083333333 0.02157407407407403 0.011734375000000163
0 0.845537037037037 0.5386197916666667 0.024907407407407493 0.013989583333333399
0 0.7580648148148147 0.5789479166666667 0.02031481481481497 0.014796874999999866
0 0.7274444444444444 0.5761666666666667 0.014750000000000164 0.017848958333333265
0 0.6763055555555555 0.5495052083333333 0.015166666666666767 0.012276041666666692
0 0.9343981481481481 0.4967083333333333 0.015027777777777689 0.017057291666666606
0 0.9547129629629628 0.4566927083333333 0.01670370370370367 0.016875000000000105