0 0.43203703703703705 0.22224479166666664 0.017009259259259262 0.005583333333333318
0 0.40375925925925926 0.22303645833333335 0.019277777777777772 0.007671875000000039
0 0.3917222222222222 0.22993229166666668 0.010222222222222242 0.007729166666666653
0 0.4051203703703703 0.23250520833333335 0.016018518518518477 0.006255208333333329
0 0.39402777777777775 0.23576562499999998 0.009777777777777727 0.004624999999999968
0 0.4396851851851852 0.24060416666666665 0.009685185185185219 0.00717708333333329
0 0.4470648148148148 0.2309270833333333 0.01810185185185181 0.008187500000000014
0 0.48706481481481473 0.21852604166666664 0.014120370370370318 0.007312500000000011
0 0.49805555555555553 0.224078125 0.012398148148148241 0.007213541666666679
0 0.5051574074074074 0.22023437499999998 0.014842592592592515 0.005125000000000046
0 0.5490092592592593 0.21829687499999997 0.021990740740740793 0.005328125000000039
0 0.5312222222222223 0.22983333333333328 0.012666666666666673 0.007526041666666661
0 0.4833518518518518 0.24485416666666665 0.016111111111111142 0.006213541666666611
0 0.45385185185185184 0.25170312499999997 0.008148148148148158 0.009015624999999972
0 0.4086481481481481 0.25425 0.010768518518518514 0.007994791666666678
0 0.38362037037037033 0.25364062499999995 0.012490740740740748 0.0067760416666666325
0 0.3596388888888889 0.23752083333333332 0.01339814814814816 0.0055937499999999755
0 0.35385185185185186 0.23938020833333332 0.012666666666666593 0.006765624999999975
0 0.3452962962962963 0.23347395833333331 0.010768518518518514 0.009208333333333308
0 0.3436666666666667 0.2445 0.0076944444444443936 0.006312500000000032
0 0.333037037037037 0.24159375 0.010861111111111101 0.00763541666666665
0 0.31647222222222227 0.2591875 0.01212962962962965 0.008713541666666647
0 0.3320833333333333 0.2634375 0.013481481481481457 0.0034687499999999536
0 0.32905555555555555 0.2734947916666667 0.013759259259259297 0.003729166666666739
0 0.2548888888888889 0.26209375 0.012944444444444436 0.009427083333333286
0 0.2512685185185185 0.272734375 0.016564814814814827 0.0052604166666665895
0 0.22262962962962962 0.28105729166666665 0.021722222222222202 0.006130208333333354
0 0.21923148148148147 0.2866614583333333 0.014027777777777731 0.0051145833333333
0 0.23714814814814816 0.29292187499999994 0.018916666666666672 0.005781249999999983
0 0.2965185185185185 0.2841927083333333 0.023259259259259264 0.008828125000000053
0 0.33891666666666664 0.2776979166666666 0.011768518518518551 0.007552083333333304
0 0.3540277777777777 0.281515625 0.01592592592592593 0.010098958333333385
0 0.27385185185185185 0.252390625 0.013398148148148199 0.010901041666666611
0 0.3873333333333333 0.2747708333333333 0.014481481481481416 0.00933333333333337
0 0.3270185185185185 0.24760416666666663 0.007509259259259298 0.007432291666666657
0 0.402037037037037 0.2683020833333333 0.014935185185185182 0.00759895833333335
0 0.47059259259259256 0.2701614583333333 0.014481481481481574 0.00877083333333335
0 0.3941666666666666 0.281921875 0.014388888888888908 0.005380208333333325
0 0.3567407407407407 0.29855208333333333 0.010500000000000042 0.009041666666666615
0 0.32642592592592595 0.29804166666666665 0.010314814814814829 0.012098958333333344
0 0.25493518518518515 0.30747916666666664 0.01683333333333326 0.007052083333333315
0 0.23063888888888887 0.310359375 0.018731481481481498 0.006187500000000057
0 0.24615740740740744 0.32028645833333336 0.01810185185185181 0.00873958333333329
0 0.2356574074074074 0.3271614583333333 0.015203703703703692 0.0072135416666665895
0 0.29194444444444445 0.32775 0.01556481481481479 0.008895833333333325
0 0.3560185185185185 0.31144791666666666 0.022805555555555537 0.011484374999999946
0 0.41249074074074077 0.30055729166666667 0.010500000000000082 0.011526041666666754
0 0.27208333333333334 0.34184375 0.021083333333333343 0.009088541666666661
0 0.18637962962962962 0.31953645833333333 0.014388888888888908 0.00723958333333341
0 0.16524999999999998 0.3215989583333333 0.021537037037037028 0.008817708333333396
0 0.17918518518518517 0.3382760416666667 0.013574074074074103 0.010104166666666714
0 0.1905462962962963 0.3276614583333333 0.0190925925925926 0.00770312500000001
0 0.18637962962962962 0.34995833333333326 0.02180555555555556 0.008010416666666752
0 0.21791666666666665 0.372515625 0.017555555555555536 0.009348958333333357
0 0.25946296296296295 0.362890625 0.009407407407407378 0.007406250000000014
0 0.22800925925925924 0.38310416666666663 0.014388888888888908 0.00813020833333331
0 0.17303703703703702 0.3689010416666666 0.015750000000000004 0.007203124999999933
0 0.1861574074074074 0.38796875 0.014120370370370396 0.010218749999999943
0 0.33954629629629623 0.34623958333333327 0.013212962962962945 0.011776041666666615
0 0.3072407407407407 0.3779375 0.010861111111111101 0.009499999999999975
0 0.39181481481481484 0.32444270833333333 0.016379629629629733 0.0073854166666667
0 0.4120833333333333 0.33620833333333333 0.012037037037036985 0.009312500000000057
0 0.4589166666666666 0.306265625 0.015203703703703613 0.0061510416666666675
0 0.4848888888888888 0.29628645833333334 0.019370370370370437 0.008588541666666671
0 0.5069259259259259 0.267109375 0.02144444444444452 0.012338541666666725
0 0.512898148148148 0.2553489583333333 0.020361111111111066 0.010192708333333389
0 0.5429907407407406 0.296875 0.02262037037037048 0.008234374999999971
0 0.25905555555555554 0.4023020833333333 0.012212962962962988 0.006817708333333306
0 0.2733981481481481 0.39965104166666665 0.013398148148148199 0.010697916666666618
0 0.1450648148148148 0.37090104166666665 0.02026851851851852 0.006119791666666696
0 0.14913888888888888 0.3740572916666667 0.013935185185185182 0.0038593750000000425
0 0.14362037037037037 0.3781041666666667 0.012305555555555575 0.0033958333333333536
0 0.1498611111111111 0.3815677083333333 0.008870370370370355 0.004619791666666639
0 0.15112962962962964 0.3852083333333333 0.00995370370370369 0.004973958333333339
0 0.14819444444444446 0.38930729166666667 0.011314814814814826 0.005427083333333371
0 0.16258333333333333 0.40473958333333326 0.013305555555555572 0.008124999999999893
0 0.17810185185185184 0.40690104166666663 0.017555555555555536 0.005833333333333357
0 0.16824074074074072 0.41694791666666664 0.015203703703703731 0.009713541666666714
0 0.15438888888888888 0.42898958333333326 0.010675925925925887 0.009796874999999972
0 0.1313611111111111 0.4224479166666667 0.012398148148148122 0.009437499999999942
0 0.16402777777777777 0.435890625 0.011314814814814826 0.00781770833333333
0 0.1809074074074074 0.44016666666666665 0.015203703703703712 0.006187500000000057
0 0.2103148148148148 0.4404947916666666 0.011037037037037026 0.009953125000000007
0 0.1558425925925926 0.4494583333333333 0.010314814814814789 0.007973958333333364
0 0.14335185185185184 0.44103125 0.014296296296296281 0.00486458333333335
0 0.14167592592592593 0.44439583333333327 0.015472222222222203 0.005479166666666657
0 0.1361574074074074 0.44938020833333325 0.009861111111111103 0.006942708333333237
0 0.2060185185185185 0.4507291666666666 0.00968518518518514 0.006791666666666707
0 0.21493518518518517 0.453125 0.010861111111111101 0.007161458333333393
0 0.23538888888888884 0.461703125 0.01339814814814812 0.010807291666666607
0 0.2523518518518518 0.44709374999999996 0.011129629629629613 0.007822916666666657
0 0.24470370370370367 0.43976041666666665 0.010675925925925927 0.009447916666666778
0 0.24543518518518515 0.4286614583333333 0.01212962962962965 0.007609375000000007
0 0.24352777777777773 0.41536979166666665 0.010138888888888904 0.008515624999999893
0 0.2527129629629629 0.41811979166666663 0.0076944444444443936 0.007906250000000092
0 0.25412037037037033 0.4103020833333333 0.007787037037036981 0.008057291666666622
0 0.27335185185185185 0.44006249999999997 0.012583333333333337 0.010307291666666708
0 0.3118611111111111 0.43960416666666663 0.010675925925925927 0.010208333333333286
0 0.3946666666666666 0.4051875 0.01339814814814812 0.006473958333333307
0 0.4284166666666666 0.38333854166666664 0.012851851851851847 0.0076927083333333535
0 0.4640277777777777 0.4179895833333333 0.01674074074074083 0.008135416666666551
0 0.4686944444444444 0.3845364583333333 0.015203703703703613 0.007427083333333329
0 0.4553888888888889 0.3362135416666666 0.01212962962962965 0.007500000000000018
0 0.12674074074074074 0.465375 0.01275925925925922 0.010786458333333294
0 0.13927777777777775 0.47647395833333334 0.01375925925925926 0.010588541666666628
0 0.19520370370370368 0.48406249999999995 0.014842592592592593 0.00845312499999995
0 0.13366666666666668 0.500203125 0.01122222222222224 0.011213541666666594
0 0.16824074074074072 0.5070520833333333 0.01375925925925926 0.010145833333333344
0 0.19095370370370368 0.5020364583333332 0.011768518518518473 0.00877083333333335
0 0.20706481481481478 0.5022864583333333 0.017555555555555536 0.010072916666666565
0 0.22850925925925922 0.507203125 0.012666666666666673 0.007395833333333357
0 0.3160648148148148 0.4985989583333333 0.022175925925925967 0.011567708333333293
0 0.3561111111111111 0.4934322916666666 0.01086111111111114 0.008864583333333264
0 0.3476481481481481 0.44406249999999997 0.014749999999999928 0.007359375000000057
0 0.430324074074074 0.4586510416666666 0.01086111111111118 0.007520833333333421
0 0.5005462962962963 0.4792239583333333 0.011583333333333378 0.012015624999999908
0 0.518824074074074 0.48490104166666664 0.011222222222222121 0.007588541666666693
0 0.4833981481481482 0.5209010416666666 0.010592592592592591 0.0093385416666667
0 0.5273796296296297 0.543203125 0.012212962962963066 0.013223958333333207
0 0.45235185185185184 0.530578125 0.012398148148148084 0.010364583333333321
0 0.33873148148148147 0.5340885416666666 0.009407407407407378 0.008229166666666643
0 0.24728703703703703 0.5353645833333334 0.018555555555555495 0.007718750000000085
0 0.27049999999999996 0.55371875 0.01556481481481479 0.00930729166666655
0 0.2221759259259259 0.54396875 0.014481481481481494 0.011697916666666686
0 0.15484259259259256 0.5366614583333333 0.011583333333333338 0.0067552083333332295
0 0.14339814814814816 0.548140625 0.013481481481481497 0.006802083333333364
0 0.17850925925925923 0.5589322916666667 0.01402777777777775 0.012104166666666494
0 0.16656481481481478 0.56153125 0.009138888888888906 0.006093749999999965
0 0.1550277777777778 0.58028125 0.014120370370370358 0.005416666666666714
0 0.14162962962962963 0.5780937500000001 0.012666666666666673 0.0061302083333332645
0 0.2304074074074074 0.5891666666666666 0.010675925925925927 0.008427083333333307
0 0.20750925925925925 0.5979531249999999 0.0112222222222222 0.00919791666666665
0 0.1865185185185185 0.5953020833333333 0.01556481481481479 0.005937500000000107
0 0.17049999999999998 0.60434375 0.011037037037037066 0.008234374999999971
0 0.2504074074074074 0.5850677083333332 0.01302777777777785 0.0068489583333333215
0 0.21294444444444444 0.5866979166666667 0.014120370370370396 0.00603645833333335
0 0.24153703703703705 0.6027135416666667 0.011944444444444396 0.011083333333333379
0 0.2547037037037037 0.6115729166666666 0.02090740740740742 0.005817708333333371
0 0.22778703703703704 0.6136614583333333 0.014842592592592593 0.005489583333333314
0 0.3409074074074074 0.5845468749999999 0.023166666666666676 0.005807291666666714
0 0.41512037037037036 0.5744374999999999 0.01954629629629636 0.0077916666666666854
0 0.4114074074074074 0.5841145833333333 0.014296296296296399 0.00880729166666665
0 0.33855555555555555 0.561890625 0.011944444444444396 0.010380208333333307
0 0.43543518518518515 0.613265625 0.016018518518518477 0.00802604166666665
0 0.30949999999999994 0.6107708333333333 0.015388888888888867 0.008369791666666692
0 0.31407407407407406 0.6213385416666666 0.010768518518518514 0.009651041666666771
0 0.3399537037037037 0.62915625 0.016925925925925928 0.007463541666666629
0 0.3753888888888888 0.6362552083333333 0.013935185185185143 0.008369791666666692
0 0.3645740740740741 0.6434375 0.014203703703703734 0.013124999999999965
0 0.4264259259259259 0.6457552083333333 0.008509259259259256 0.012161458333333286
0 0.2531203703703704 0.6503645833333334 0.018462962962962987 0.006609375000000028
0 0.24628703703703703 0.6385260416666666 0.017824074074074048 0.011953124999999964
0 0.22724074074074072 0.6327708333333334 0.010138888888888904 0.009604166666666636
0 0.21932407407407406 0.6280364583333332 0.007870370370370397 0.009296874999999894
0 0.21421296296296294 0.6350833333333332 0.012305555555555575 0.005619791666666707
0 0.1891388888888889 0.6330520833333333 0.015388888888888867 0.008635416666666628
0 0.16339814814814815 0.6209583333333333 0.015472222222222203 0.008375000000000021
0 0.20543518518518517 0.6479062499999999 0.011768518518518473 0.011369791666666629
0 0.21837037037037035 0.648515625 0.010500000000000002 0.006479166666666636
0 0.21850925925925924 0.6557499999999999 0.011675925925925965 0.006687500000000135
0 0.21502777777777776 0.6598697916666667 0.012851851851851847 0.005776041666666743
0 0.24357407407407408 0.6610677083333333 0.012944444444444436 0.0046041666666667425
0 0.2177407407407407 0.6779479166666667 0.01465740740740742 0.01036979166666665
0 0.2674259259259259 0.6907812499999999 0.010861111111111101 0.007526041666666572
0 0.2685092592592592 0.701421875 0.008685185185185181 0.009463541666666764
0 0.2954814814814815 0.6776927083333334 0.00904629629629628 0.008838541666666621
0 0.36339814814814814 0.6668229166666666 0.01366666666666671 0.011026041666666764
0 0.3506851851851852 0.6801406249999999 0.01086111111111114 0.0076197916666666645
0 0.36570370370370364 0.6917187499999999 0.017009259259259262 0.00739583333333318
0 0.41855555555555557 0.6704583333333333 0.012666666666666673 0.011734375000000163
0 0.47891666666666666 0.6844895833333333 0.020453703703703734 0.007604166666666678
0 0.5152037037037036 0.6586510416666667 0.014842592592592515 0.009442708333333449
0 0.4991018518518518 0.7009166666666666 0.01086111111111118 0.010484375000000056
0 0.4802777777777778 0.6965625 0.013027777777777772 0.007374999999999865
0 0.5728981481481482 0.6491041666666666 0.0180092592592593 0.008161458333333371
0 0.5760648148148148 0.6140208333333333 0.015472222222222203 0.010281249999999886
0 0.5552037037037038 0.4892916666666666 0.014481481481481574 0.009244791666666608
0 0.39109259259259255 0.7211041666666667 0.013842592592592635 0.007588541666666693
0 0.30769444444444444 0.7128541666666667 0.012666666666666593 0.005343750000000114
0 0.2881481481481481 0.7109166666666666 0.01556481481481479 0.005546875000000106
0 0.28800925925925924 0.7164947916666666 0.013120370370370359 0.0031562499999999716
0 0.4041666666666667 0.7438125 0.015203703703703613 0.008078125000000113
0 0.4554351851851851 0.7314895833333332 0.014935185185185182 0.008291666666666763
0 0.45474999999999993 0.7414687499999999 0.02081481481481483 0.006656250000000164
0 0.4769259259259259 0.7267552083333333 0.02896296296296299 0.009734375000000028
0 0.48675000000000007 0.7376510416666666 0.013842592592592635 0.005130208333333286
0 0.49190740740740735 0.7321770833333333 0.01620370370370365 0.005812499999999865
0 0.5069722222222222 0.7409583333333334 0.01592592592592597 0.009708333333333208
0 0.5507777777777778 0.7460260416666665 0.0224444444444444 0.007213541666666679
0 0.48837037037037034 0.6769270833333334 0.014203703703703576 0.007968750000000035
0 0.5942592592592592 0.7379010416666667 0.012398148148148241 0.008614583333333314
0 0.6139444444444444 0.7175104166666666 0.011944444444444476 0.0090572916666666
0 0.623898148148148 0.7214062499999999 0.01375925925925922 0.010234375000000106
0 0.6621296296296296 0.6747864583333333 0.017824074074074128 0.01015625
0 0.6351203703703703 0.6649583333333333 0.016648148148148165 0.007807291666666494
0 0.64 0.6751927083333332 0.010499999999999924 0.0073645833333332075
0 0.6842592592592592 0.6954322916666666 0.017916666666666636 0.007093749999999943
0 0.6778796296296297 0.7158802083333333 0.01529629629629628 0.009875000000000078
0 0.6885092592592593 0.7269010416666667 0.014842592592592515 0.00728124999999995
0 0.7152962962962963 0.72853125 0.01556481481481479 0.006057291666666664
0 0.724435185185185 0.73128125 0.009953703703703808 0.008703125000000079
0 0.7318611111111111 0.7183229166666667 0.009592592592592394 0.005604166666666721
0 0.7562037037037037 0.724765625 0.012851851851851847 0.0067708333333333925
0 0.747787037037037 0.7227552083333333 0.008685185185185181 0.006312499999999943
0 0.7906851851851852 0.7109427083333333 0.014120370370370476 0.009156250000000022
0 0.7587407407407407 0.6896041666666666 0.01465740740740734 0.006031250000000021
0 0.7138518518518518 0.67246875 0.02117592592592585 0.007213541666666679
0 0.7060648148148148 0.6876927083333333 0.00778703703703706 0.010359374999999994
0 0.7170648148148148 0.6917395833333334 0.01746296296296287 0.005822916666666522
0 0.7474259259259259 0.657546875 0.017379629629629613 0.007526041666666572
0 0.7705925925925925 0.649609375 0.014481481481481574 0.009171875000000006
0 0.7795555555555556 0.6587708333333333 0.020092592592592634 0.007119791666666764
0 0.80575 0.6556927083333333 0.013842592592592635 0.009635416666666608
0 0.7991944444444444 0.6762864583333333 0.01158333333333322 0.006697916666666792
0 0.8007777777777777 0.6892239583333333 0.014750000000000164 0.005265625000000007
0 0.828787037037037 0.6808177083333333 0.019370370370370437 0.0067968750000000355
0 0.8612685185185184 0.6634322916666666 0.01774074074074071 0.009499999999999887
0 0.8400555555555554 0.6559999999999999 0.013120370370370438 0.010249999999999915
0 0.8442592592592592 0.6383697916666666 0.013398148148148279 0.011130208333333336
0 0.7993703703703703 0.6363854166666666 0.01774074074074071 0.008177083333333179
0 0.800824074074074 0.6100312499999999 0.019185185185185104 0.00994270833333335
0 0.6858888888888889 0.5996666666666666 0.017379629629629613 0.00703125
0 0.5260648148148148 0.6353385416666666 0.011222222222222121 0.006593749999999865
0 0.8716388888888887 0.6238541666666666 0.012398148148148241 0.008739583333333379
0 0.9090555555555555 0.6483489583333333 0.016287037037037065 0.010729166666666679
0 0.8931296296296296 0.6352135416666667 0.011944444444444634 0.00888541666666658
0 0.8904629629629629 0.6459270833333333 0.010768518518518514 0.006838541666666665
0 0.9322685185185186 0.611703125 0.014203703703703734 0.00564583333333335
0 0.9296944444444445 0.6028385416666666 0.014842592592592673 0.00625
0 0.8991481481481481 0.6005520833333333 0.011675925925925729 0.008796874999999992
0 0.9069722222222222 0.5929895833333333 0.015018518518518438 0.008432291666666637
0 0.8870185185185184 0.5850677083333332 0.017824074074073968 0.0058802083333333146
0 0.9174722222222221 0.5787812499999999 0.015749999999999886 0.006750000000000078
0 0.9389166666666666 0.563046875 0.010861111111111023 0.009635416666666608
0 0.8319537037037037 0.5669427083333333 0.011222222222222121 0.010812500000000114
0 0.6944351851851852 0.5874895833333333 0.013305555555555454 0.007614583333333336
0 0.6992777777777778 0.575421875 0.016648148148148165 0.004859375000000022
0 0.707287037037037 0.559609375 0.01529629629629628 0.007932291666666735
0 0.9506388888888889 0.5470989583333333 0.010953703703703532 0.008281250000000106
0 0.8348888888888888 0.5479375 0.019814814814814792 0.009453125000000107
0 0.9282407407407406 0.5232135416666667 0.009592592592592394 0.01040624999999995
0 0.9201851851851851 0.5283333333333333 0.012305555555555417 0.005874999999999986
0 0.9259814814814814 0.5021875 0.012305555555555417 0.010088541666666551
0 0.8215462962962963 0.5110989583333333 0.021361111111110945 0.010604166666666614
0 0.9232685185185185 0.490421875 0.014842592592592673 0.009463541666666764
0 0.9201851851851851 0.4787864583333333 0.01592592592592597 0.009104166666666736
0 0.9478796296296297 0.478859375 0.01556481481481487 0.006531249999999922
0 0.884712962962963 0.47842708333333334 0.018824074074074007 0.009406249999999972
0 0.8546203703703703 0.45736979166666664 0.016564814814814907 0.010817708333333264
0 0.8881944444444444 0.43629166666666663 0.02362037037037036 0.010145833333333344
0 0.9285092592592592 0.4330572916666666 0.014481481481481574 0.011317708333333343
0 0.9453425925925926 0.4558958333333333 0.013398148148147963 0.008682291666666763
0 0.7937592592592593 0.43825520833333337 0.01465740740740734 0.011520833333333336
0 0.6889166666666666 0.44985937499999995 0.016740740740740674 0.00802604166666665
0 0.5454074074074073 0.4540208333333333 0.01454629629629633 0.007479166666666615
0 0.596 0.4330677083333333 0.01900925925925918 0.006369791666666735
0 0.39864814814814814 0.36926041666666665 0.026351851851851887 0.008437500000000053
0 0.41737037037037034 0.36934374999999997 0.017712962962962958 0.0066510416666666575
0 0.569361111111111 0.34491666666666665 0.023324074074074178 0.0077187499999999964
0 0.569287037037037 0.33714062499999997 0.024046296296296375 0.009124999999999961
0 0.7029907407407407 0.37262500000000004 0.019296296296296193 0.008822916666666725
0 0.8168888888888889 0.38875 0.014972222222222184 0.010291666666666633
0 0.7932685185185184 0.3643645833333333 0.012675925925926082 0.014979166666666632
0 0.8370462962962962 0.3761510416666667 0.013824074074074133 0.010203124999999957
0 0.727898148148148 0.31607291666666665 0.02015740740740739 0.012354166666666711
0 0.7942777777777777 0.343015625 0.017564814814814946 0.010343749999999919
0 0.5728148148148148 0.30261979166666664 0.0279351851851852 0.011312500000000014
0 0.5908148148148148 0.2754010416666667 0.01785185185185188 0.012010416666666668
0 0.6674166666666667 0.2923333333333333 0.014398148148148158 0.008614583333333314
0 0.6668425925925926 0.28390624999999997 0.01324999999999995 0.007963541666666619
0 0.6762037037037036 0.2800989583333333 0.023324074074074178 0.008447916666666711
0 0.7716759259259258 0.297640625 0.01324999999999995 0.01356250000000001
0 0.6157962962962962 0.3174895833333333 0.010509259259259175 0.006281249999999972
0 0.9223425925925924 0.40765624999999994 0.011972222222222386 0.006328125000000106
0 0.928861111111111 0.39528645833333337 0.0117407407407408 0.01038541666666668
0 0.8888055555555555 0.38560416666666664 0.01957407407407427 0.006859375000000068
0 0.8798796296296296 0.3724114583333333 0.011518518518518464 0.008677083333333346
0 0.9076296296296297 0.37264583333333334 0.012046296296296393 0.009567708333333248
0 0.8941111111111111 0.3640208333333333 0.012722222222222336 0.005453125000000014
0 0.8962962962962961 0.3577552083333333 0.014231481481481486 0.008161458333333371
0 0.8234537037037037 0.34917187499999996 0.0117407407407408 0.005187499999999989
0 0.8240555555555554 0.34479166666666666 0.010537037037037244 0.004255208333333371
0 0.8277037037037036 0.34051041666666665 0.008055555555555493 0.006713541666666689
0 0.891962962962963 0.347078125 0.013851851851851886 0.008833333333333382
0 0.9051388888888888 0.3396666666666667 0.01159259259259247 0.011796875000000017
0 0.8826296296296297 0.33691145833333336 0.016259259259259314 0.008828125000000053
0 0.8653888888888888 0.3211822916666666 0.009935185185185307 0.006166666666666654
0 0.8119722222222221 0.3226197916666666 0.0121203703703704 0.007354166666666639
0 0.79175 0.31230729166666665 0.011444444444444457 0.010015625000000038
0 0.8504074074074074 0.2848177083333333 0.014305555555555492 0.0047239583333333005
0 0.8141111111111111 0.2870885416666667 0.009490740740740635 0.008708333333333318
0 0.7140555555555554 0.2595520833333333 0.01264814814814825 0.009536458333333275
0 0.8069259259259259 0.29634375 0.009407407407407378 0.008161458333333371
0 0.7941666666666666 0.29590104166666664 0.010842592592592522 0.005999999999999961
0 0.7998888888888889 0.28905729166666666 0.011444444444444457 0.007140624999999989
0 0.802861111111111 0.28175 0.010768518518518514 0.008192708333333344
0 0.7956666666666666 0.2791458333333333 0.007231481481481537 0.005947916666666675
0 0.7969074074074074 0.25585416666666666 0.011222222222222121 0.006796874999999947
0 0.7718055555555554 0.25335416666666666 0.014453703703703505 0.007729166666666653
0 0.7430740740740741 0.23559895833333333 0.016638888888888915 0.006598958333333282
0 0.7212037037037037 0.249921875 0.014453703703703505 0.0050677083333333425
0 0.6983888888888888 0.23552083333333332 0.01069444444444435 0.008484375000000011
0 0.678212962962963 0.23707291666666666 0.014759259259259257 0.009041666666666703
0 0.663537037037037 0.24047916666666666 0.013101851851851936 0.008666666666666689
0 0.63575 0.2601354166666666 0.011138888888888863 0.009015624999999972
0 0.6495277777777777 0.2253177083333333 0.010240740740740743 0.005869791666666657
0 0.5995 0.23392187499999997 0.01694444444444435 0.006979166666666625
0 0.5857962962962963 0.24921354166666668 0.016638888888888915 0.009614583333333381
0 0.5517685185185185 0.24290104166666665 0.018296296296296234 0.00969270833333331
0 0.5983703703703703 0.26136979166666663 0.010916666666666686 0.007671875000000039
0 0.6479074074074074 0.24622916666666664 0.010620370370370343 0.007453124999999972
0 0.7014166666666667 0.5161614583333333 0.015666666666666787 0.006343750000000092
0 0.5312870370370371 0.44894270833333333 0.013333333333333365 0.0041249999999999785