0 0.7383148148148148 0.21388020833333332 0.01299074074074061 0.0041718750000000245
0 0.4249814814814815 0.21028124999999998 0.024231481481481392 0.006130208333333354
0 0.31784259259259257 0.21292187499999998 0.01173148148148147 0.0025885416666667103
0 0.3695555555555555 0.26030729166666666 0.018787037037037005 0.007677083333333367
0 0.39723148148148146 0.2932239583333333 0.01569444444444454 0.00489583333333341
0 0.30380555555555555 0.3011770833333333 0.007888888888888898 0.006192708333333385
0 0.2949537037037037 0.37919791666666663 0.022888888888888913 0.004932291666666711
0 0.0952962962962963 0.369171875 0.016129629629629615 0.007911458333333333
0 0.10381481481481482 0.35177604166666665 0.0102037037037037 0.00927083333333334
0 0.08009259259259259 0.3606770833333333 0.01555555555555556 0.006692708333333286
0 0.10183333333333332 0.337359375 0.01058333333333334 0.005109374999999972
0 0.11053703703703703 0.4691770833333333 0.010148148148148156 0.010046874999999922
0 0.09689814814814815 0.45248437499999994 0.008398148148148129 0.00501041666666655
0 0.10634259259259259 0.4255416666666666 0.0045740740740740585 0.007390625000000028
0 0.2382037037037037 0.5447864583333333 0.012611111111111089 0.009276041666666578
0 0.31127777777777776 0.5130625 0.007925925925925902 0.008328125000000065
0 0.3496666666666667 0.5773958333333333 0.008833333333333273 0.00847916666666677
0 0.11412962962962962 0.6165364583333333 0.010379629629629624 0.011802083333333258
0 0.13587962962962963 0.7073489583333332 0.00855555555555555 0.005656250000000007
0 0.16245370370370368 0.7128802083333333 0.007101851851851867 0.00852604166666655
0 0.17660185185185182 0.7274739583333333 0.01647222222222222 0.005250000000000021
0 0.21100925925925923 0.72834375 0.007009259259259279 0.00627604166666682
0 0.2365833333333333 0.7096510416666666 0.018296296296296314 0.004833333333333379
0 0.27803703703703697 0.6911197916666667 0.012194444444444407 0.007484374999999943
0 0.30424999999999996 0.7155416666666665 0.013833333333333383 0.007401041666666686
0 0.37194444444444436 0.7988489583333334 0.009009259259259276 0.009015624999999972
0 0.48364814814814816 0.8103020833333332 0.010731481481481352 0.0036249999999999004
0 0.6272777777777777 0.7787968749999999 0.014277777777777898 0.005546875000000106
0 0.4973703703703703 0.757796875 0.007629629629629638 0.007692708333333265
0 0.7095833333333333 0.7854270833333332 0.012101851851851819 0.005062499999999836
0 0.7672037037037037 0.7423072916666666 0.011120370370370362 0.0056666666666666645
0 0.9486203703703704 0.619015625 0.01631481481481482 0.006062499999999993
0 0.9416851851851852 0.5593697916666667 0.01754629629629613 0.005875000000000163
0 0.8549444444444444 0.5481822916666667 0.013972222222222146 0.009317708333333207
0 0.7569814814814815 0.5926510416666667 0.010407407407407416 0.008296874999999915
0 0.8420555555555556 0.4166718749999999 0.008212962962962757 0.007614583333333336
0 0.7026666666666667 0.3198958333333334 0.0161944444444444 0.011333333333333329
0 0.5522037037037036 0.27852083333333333 0.017675925925925796 0.008177083333333357