0 0.25696296296296295 0.2938333333333333 0.024555555555555567 0.008432291666666725
0 0.2305740740740741 0.30971354166666665 0.014472222222222244 0.010843749999999996
0 0.28080555555555553 0.3260989583333333 0.016009259259259227 0.01225520833333329
0 0.3292685185185185 0.260140625 0.022009259259259215 0.014223958333333276
0 0.2962592592592592 0.31309895833333334 0.016268518518518564 0.005776041666666653
0 0.3168240740740741 0.3349375 0.01530555555555553 0.005723958333333367
0 0.3775833333333333 0.2927083333333333 0.022009259259259294 0.009401041666666643
0 0.324537037037037 0.3033072916666667 0.013518518518518539 0.004359374999999943
0 0.40581481481481474 0.27484375 0.012435185185185086 0.007973958333333276
0 0.4172314814814814 0.274 0.011601851851851879 0.00696354166666664
0 0.41885185185185186 0.2793854166666666 0.012675925925925924 0.0069687500000000565
0 0.41854629629629625 0.2673697916666667 0.016620370370370414 0.005145833333333361
0 0.39797222222222217 0.23506770833333332 0.014953703703703683 0.00781770833333333
0 0.5388055555555554 0.24748437499999998 0.023916666666666548 0.007755208333333296
0 0.5431759259259259 0.23029166666666664 0.016388888888888984 0.01036979166666665
0 0.5742129629629629 0.2288125 0.01530555555555553 0.004718749999999971
0 0.589037037037037 0.24694270833333332 0.019138888888889007 0.009468750000000003
0 0.5933425925925925 0.23318750000000002 0.01339814814814812 0.009432291666666703
0 0.5717592592592592 0.23997916666666663 0.01901851851851843 0.007927083333333317
0 0.4734629629629629 0.323359375 0.019231481481481516 0.008208333333333328
0 0.44490740740740736 0.32964062499999996 0.017166666666666684 0.011624999999999996
0 0.34414814814814815 0.29546874999999995 0.020416666666666652 0.007359375000000057
0 0.3590925925925925 0.29759375 0.011240740740740742 0.009109374999999975
0 0.24871296296296294 0.330015625 0.022490740740740735 0.008213541666666657
0 0.26025925925925925 0.3478333333333333 0.01598148148148147 0.013885416666666739
0 0.23480555555555555 0.3507447916666666 0.01834259259259257 0.00859375
0 0.22260185185185183 0.35099479166666664 0.010509259259259255 0.010223958333333361
0 0.5628981481481481 0.303734375 0.016425925925925986 0.007729166666666653
0 0.5718518518518518 0.2889635416666666 0.011833333333333309 0.008494791666666668
0 0.6445740740740741 0.2659010416666666 0.022638888888888983 0.007312500000000011
0 0.6501203703703703 0.27921874999999996 0.018046296296296303 0.007322916666666668
0 0.6495925925925925 0.27303125 0.007490740740740718 0.004645833333333372
0 0.6638796296296297 0.262703125 0.009027777777777777 0.003776041666666696
0 0.6741296296296295 0.26573437499999997 0.014287037037037148 0.004114583333333322
0 0.68375 0.273734375 0.013314814814814863 0.005489583333333314
0 0.7093240740740742 0.27258854166666663 0.010472222222222171 0.0035729166666666145
0 0.6982685185185186 0.297875 0.00816666666666666 0.004473958333333261
0 0.6878333333333333 0.31291145833333334 0.008962962962963021 0.006859375000000068
0 0.7305833333333334 0.31090625000000005 0.009101851851851785 0.005411458333333385
0 0.6994074074074074 0.3211822916666666 0.009898148148148146 0.004427083333333304
0 0.7531944444444444 0.3178333333333333 0.01605555555555548 0.005104166666666643
0 0.7762314814814815 0.3223697916666667 0.010472222222222171 0.005442708333333357
0 0.7907314814814814 0.32343229166666665 0.007898148148148229 0.005005208333333311
0 0.7668796296296296 0.3319114583333333 0.006620370370370349 0.004984374999999997
0 0.7609722222222222 0.33584895833333334 0.010203703703703581 0.00501041666666664
0 0.7878333333333334 0.3400625 0.00933333333333337 0.007359375000000057
0 0.7996666666666666 0.33096875 0.013787037037037129 0.004427083333333304
0 0.7288425925925925 0.3532760416666666 0.009231481481481611 0.00444270833333329
0 0.7155092592592592 0.35039583333333335 0.00879629629629627 0.004708333333333314
0 0.6573888888888889 0.34645312500000003 0.011101851851851861 0.0045312500000000535
0 0.6486388888888889 0.34725520833333334 0.00665740740740751 0.005187499999999989
0 0.7525462962962962 0.361265625 0.008333333333333333 0.0068697916666667245
0 0.7343148148148148 0.36526041666666664 0.012074074074074145 0.007890625000000017
0 0.6826296296296296 0.3834895833333333 0.017027777777777923 0.005588541666666646
0 0.6316296296296297 0.38575 0.012444444444444496 0.004838541666666618
0 0.6241666666666666 0.38931770833333335 0.011574074074074127 0.005385416666666654
0 0.7688888888888887 0.3930104166666667 0.008425925925925842 0.0066041666666667
0 0.8225092592592591 0.3767552083333333 0.010240740740740585 0.005427083333333371
0 0.8508981481481481 0.3702083333333333 0.005990740740740661 0.004979166666666668
0 0.8655185185185185 0.3784791666666666 0.012212962962962908 0.006312499999999943
0 0.8568703703703703 0.38358854166666667 0.01578703703703689 0.007192708333333275
0 0.8832314814814815 0.3973125 0.005888888888888902 0.005718750000000039
0 0.8386203703703703 0.406546875 0.010268518518518337 0.006541666666666579
0 0.681037037037037 0.4197760416666666 0.013518518518518381 0.002895833333333364
0 0.7996203703703704 0.42661979166666664 0.012805555555555594 0.011380208333333286
0 0.7824166666666665 0.46548437499999995 0.017361111111111112 0.013359375000000107
0 0.8430740740740741 0.4422239583333333 0.011638888888888725 0.008750000000000036
0 0.8540833333333333 0.45613541666666657 0.010370370370370412 0.010135416666666685
0 0.8893796296296295 0.4524739583333333 0.01428703703703699 0.011744791666666643
0 0.8854166666666666 0.4384270833333333 0.011277777777777942 0.008479166666666593
0 0.8993703703703703 0.4300729166666667 0.009240740740740864 0.008135416666666551
0 0.9062129629629629 0.4285 0.01035185185185191 0.007328124999999908
0 0.5763425925925927 0.3243541666666666 0.023805555555555538 0.012380208333333354
0 0.531787037037037 0.38155208333333335 0.015259259259259276 0.011036458333333332
0 0.44549074074074074 0.3958489583333333 0.018157407407407473 0.011302083333333357
0 0.44725 0.4233229166666666 0.013425925925925872 0.011317708333333343
0 0.5087407407407407 0.4114739583333333 0.0216666666666667 0.011656250000000057
0 0.29991666666666666 0.40344791666666663 0.028842592592592572 0.015343750000000034
0 0.23079629629629628 0.33213020833333334 0.016018518518518477 0.013468749999999918
0 0.21233333333333332 0.3486041666666667 0.01724074074074077 0.009505208333333303
0 0.17189814814814813 0.33701041666666665 0.01175000000000001 0.008640624999999957
0 0.1532037037037037 0.34778125 0.017092592592592562 0.01015625
0 0.1388611111111111 0.36255208333333333 0.015259259259259276 0.009088541666666661
0 0.15923148148148147 0.3758645833333333 0.01571296296296292 0.01338541666666666
0 0.10467592592592592 0.37959895833333335 0.010379629629629624 0.007979166666666603
0 0.08759259259259258 0.40380729166666657 0.01403703703703703 0.008338541666666676
0 0.15686111111111112 0.4211510416666666 0.015870370370370344 0.00869270833333342
0 0.12894444444444442 0.43334374999999997 0.007629629629629638 0.012473958333333358
0 0.11383333333333333 0.4441197916666667 0.01403703703703706 0.007416666666666671
0 0.09124999999999998 0.43866666666666665 0.017703703703703708 0.009390624999999986
0 0.07865740740740741 0.4324843749999999 0.012361111111111099 0.007322916666666579
0 0.12817592592592592 0.45968749999999997 0.016787037037037045 0.0077916666666666854
0 0.17731481481481481 0.48046875 0.01007407407407407 0.009734375000000028
0 0.19524074074074071 0.4275364583333333 0.00930555555555554 0.007729166666666565
0 0.24063888888888887 0.44697916666666665 0.015870370370370385 0.012609375000000079
0 0.16525925925925924 0.43895833333333323 0.012814814814814805 0.008249999999999957
0 0.103 0.49768229166666667 0.021361111111111105 0.008197916666666671
0 0.09231481481481482 0.5019322916666666 0.018314814814814815 0.00803124999999998
0 0.12612037037037038 0.5253281249999999 0.014194444444444444 0.0058958333333333
0 0.20813888888888887 0.5060104166666666 0.01556481481481479 0.0069947916666666995
0 0.3682037037037037 0.44140104166666666 0.009768518518518477 0.008854166666666607
0 0.4401574074074074 0.5040364583333333 0.010833333333333427 0.011380208333333286
0 0.38712962962962966 0.48768229166666666 0.014648148148148247 0.013859375000000007
0 0.41077777777777774 0.5110364583333333 0.019222222222222266 0.009062500000000107
0 0.9360740740740741 0.454078125 0.016935185185185258 0.011880208333333364
0 0.6236574074074074 0.4438385416666666 0.012722222222222178 0.0056927083333333075
0 0.6411481481481481 0.46323958333333326 0.016611111111111163 0.004062500000000036
0 0.5263333333333334 0.4434895833333333 0.01777777777777787 0.006635416666666671
0 0.5222962962962963 0.500546875 0.012046296296296236 0.007109375000000107
0 0.506712962962963 0.5231197916666666 0.02069444444444441 0.005265625000000007
0 0.5114166666666667 0.5313437499999999 0.013601851851851955 0.005062500000000014
0 0.5823796296296296 0.5243802083333333 0.012527777777777752 0.006687499999999957
0 0.8291481481481482 0.4762291666666666 0.009518518518518388 0.009828124999999943
0 0.80875 0.4952760416666666 0.015351851851851785 0.008036458333333307
0 0.8914166666666665 0.49216145833333336 0.012046296296296393 0.007265624999999965
0 0.900787037037037 0.49259375 0.00903703703703703 0.0049739583333332504
0 0.9063703703703703 0.4867239583333333 0.012435185185185244 0.0067708333333333925
0 0.9389629629629629 0.47696354166666666 0.012333333333333169 0.007479166666666615
0 0.9442037037037037 0.48505729166666656 0.009814814814814731 0.010541666666666671
0 0.953388888888889 0.49065624999999996 0.0077685185185184 0.008088541666666593
0 0.9508611111111112 0.51721875 0.0066018518518518475 0.008755208333333365
0 0.9069537037037037 0.5131458333333333 0.011268518518518691 0.007718749999999908
0 0.9002499999999999 0.5070781249999999 0.012240740740740661 0.007604166666666678
0 0.9379444444444444 0.5279010416666667 0.009518518518518388 0.004447916666666707
0 0.8881111111111111 0.5282291666666666 0.0062129629629629965 0.003640625000000064
0 0.8832037037037037 0.5304166666666666 0.011166666666666616 0.005828125000000029
0 0.8706296296296295 0.5316197916666667 0.013212962962962945 0.007510416666666764
0 0.819 0.5444114583333333 0.00942592592592588 0.011234375000000085
0 0.9607222222222221 0.5529635416666666 0.0076759259259258925 0.008124999999999893
0 0.9667407407407407 0.5597916666666667 0.0072870370370370415 0.0055364583333334496
0 0.8828148148148148 0.6049374999999999 0.015833333333333144 0.00649999999999995
0 0.8436759259259259 0.6082135416666666 0.010583333333333498 0.00649999999999995
0 0.8277407407407408 0.6075625 0.007481481481481309 0.0053072916666666355
0 0.794574074074074 0.5844427083333333 0.008740740740740686 0.010328125000000021
0 0.7379444444444444 0.5685416666666666 0.010101851851851822 0.007041666666666657
0 0.7394444444444445 0.5968541666666667 0.009231481481481611 0.009026041666666628
0 0.5896111111111111 0.540578125 0.013601851851851955 0.0035729166666667923
0 0.9093888888888889 0.6278541666666666 0.015157407407407201 0.008739583333333379
0 0.8949629629629628 0.6260781249999999 0.011944444444444634 0.0057343750000001135
0 0.8710185185185185 0.6277447916666666 0.008351851851851834 0.004593750000000086
0 0.8513981481481482 0.6268697916666666 0.012629629629629827 0.0067708333333333925
0 0.8596018518518518 0.6346562499999999 0.008842592592592445 0.008687499999999914
0 0.8802407407407407 0.6406145833333333 0.011268518518518691 0.006395833333333378
0 0.8798518518518519 0.6568489583333333 0.012046296296296393 0.009359374999999837
0 0.8541666666666666 0.6751302083333333 0.011944444444444634 0.008223958333333314
0 0.8437222222222223 0.6680260416666666 0.012824074074074095 0.0027500000000001633
0 0.8178796296296295 0.6451510416666666 0.007768518518518716 0.005635416666666693
0 0.8295833333333332 0.677453125 0.008648148148148177 0.005765625000000085
0 0.802148148148148 0.6889270833333333 0.01592592592592597 0.006255208333333507
0 0.7700925925925927 0.68059375 0.013990740740740647 0.008223958333333314
0 0.7541666666666667 0.680375 0.010879629629629524 0.007786458333333179
0 0.7564907407407406 0.6880572916666666 0.010101851851851822 0.0036302083333332293
0 0.6973888888888888 0.6477187499999999 0.01466666666666659 0.005619791666666707
0 0.5847129629629629 0.6269322916666666 0.009814814814814731 0.008531250000000056
0 0.5562962962962963 0.6190312499999999 0.01592592592592597 0.004208333333333236
0 0.5232685185185185 0.64553125 0.012046296296296236 0.005848958333333343
0 0.5399259259259259 0.6794739583333332 0.011944444444444476 0.009255208333333265
0 0.5980648148148148 0.7013906249999999 0.009324074074073962 0.008286458333333257
0 0.7060277777777777 0.7302760416666667 0.010009259259259155 0.010328125000000021
0 0.62925 0.7476302083333334 0.011074074074074108 0.008427083333333307
0 0.6172037037037037 0.7330885416666666 0.011462962962963117 0.0033906250000001136
0 0.6204074074074073 0.7398958333333333 0.011268518518518534 0.005526041666666792
0 0.6159351851851852 0.7438854166666666 0.00854629629629626 0.005072916666666494
0 0.6037499999999999 0.747109375 0.01058333333333334 0.006843749999999993
0 0.7383796296296297 0.6831875000000001 0.00942592592592588 0.007895833333333258
0 0.5566851851851852 0.7197552083333333 0.018259259259259232 0.007317708333333428
0 0.5538240740740741 0.7626875 0.013305555555555454 0.004625000000000057
0 0.5194814814814814 0.7237239583333333 0.014185185185185073 0.005958333333333421
0 0.46596296296296297 0.7583749999999999 0.013990740740740805 0.007510416666666764
0 0.46226851851851847 0.7440260416666666 0.014379629629629657 0.007776041666666522
0 0.43823148148148144 0.7274375 0.015833333333333303 0.006838541666666665
0 0.42337037037037034 0.7133645833333333 0.011361111111111042 0.0043697916666666
0 0.36994444444444446 0.7236093749999999 0.013305555555555612 0.0035572916666666288
0 0.3847037037037037 0.7331197916666665 0.011555555555555624 0.0058385416666666854
0 0.3745092592592592 0.7395156249999999 0.012722222222222178 0.005859375
0 0.4668796296296296 0.7016927083333333 0.00903703703703703 0.004526041666666636
0 0.4800462962962963 0.693609375 0.012046296296296236 0.005296874999999979
0 0.3733888888888889 0.6824635416666667 0.009907407407407396 0.007588541666666693
0 0.31325925925925924 0.6863697916666667 0.011657407407407464 0.005020833333333208
0 0.28815740740740736 0.7008281249999999 0.00903703703703703 0.004979166666666579
0 0.2837777777777778 0.7077708333333333 0.013888888888888888 0.004651041666666522
0 0.33487962962962964 0.71640625 0.011166666666666616 0.006624999999999837
0 0.3604259259259259 0.646625 0.015444444444444412 0.007484374999999943
0 0.2927222222222222 0.6534010416666666 0.00903703703703703 0.010114583333333371
0 0.26508333333333334 0.667640625 0.012824074074074095 0.007442708333333314
0 0.39398148148148143 0.6192135416666666 0.013796296296296223 0.004572916666666771
0 0.37834259259259256 0.6074114583333333 0.013601851851851955 0.004463541666666693
0 0.2512407407407407 0.6313541666666667 0.017777777777777795 0.006458333333333321
0 0.20641666666666666 0.6408124999999999 0.010685185185185178 0.013348958333333449
0 0.2506574074074074 0.6110520833333333 0.01058333333333326 0.009010416666666821
0 0.19951851851851848 0.6008020833333333 0.020203703703703724 0.005453124999999837
0 0.25682407407407404 0.5653072916666667 0.01670370370370367 0.00603645833333335
0 0.22443518518518515 0.5554739583333334 0.010777777777777765 0.004395833333333421
0 0.17023148148148148 0.5712656249999999 0.014083333333333314 0.006484374999999964
0 0.16677777777777777 0.5534479166666666 0.00932407407407408 0.008005208333333336
0 0.47126851851851853 0.3463177083333333 0.008138888888888907 0.007484374999999943