0 0.3337407407407407 0.20078645833333333 0.029759259259259273 0.01511458333333333
0 0.2341481481481481 0.24791145833333333 0.01976851851851854 0.004135416666666725
0 0.20184259259259257 0.24265104166666665 0.019342592592592606 0.017531249999999953
0 0.15464814814814815 0.24880729166666665 0.020194444444444435 0.011911458333333336
0 0.12031481481481482 0.2808020833333333 0.014453703703703703 0.010135416666666685
0 0.11850925925925926 0.30305208333333333 0.026574074074074062 0.0068020833333332755
0 0.18865740740740738 0.3069375 0.020194444444444473 0.008598958333333328
0 0.21831481481481482 0.32631249999999995 0.018277777777777813 0.009088541666666661
0 0.24095370370370373 0.34497395833333333 0.017648148148148125 0.008140625000000058
0 0.2317037037037037 0.3632083333333333 0.021259259259259266 0.00919270833333341
0 0.38943518518518516 0.21884375 0.030611111111111217 0.010578124999999971
0 0.47329629629629627 0.23505208333333333 0.02487037037037033 0.015494791666666697
0 0.22469444444444442 0.24049479166666665 0.014027777777777731 0.008437500000000053
0 0.3838055555555555 0.3037708333333333 0.02104629629629626 0.017807291666666725
0 0.4099444444444444 0.264296875 0.018490740740740818 0.005822916666666611
0 0.4228055555555555 0.277390625 0.017435185185185276 0.00983854166666669
0 0.44183333333333336 0.2623802083333333 0.01976851851851854 0.012359375000000039
0 0.5373888888888888 0.25257291666666665 0.028907407407407486 0.006291666666666718
0 0.5943518518518518 0.25269270833333335 0.018703703703703747 0.010213541666666704
0 0.6206111111111111 0.2672291666666667 0.015092592592592604 0.0152708333333333
0 0.6039259259259259 0.38988541666666665 0.02933333333333334 0.01307291666666659
0 0.8702777777777777 0.29431770833333337 0.02295370370370367 0.010864583333333311
0 0.832435185185185 0.36016145833333335 0.023805555555555694 0.01700000000000008
0 0.8372222222222222 0.45178124999999997 0.01976851851851854 0.018489583333333393
0 0.8796296296296295 0.453515625 0.017851851851851723 0.011197916666666608
0 0.26635185185185184 0.41643749999999996 0.02423148148148147 0.008781250000000008
0 0.41791666666666666 0.46338541666666666 0.02295370370370367 0.010604166666666614
0 0.12712037037037036 0.4688854166666666 0.05016666666666667 0.007255208333333307
0 0.009564814814814814 0.4565052083333333 0.01912962962962963 0.014786458333333386
0 0.8871759259259259 0.49646875 0.027000000000000076 0.007416666666666671
0 0.8573055555555555 0.5112395833333333 0.022111111111111213 0.009458333333333435
0 0.9271388888888888 0.5379739583333334 0.030398148148147976 0.01150520833333335
0 0.8592222222222222 0.557109375 0.028481481481481472 0.011515625000000007
0 0.8840925925925925 0.6949270833333333 0.02295370370370367 0.0145260416666666
0 0.8263796296296296 0.6702864583333333 0.018064814814814808 0.013078125000000006
0 0.8196851851851851 0.64540625 0.017435185185185116 0.006364583333333229
0 0.6706666666666666 0.6669375 0.01274999999999993 0.011161458333333308
0 0.655787037037037 0.752578125 0.017009259259259106 0.01982291666666658
0 0.5761851851851851 0.7582552083333333 0.02104629629629626 0.008463541666666607
0 0.3496851851851852 0.6599947916666666 0.02550925925925919 0.007505208333333258
0 0.8362685185185184 0.7323020833333332 0.016583333333333408 0.0067708333333333925
0 0.8237222222222221 0.740375 0.021259259259259186 0.009765625
0 0.8060833333333334 0.7401354166666666 0.015731481481481385 0.014072916666666657
0 0.7577222222222222 0.738640625 0.02742592592592593 0.0074947916666666
0 0.7497499999999999 0.7544895833333333 0.016157407407407554 0.009296874999999894
0 0.7161574074074074 0.762203125 0.018703703703703747 0.009182291666666665
0 0.6956481481481481 0.7909114583333332 0.011694444444444545 0.00919791666666665
0 0.5885092592592593 0.7898333333333334 0.012120370370370242 0.004656250000000028
0 0.5163425925925925 0.8024687499999998 0.027212962962963 0.006010416666666618
0 0.45820370370370367 0.7826718749999999 0.019342592592592526 0.00827083333333345
0 0.4575648148148148 0.8010937499999999 0.02232407407407414 0.006843749999999904
0 0.4489537037037037 0.8098229166666666 0.024231481481481392 0.012354166666666444
0 0.42844444444444446 0.7702343749999999 0.014666666666666748 0.012088541666666685
0 0.36456481481481484 0.7752552083333333 0.021259259259259308 0.0125729166666666
0 0.3532962962962963 0.8085104166666666 0.028481481481481472 0.012109375
0 0.27411111111111114 0.7938541666666666 0.03379629629629627 0.007916666666666572
0 0.21236111111111108 0.78021875 0.031462962962963005 0.009343750000000029
0 0.19546296296296295 0.7681979166666666 0.029546296296296345 0.005630208333333364
0 0.17760185185185184 0.7424791666666666 0.023166666666666655 0.009932291666666693
0 0.2059814814814815 0.7520520833333333 0.023805555555555538 0.009208333333333308
0 0.20566666666666664 0.7587499999999999 0.018064814814814808 0.006098958333333293
0 0.13189814814814813 0.7269583333333334 0.023166666666666638 0.006302083333333286
0 0.11829629629629627 0.7444218749999999 0.016370370370370365 0.009640625000000114
0 0.11053703703703703 0.703640625 0.021259259259259266 0.011630208333333236
0 0.05824074074074074 0.6884479166666666 0.018703703703703705 0.007552083333333392
0 0.04219444444444444 0.6621354166666666 0.018490740740740735 0.007536458333333229
0 0.1308425925925926 0.6537031249999999 0.012546296296296293 0.015786458333333364
0 0.07354629629629629 0.6105260416666667 0.032314814814814824 0.008343750000000049
0 0.029870370370370367 0.6155468749999999 0.027842592592592592 0.008822916666666635
0 0.11330555555555555 0.5790052083333334 0.028481481481481472 0.017630208333333286
0 0.09289814814814813 0.576796875 0.009777777777777776 0.012630208333333393
0 0.017648148148148142 0.57703125 0.01573148148148148 0.010812500000000114
0 0.019453703703703706 0.5546666666666666 0.02274074074074073 0.01381250000000005
0 0.0229537037037037 0.56871875 0.017851851851851848 0.014286458333333307