0 0.39228703703703705 0.3794791666666667 0.030611111111111217 0.006890625000000039
0 0.45488888888888884 0.38346354166666663 0.014166666666666572 0.005192708333333318
0 0.4592222222222222 0.296109375 0.01096296296296294 0.010562499999999985
0 0.41821296296296295 0.34701562499999994 0.012111111111111149 0.00791666666666666
0 0.44949999999999996 0.2803489583333333 0.015675925925925878 0.0062135416666667
0 0.4292499999999999 0.26591145833333335 0.01606481481481489 0.005932291666666689
0 0.4164444444444444 0.275609375 0.013240740740740699 0.004947916666666696
0 0.4092407407407407 0.25167708333333333 0.01518518518518511 0.006374999999999975
0 0.42550000000000004 0.24805729166666665 0.01616666666666665 0.0037447916666667248
0 0.4187314814814815 0.23562499999999997 0.00905555555555553 0.008447916666666711
0 0.3743333333333333 0.27446875 0.010805555555555518 0.009895833333333303
0 0.4086481481481481 0.29588020833333334 0.008759259259259345 0.009666666666666667
0 0.3889814814814815 0.2962083333333333 0.007203703703703625 0.009010416666666642
0 0.3617222222222222 0.29382291666666666 0.007981481481481485 0.008515624999999982
0 0.33962037037037035 0.29582291666666666 0.011296296296296365 0.007583333333333275
0 0.31327777777777777 0.308015625 0.007888888888888898 0.006661458333333314
0 0.31937037037037036 0.28946875 0.014796296296296339 0.0040781249999999325
0 0.28830555555555554 0.28782291666666665 0.015777777777777717 0.0064427083333332465
0 0.2713611111111111 0.3033541666666667 0.014601851851851835 0.0072552083333333964
0 0.2853333333333333 0.278625 0.017425925925925945 0.005062500000000014
0 0.28470370370370374 0.25584375000000004 0.007787037037036981 0.009776041666666657
0 0.29507407407407404 0.2526614583333333 0.00866666666666668 0.00802083333333332
0 0.3026203703703704 0.25929166666666664 0.009351851851851873 0.012078125000000028
0 0.31661111111111107 0.26131770833333334 0.005648148148148143 0.006739583333333332
0 0.3145 0.25222395833333333 0.0076574074074073906 0.008489583333333339
0 0.32378703703703704 0.25370312500000003 0.010648148148148174 0.005531250000000032
0 0.3291759259259259 0.24290624999999996 0.012074074074074067 0.0059791666666666465
0 0.345787037037037 0.24776041666666665 0.01200000000000006 0.0037604166666667105
0 0.3618518518518518 0.248734375 0.00843518518518525 0.006557291666666654
0 0.4910925925925926 0.258265625 0.012685185185185174 0.0048958333333333215
0 0.5001944444444444 0.24181770833333333 0.006620370370370507 0.005505208333333389
0 0.5115925925925926 0.24888020833333332 0.010657407407407346 0.008151041666666626
0 0.511037037037037 0.23835416666666664 0.0150740740740741 0.006020833333333276
0 0.5428425925925926 0.23383333333333328 0.023898148148148043 0.015895833333333352
0 0.5595648148148148 0.2349114583333333 0.018018518518518552 0.007994791666666678
0 0.5493703703703704 0.24893229166666667 0.015259259259259276 0.008875000000000011
0 0.5431203703703704 0.2627135416666667 0.013055555555555523 0.010692708333333379
0 0.5377407407407406 0.26959374999999997 0.010574074074074088 0.010177083333333314
0 0.5873703703703703 0.24960416666666668 0.012777777777777683 0.008354166666666617
0 0.6048796296296296 0.252265625 0.017833333333333378 0.008411458333333321
0 0.6017592592592592 0.23036458333333334 0.013055555555555523 0.005859375
0 0.6237685185185184 0.23051562499999995 0.01608333333333323 0.004999999999999982
0 0.629787037037037 0.24031770833333335 0.008824074074074102 0.005562500000000003
0 0.6344814814814814 0.254 0.01488888888888877 0.005192708333333318
0 0.6542407407407408 0.27284895833333334 0.018018518518518552 0.0056458333333332614
0 0.669037037037037 0.2774010416666667 0.007907407407407321 0.003984375000000017
0 0.6782314814814815 0.2613958333333333 0.006435185185185175 0.009604166666666724
0 0.6935833333333333 0.26534895833333333 0.009194444444444451 0.0035572916666666288
0 0.7144444444444444 0.2675989583333333 0.010481481481481423 0.003401041666666682
0 0.7056666666666667 0.25415625 0.01975925925925913 0.00877083333333335
0 0.6828240740740741 0.2544895833333333 0.018935185185185173 0.006031250000000021
0 0.6824537037037036 0.2431145833333333 0.01488888888888877 0.005609374999999961
0 0.6965185185185185 0.24906249999999996 0.016546296296296246 0.006338541666666675
0 0.7626296296296295 0.26915625 0.005537037037037054 0.0057135416666667105
0 0.7856666666666666 0.2700208333333333 0.010759259259259264 0.007671875000000039
0 0.7896944444444444 0.27865624999999994 0.006083333333333169 0.007078124999999958
0 0.8035925925925925 0.28196875 0.01029629629629609 0.006505208333333368
0 0.7955 0.2837604166666667 0.006648148148148102 0.006713541666666689
0 0.8033055555555555 0.28805208333333326 0.004120370370370412 0.0059791666666666465
0 0.7998425925925926 0.29073958333333333 0.006925925925925943 0.005031250000000043
0 0.7464629629629629 0.28355208333333326 0.009638888888888964 0.006765624999999975
0 0.846074074074074 0.30284374999999997 0.008981481481481524 0.008083333333333354
0 0.837462962962963 0.3055520833333333 0.007481481481481309 0.00639583333333329
0 0.8048981481481481 0.3051041666666666 0.009731481481481473 0.003817708333333325
0 0.7992407407407407 0.3042604166666666 0.009074074074074031 0.004239583333333385
0 0.8042962962962962 0.3140572916666667 0.012444444444444496 0.005874999999999986
0 0.8372777777777777 0.321453125 0.008611111111111173 0.010250000000000004
0 0.8470092592592592 0.3292760416666667 0.012722222222222336 0.005994791666666633
0 0.739398148148148 0.29570833333333335 0.006740740740740611 0.004234375000000057
0 0.7618148148148148 0.30831770833333333 0.015064814814814692 0.006401041666666618
0 0.7444537037037037 0.31260937499999997 0.007861111111111225 0.005192708333333318
0 0.774111111111111 0.3306614583333333 0.005425925925925728 0.0033958333333333536
0 0.8787314814814814 0.34095312499999997 0.008046296296296242 0.00788020833333336
0 0.8566018518518519 0.340875 0.012074074074074145 0.006140625000000011
0 0.8509814814814813 0.34738020833333333 0.014879629629629677 0.007463541666666629
0 0.8659537037037037 0.34445312499999997 0.011138888888888863 0.004385416666666675
0 0.8716666666666666 0.3462447916666666 0.007953703703703734 0.005859375
0 0.6444907407407408 0.29956249999999995 0.015148148148148109 0.008171875000000028
0 0.6864074074074075 0.31029687499999997 0.014601851851851835 0.006901041666666696
0 0.6699074074074074 0.31189062500000003 0.010814814814814926 0.007359375000000057
0 0.6421851851851851 0.31965625 0.00892592592592602 0.008276041666666688
0 0.6338055555555555 0.33547916666666666 0.007842592592592566 0.005244791666666604
0 0.6954074074074074 0.336828125 0.0091851851851852 0.008749999999999947
0 0.6656574074074074 0.33165625 0.008907407407407359 0.0034374999999999822
0 0.7091759259259258 0.3654791666666667 0.009592592592592552 0.004526041666666725
0 0.7486574074074074 0.3875677083333333 0.014527777777777829 0.0058802083333333146
0 0.7982037037037036 0.3827083333333333 0.017407407407407365 0.0035729166666666145
0 0.8374722222222223 0.38490624999999995 0.008500000000000164 0.004062499999999946
0 0.8487129629629628 0.3836770833333333 0.00904629629629628 0.005296875000000067
0 0.8898333333333333 0.38529166666666664 0.010694444444444508 0.004833333333333289
0 0.8557037037037035 0.3878333333333333 0.009870370370370552 0.005807291666666714
0 0.8621481481481481 0.39231249999999995 0.013435185185185283 0.004989583333333325
0 0.8615277777777777 0.39713020833333335 0.0089074074074072 0.004338541666666629
0 0.8876388888888888 0.39431770833333335 0.011787037037037054 0.0034479166666666395
0 0.8568703703703703 0.41466666666666663 0.014944444444444432 0.007140625000000078
0 0.9014814814814814 0.41327604166666665 0.0076759259259258925 0.00806770833333328
0 0.8842129629629629 0.43740625 0.008768518518518438 0.007291666666666608
0 0.921287037037037 0.4675989583333333 0.009453703703703633 0.010776041666666635
0 0.9084722222222221 0.46613541666666664 0.0183703703703704 0.005994791666666721
0 0.8859814814814815 0.45255729166666664 0.013055555555555366 0.010880208333333386
0 0.8669259259259259 0.46169270833333337 0.011648148148147975 0.0116822916666667
0 0.8493425925925926 0.44355208333333335 0.014583333333333334 0.003989583333333435
0 0.919861111111111 0.5040416666666666 0.013759259259259062 0.004276041666666686
0 0.9346296296296296 0.5279999999999999 0.010120370370370325 0.008515624999999893
0 0.9261574074074073 0.5225364583333333 0.014351851851851746 0.0035468749999999715
0 0.9211018518518518 0.5354114583333333 0.007055555555555455 0.005244791666666693
0 0.9111018518518519 0.5344895833333333 0.007296296296296292 0.008786458333333335
0 0.9082777777777779 0.5196614583333333 0.011055555555555607 0.0053333333333332785
0 0.8843333333333334 0.5174739583333332 0.010472222222222171 0.004937499999999951
0 0.8646296296296296 0.5186666666666666 0.008472222222222412 0.007317708333333251
0 0.8453981481481481 0.5155572916666666 0.005999999999999912 0.0050677083333333425
0 0.8216944444444443 0.524390625 0.014351851851851746 0.008052083333333293
0 0.816398148148148 0.4917604166666666 0.007527777777777879 0.004718749999999971
0 0.7650555555555555 0.4866979166666667 0.008351851851851834 0.00849479166666658
0 0.8051759259259259 0.44771874999999994 0.02106481481481492 0.008713541666666736
0 0.7252592592592592 0.42471354166666664 0.010898148148148027 0.007192708333333364
0 0.7084166666666666 0.42498958333333337 0.008916666666666689 0.006635416666666671
0 0.9212222222222222 0.5679531250000001 0.012935185185185105 0.008651041666666793
0 0.8977685185185185 0.5623333333333334 0.014685185185185093 0.00627604166666682
0 0.9161851851851851 0.5998906249999999 0.014249999999999987 0.008906249999999893
0 0.9089444444444443 0.6066458333333333 0.010740740740740762 0.007984375000000021
0 0.884611111111111 0.6085885416666666 0.017314814814814856 0.008541666666666715
0 0.8555185185185186 0.6055364583333334 0.008657407407407428 0.005026041666666714
0 0.8759537037037036 0.6359010416666667 0.014472222222222324 0.009166666666666679
0 0.8835185185185185 0.65434375 0.013805555555555632 0.007572916666666707
0 0.8612685185185184 0.636859375 0.007018518518518451 0.012187500000000106
0 0.8469074074074073 0.6458020833333333 0.010305555555555656 0.00861979166666682
0 0.823398148148148 0.6347916666666666 0.008657407407407428 0.006203124999999865
0 0.8521759259259258 0.6572864583333333 0.014249999999999987 0.007177083333333378
0 0.8562777777777778 0.6654895833333333 0.01633333333333332 0.005828125000000029
0 0.8539259259259259 0.6815885416666667 0.008546296296296418 0.008427083333333307
0 0.8181388888888889 0.6855364583333333 0.013916666666666641 0.0067031249999999435
0 0.8217037037037037 0.6528489583333333 0.013805555555555632 0.00532812499999995
0 0.8048240740740741 0.6305885416666667 0.0076759259259258925 0.010005208333333293
0 0.8099722222222222 0.63965625 0.008768518518518438 0.010385416666666637
0 0.8013148148148147 0.6416302083333333 0.009861111111111301 0.009151041666666693
0 0.7948518518518518 0.647546875 0.008768518518518438 0.006932291666666579
0 0.7934259259259259 0.6558125 0.01644444444444433 0.004968749999999922
0 0.7767685185185185 0.6658958333333332 0.011620370370370224 0.004786458333333421
0 0.7526481481481481 0.6645677083333333 0.005916666666666654 0.003984375000000107
0 0.7439907407407407 0.6467135416666666 0.007018518518518451 0.00415624999999995
0 0.7893148148148147 0.6976770833333333 0.00625 0.007317708333333428
0 0.7980277777777777 0.7035364583333333 0.013805555555555632 0.004979166666666579
0 0.8134259259259259 0.7127239583333334 0.01654629629629609 0.005598958333333392
0 0.762074074074074 0.714078125 0.013370370370370525 0.009046874999999944
0 0.7829444444444444 0.7275520833333333 0.013444444444444533 0.005276041666666664
0 0.7739259259259259 0.7280677083333333 0.014074074074074221 0.005499999999999972
0 0.7596851851851852 0.7251510416666667 0.011231481481481688 0.005276041666666664
0 0.7514259259259259 0.727375 0.015111111111110947 0.006520833333333265
0 0.7582592592592592 0.7207447916666666 0.007749999999999899 0.0050052083333334
0 0.740074074074074 0.7219895833333333 0.010916666666666528 0.00696354166666655
0 0.7421296296296295 0.7140729166666666 0.011546296296296216 0.00447395833333335
0 0.7543518518518518 0.7050208333333334 0.015268518518518527 0.004249999999999865
0 0.7202222222222221 0.6989010416666667 0.009648148148148215 0.008828124999999964
0 0.7074074074074074 0.6813072916666666 0.010601851851851841 0.006479166666666636
0 0.6648981481481482 0.7131614583333332 0.010518518518518425 0.003218749999999915
0 0.7089074074074073 0.7344999999999999 0.0079074074074074 0.0050156250000000565
0 0.7112407407407406 0.7444218749999999 0.010675925925925927 0.00564583333333335
0 0.7071666666666666 0.7398385416666666 0.005379629629629632 0.005020833333333208
0 0.6768796296296296 0.7466458333333332 0.009333333333333213 0.006624999999999837
0 0.6601851851851852 0.7551822916666666 0.00600925925925932 0.0031458333333333143
0 0.6033981481481481 0.75 0.008064814814814901 0.005854166666666494
0 0.6183518518518519 0.7595885416666667 0.01044444444444442 0.003947916666666629
0 0.6031203703703704 0.7563177083333333 0.00893518518518527 0.004614583333333399
0 0.5731851851851851 0.7605729166666666 0.009333333333333213 0.006973958333333208
0 0.6350740740740741 0.72978125 0.008305555555555582 0.006255208333333507
0 0.6473333333333333 0.735140625 0.009888888888888895 0.005505208333333478
0 0.6137592592592592 0.7136458333333333 0.01835185185185174 0.007890625000000106
0 0.6126111111111111 0.69346875 0.008148148148148158 0.004635416666666714
0 0.6166851851851851 0.7036145833333334 0.009962962962962903 0.0073124999999999215
0 0.624361111111111 0.707171875 0.006962962962962946 0.005322916666666622
0 0.6683333333333332 0.6888854166666667 0.01835185185185174 0.01015625
0 0.6879074074074074 0.6974322916666666 0.004351851851851841 0.003755208333333293
0 0.5484259259259259 0.707015625 0.015342592592592534 0.006911458333333264
0 0.5873796296296295 0.7304479166666666 0.009249999999999956 0.002786458333333286
0 0.5299999999999999 0.729578125 0.008861111111111104 0.0034895833333331793
0 0.5174537037037037 0.747625 0.013064814814814776 0.003135416666666657
0 0.4791388888888889 0.7582239583333333 0.014370370370370407 0.004057291666666707
0 0.4650925925925926 0.7576041666666666 0.013555555555555543 0.005286458333333322
0 0.42616666666666664 0.7262760416666667 0.014120370370370318 0.010567708333333314
0 0.4337222222222222 0.7554375 0.011685185185185137 0.0067031249999999435
0 0.4300648148148148 0.7620833333333333 0.01314814814814819 0.004380208333333258
0 0.3967407407407407 0.7554635416666666 0.0068981481481481905 0.006208333333333371
0 0.39224074074074067 0.7262708333333333 0.014935185185185182 0.007239583333333322
0 0.3721481481481481 0.7319166666666665 0.00933333333333337 0.005546875000000106
0 0.36046296296296293 0.7323958333333334 0.008361111111111087 0.007197916666666693
0 0.3359074074074074 0.7286302083333334 0.010388888888888914 0.007057291666666821
0 0.33391666666666664 0.7465989583333333 0.005759259259259311 0.009026041666666628
0 0.3231574074074074 0.737625 0.012175925925925904 0.008614583333333314
0 0.3031111111111111 0.737078125 0.011037037037037026 0.0069687500000000565
0 0.39312962962962955 0.715265625 0.01964814814814812 0.007338541666666742
0 0.32441666666666663 0.711734375 0.023944444444444456 0.009473958333333421
0 0.3474722222222222 0.7122604166666666 0.008851851851851776 0.00390625
0 0.3639907407407407 0.6939218749999999 0.008444444444444501 0.009151041666666693
0 0.30871296296296297 0.6983124999999999 0.013472222222222207 0.006421875000000021
0 0.3329444444444444 0.7001562499999999 0.013722222222222295 0.006593749999999865
0 0.42064814814814816 0.6809062499999999 0.011361111111111042 0.005098958333333315
0 0.467324074074074 0.69959375 0.01607407407407414 0.005421874999999865
0 0.2700462962962963 0.642734375 0.008092592592592575 0.006442708333333336
0 0.38485185185185183 0.65 0.006222222222222248 0.004526041666666636
0 0.44183333333333336 0.6230989583333333 0.007361111111111206 0.004479166666666678
0 0.4193796296296296 0.6155989583333333 0.010574074074074088 0.006776041666666721
0 0.29032407407407407 0.608609375 0.011925925925925895 0.003703125000000007
0 0.30151851851851846 0.6025156249999999 0.010888888888888854 0.004052083333333378
0 0.2622129629629629 0.5807239583333332 0.0057037037037036475 0.005276041666666664
0 0.27523148148148147 0.5649739583333333 0.007259259259259289 0.005276041666666664
0 0.2487407407407407 0.5584999999999999 0.0052777777777777935 0.004875000000000007
0 0.2960925925925926 0.5483229166666665 0.007879629629629648 0.010114583333333371
0 0.2381666666666667 0.5847864583333333 0.006537037037037013 0.005697916666666636
0 0.2005648148148148 0.5919583333333333 0.014101851851851895 0.008145833333333208
0 0.19143518518518515 0.61025 0.009129629629629616 0.0037812500000001135
0 0.18148148148148147 0.6128802083333333 0.009537037037037047 0.005531249999999943
0 0.17152777777777778 0.6084427083333332 0.008296296296296291 0.005760416666666579
0 0.16302777777777777 0.6083854166666666 0.008712962962962973 0.0035468749999999715
0 0.16582407407407407 0.614625 0.013064814814814814 0.007072916666666628
0 0.15643518518518518 0.6162916666666666 0.009851851851851853 0.0033958333333332646
0 0.18262037037037035 0.6240781249999999 0.009333333333333292 0.0034374999999998933
0 0.14373148148148146 0.6221197916666666 0.003731481481481443 0.004062500000000036
0 0.18189814814814811 0.6306093749999999 0.010370370370370353 0.00739583333333318
0 0.15555555555555556 0.6321874999999999 0.006222222222222248 0.0049479166666666075
0 0.14902777777777776 0.6307552083333332 0.005601851851851849 0.005239583333333364
0 0.1300462962962963 0.6333229166666666 0.008712962962962973 0.005729166666666607
0 0.24525925925925923 0.63334375 0.010990740740740771 0.0044583333333333645
0 0.20387037037037037 0.6363697916666666 0.007972222222222235 0.00728124999999995
0 0.2109074074074074 0.6413854166666667 0.008138888888888907 0.009859374999999915
0 0.21468518518518517 0.651 0.006194444444444416 0.007052083333333315
0 0.20463888888888884 0.6519270833333334 0.005425925925925965 0.005765625000000085
0 0.19377777777777774 0.6549791666666666 0.009499999999999965 0.0058802083333333146
0 0.21400925925925923 0.6618541666666666 0.009749999999999974 0.005578125000000078
0 0.21812037037037035 0.6661197916666667 0.007972222222222235 0.005239583333333364
0 0.1512037037037037 0.6502552083333333 0.008481481481481505 0.00642708333333335
0 0.15078703703703702 0.6568645833333333 0.01237962962962962 0.005260416666666679
0 0.17923148148148146 0.677375 0.00788888888888888 0.012291666666666678
0 0.21608333333333332 0.6910937500000001 0.009324074074074042 0.005671874999999993
0 0.24203703703703702 0.6790677083333333 0.008990740740740775 0.00795312500000005
0 0.19823148148148148 0.6963177083333333 0.015861111111111135 0.005921874999999943
0 0.3131018518518518 0.6753697916666667 0.008314814814814832 0.004276041666666686
0 0.2629259259259259 0.7169375 0.006981481481481448 0.007083333333333286
0 0.5077499999999999 0.6789322916666667 0.010249999999999993 0.005807291666666714
0 0.6562870370370371 0.6646822916666666 0.010018518518518408 0.005072916666666494
0 0.5697407407407408 0.6327864583333334 0.012879629629629758 0.010885416666666713
0 0.5981759259259258 0.6266822916666667 0.012518518518518502 0.005916666666666792
0 0.7343796296296297 0.6058958333333333 0.012398148148148241 0.004989583333333237
0 0.7722870370370369 0.6219947916666666 0.009537037037036889 0.004192708333333428
0 0.8307037037037036 0.60375 0.012638888888889078 0.004718749999999971
0 0.8177129629629629 0.5788645833333333 0.013833333333333383 0.0056406250000000215
0 0.7162037037037037 0.5545104166666667 0.013453703703703706 0.012651041666666706
0 0.6403981481481481 0.5852135416666666 0.010638888888888845 0.009453125000000107
0 0.5258703703703703 0.5666510416666666 0.019972222222222218 0.009708333333333208
0 0.5234814814814814 0.5500364583333333 0.020407407407407322 0.011651041666666551
0 0.4226296296296296 0.5624375 0.025833333333333364 0.009338541666666523
0 0.4001574074074074 0.5775260416666665 0.013462962962962876 0.005072916666666494
0 0.4305462962962963 0.5493697916666667 0.009120370370370444 0.008109375000000085
0 0.5453148148148148 0.4444427083333333 0.013194444444444444 0.012687500000000008
0 0.49059259259259264 0.45252083333333337 0.015527777777777708 0.005213541666666721
0 0.3940740740740741 0.47938541666666656 0.012935185185185263 0.009218749999999965
0 0.33314814814814814 0.47590104166666664 0.01136111111111112 0.009953125000000007
0 0.37515740740740744 0.4738802083333333 0.015851851851851805 0.006921874999999922
0 0.15924074074074074 0.586296875 0.009870370370370394 0.005677083333333321
0 0.13270370370370368 0.5915572916666666 0.015398148148148157 0.008624999999999971
0 0.13307407407407407 0.5866354166666665 0.013157407407407402 0.006348958333333421
0 0.1187222222222222 0.5738489583333333 0.011962962962962977 0.012062499999999865
0 0.1469814814814815 0.5690104166666666 0.01644444444444445 0.008947916666666523
0 0.16716666666666666 0.563625 0.010166666666666697 0.00625
0 0.15912962962962965 0.5445104166666667 0.008453703703703713 0.008406249999999994
0 0.15005555555555555 0.5546197916666665 0.009009259259259276 0.007223958333333336
0 0.1350925925925926 0.548265625 0.009796296296296268 0.00916145833333335
0 0.14076851851851852 0.5442604166666667 0.013574074074074084 0.005651041666666678
0 0.13792592592592592 0.54025 0.014574074074074083 0.005145833333333449
0 0.1609074074074074 0.5229479166666666 0.017361111111111112 0.006593750000000042
0 0.12752777777777777 0.5256718749999999 0.013351851851851866 0.005656250000000007
0 0.1620185185185185 0.5040416666666666 0.010240740740740743 0.007093749999999943
0 0.13058333333333333 0.5118072916666666 0.01212962962962965 0.005343749999999936
0 0.11383333333333333 0.5049531249999999 0.009351851851851833 0.0044062500000000785
0 0.21353703703703705 0.4988802083333333 0.005787037037037064 0.005031250000000043
0 0.21164814814814814 0.49418749999999995 0.006009259259259241 0.004656250000000028
0 0.20541666666666664 0.49671875 0.010907407407407355 0.002666666666666551
0 0.13598148148148148 0.48864583333333333 0.014907407407407428 0.002958333333333307
0 0.12468518518518518 0.48817708333333326 0.01035185185185187 0.007656249999999964
0 0.11461111111111111 0.49559374999999994 0.005564814814814806 0.0049218749999999645
0 0.16421296296296295 0.46520312500000005 0.007620370370370388 0.011656250000000057
0 0.2091111111111111 0.4619427083333333 0.011509259259259292 0.008229166666666643
0 0.2381481481481481 0.460171875 0.0071111111111111175 0.007526041666666749
0 0.22062037037037036 0.440453125 0.01136111111111112 0.006192708333333385
0 0.13627777777777778 0.4565833333333333 0.013342592592592616 0.00827083333333345
0 0.1421111111111111 0.4463749999999999 0.011953703703703727 0.00443750000000005
0 0.1360648148148148 0.4407916666666667 0.01964814814814816 0.006375000000000064
0 0.17300925925925925 0.42936458333333327 0.012018518518518541 0.009255208333333265
0 0.16296296296296295 0.421484375 0.013638888888888919 0.004140624999999965
0 0.13305555555555554 0.4267447916666667 0.014518518518518538 0.0055052083333333
0 0.1324722222222222 0.4212395833333333 0.008648148148148137 0.006119791666666608
0 0.12587037037037035 0.421484375 0.00894444444444448 0.003640625000000064
0 0.1257222222222222 0.41715625 0.011287037037037035 0.004385416666666764
0 0.1875648148148148 0.40402083333333333 0.013120370370370359 0.00607291666666665
0 0.22319444444444442 0.3927864583333333 0.011509259259259292 0.007109375000000018
0 0.15824074074074074 0.3851354166666667 0.012092592592592608 0.0059062499999999575
0 0.15043518518518517 0.390515625 0.011435185185185206 0.004546875000000039
0 0.12594444444444444 0.3866770833333333 0.011138888888888863 0.007578124999999947
0 0.13324074074074074 0.37928125 0.01635185185185186 0.0060729166666667386
0 0.1553425925925926 0.37740104166666666 0.006009259259259281 0.0070208333333333425
0 0.36935185185185176 0.3988125 0.00536111111111113 0.006770833333333348
0 0.3044814814814814 0.3815989583333333 0.015203703703703692 0.008854166666666696
0 0.26397222222222216 0.3974114583333333 0.008972222222222272 0.008734375000000006
0 0.2587407407407407 0.4268333333333333 0.0074814814814815455 0.008463541666666607
0 0.3731481481481481 0.3537708333333333 0.008972222222222272 0.004515625000000067
0 0.31557407407407406 0.34910416666666666 0.008972222222222272 0.005703125000000054
0 0.27612037037037035 0.3317864583333333 0.013833333333333383 0.010187499999999971
0 0.13041666666666665 0.36339062499999997 0.014620370370370376 0.006859375000000068
0 0.1441111111111111 0.3611875 0.007407407407407421 0.006161458333333325
0 0.1574259259259259 0.3497760416666667 0.017564814814814787 0.004416666666666647
0 0.14569444444444443 0.3535052083333333 0.009740740740740723 0.007937499999999976
0 0.1559814814814815 0.3362604166666666 0.01633333333333332 0.007963541666666619
0 0.16243518518518518 0.32771354166666666 0.01235185185185183 0.004989583333333325
0 0.21699074074074073 0.337171875 0.01605555555555556 0.003994791666666675
0 0.2200833333333333 0.3275416666666667 0.011120370370370362 0.006270833333333314
0 0.20937037037037037 0.32024479166666664 0.014407407407407409 0.005572916666666661
0 0.1763611111111111 0.3179270833333333 0.012074074074074086 0.005109374999999972
0 0.20135185185185184 0.3088020833333333 0.012092592592592568 0.007484374999999943
0 0.2325648148148148 0.32017708333333333 0.017046296296296344 0.0041458333333333815
0 0.19639814814814816 0.3031979166666666 0.009314814814814791 0.004635416666666714
0 0.23464814814814813 0.3156041666666667 0.01327777777777778 0.004364583333333361
0 0.2443796296296296 0.31299479166666666 0.00906481481481478 0.0033906250000000247
0 0.23108333333333334 0.29102083333333334 0.014722222222222175 0.004880208333333247
0 0.21410185185185182 0.29204166666666664 0.005444444444444466 0.005510416666666629
0 0.19673148148148145 0.29569270833333333 0.011305555555555537 0.0043333333333333
0 0.1832685185185185 0.2996770833333333 0.006972222222222197 0.003593750000000018