0 0.6070833333333333 0.2636354166666667 0.010888888888888932 0.01189583333333335
0 0.5510185185185186 0.2504791666666667 0.016657407407407416 0.0057656249999999964
0 0.49624074074074076 0.24904166666666666 0.008333333333333333 0.005046875000000029
0 0.6250185185185185 0.32634375000000004 0.017296296296296355 0.008291666666666675
0 0.6653888888888889 0.32832812499999997 0.013453703703703626 0.007927083333333317
0 0.8140370370370369 0.3112083333333333 0.017296296296296355 0.00684895833333341
0 0.3315740740740741 0.290484375 0.02754629629629627 0.011531250000000081
0 0.42126851851851854 0.3450885416666667 0.0172962962962962 0.010453124999999997
0 0.2591666666666666 0.33769791666666665 0.019861111111111128 0.007208333333333261
0 0.2604537037037037 0.40437499999999993 0.012175925925925904 0.01657812499999998
0 0.12525925925925926 0.37734375 0.013453703703703666 0.007208333333333261
0 0.23578703703703702 0.46762499999999996 0.02562962962962961 0.009010416666666642
0 0.1339074074074074 0.44275520833333337 0.012814814814814805 0.0097291666666667
0 0.10924074074074075 0.454109375 0.016018518518518515 0.011531249999999993
0 0.07405555555555556 0.4637656249999999 0.006749999999999999 0.009369791666666672
0 0.08598148148148148 0.48718749999999994 0.0162037037037037 0.014182291666666735
0 0.12087037037037035 0.5173177083333333 0.02025925925925927 0.014182291666666735
0 0.13257407407407407 0.48490625 0.015759259259259254 0.009114583333333393
0 0.36845370370370367 0.5627708333333332 0.016657407407407416 0.011395833333333449
0 0.8283055555555555 0.427546875 0.013240740740740699 0.012026041666666565
0 0.9810277777777776 0.5432395833333332 0.013240740740741015 0.009734375000000028
0 0.5793518518518519 0.6334427083333333 0.030546296296296304 0.010307291666666708
0 0.7509166666666667 0.5463906249999999 0.023416666666666527 0.00916145833333335
0 0.9357222222222222 0.5704427083333333 0.01018518518518508 0.0137447916666666
0 0.7422685185185185 0.6222760416666666 0.012222222222222159 0.006302083333333286
0 0.7885925925925925 0.6463333333333333 0.019342592592592685 0.009734375000000028
0 0.971425925925926 0.6379791666666667 0.007805555555555404 0.006416666666666693
0 0.8879444444444443 0.7227708333333334 0.011407407407407453 0.005744791666666771
0 0.8555185185185186 0.7021614583333333 0.010212962962962832 0.011145833333333322
0 0.8468055555555555 0.7023333333333334 0.01200925925925939 0.010812500000000114
0 0.8432037037037036 0.7388177083333333 0.015611111111111124 0.007432291666666657
0 0.8110740740740741 0.75334375 0.01621296296296306 0.004729166666666629
0 0.7798425925925926 0.7413489583333334 0.01621296296296306 0.008447916666666621
0 0.7299999999999999 0.7107760416666666 0.023425925925925777 0.007432291666666657
0 0.586462962962963 0.7514843749999999 0.0162129629629629 0.005744791666666771
0 0.5921666666666666 0.8084114583333333 0.013212962962962945 0.004052083333333556
0 0.5029814814814815 0.8036770833333332 0.015018518518518596 0.00608333333333313
0 0.46124074074074073 0.796078125 0.012009259259259232 0.0050677083333333425
0 0.4735555555555555 0.7997968749999999 0.011407407407407453 0.004390624999999826
0 0.4639444444444444 0.74 0.011407407407407453 0.006416666666666693
0 0.4056018518518518 0.7614322916666667 0.02167592592592595 0.008640625000000134
0 0.21724999999999997 0.744921875 0.017166666666666684 0.01321354166666655
0 0.20731481481481479 0.6877552083333333 0.013546296296296292 0.011687500000000028
0 0.3825648148148148 0.6524427083333333 0.017166666666666684 0.008130208333333399
0 0.2611944444444444 0.73340625 0.015870370370370385 0.010640624999999914
0 0.2718703703703704 0.7486822916666667 0.01159259259259255 0.009609374999999965
0 0.2895740740740741 0.7505729166666666 0.014037037037036982 0.005151041666666601
0 0.30833333333333335 0.7851822916666666 0.011694444444444467 0.005703124999999964
0 0.48432407407407413 0.5020885416666666 0.021351851851851854 0.01651041666666675