0 0.7104537037037036 0.2620833333333333 0.024555555555555567 0.011963541666666622
0 0.7299444444444444 0.29491666666666666 0.015129629629629448 0.004255208333333371
0 0.7391666666666665 0.30315624999999996 0.01749074074074094 0.006380208333333304
0 0.47772222222222227 0.231890625 0.009925925925925899 0.011166666666666724
0 0.4564537037037037 0.21952604166666667 0.024111111111111132 0.007713541666666668
0 0.4356481481481481 0.23109374999999996 0.015601851851851874 0.005317708333333382
0 0.43801851851851853 0.28188541666666667 0.01937962962962953 0.007979166666666603
0 0.21013888888888888 0.2667239583333333 0.01276851851851851 0.012234374999999974
0 0.22881481481481483 0.31526041666666665 0.01607407407407406 0.00877604166666659
0 0.1735 0.36764583333333334 0.02080555555555558 0.007182291666666618
0 0.3451203703703704 0.4083333333333333 0.014185185185185231 0.005052083333333357
0 0.12386111111111112 0.316453125 0.016074074074074098 0.007447916666666643
0 0.09620370370370371 0.33174479166666665 0.013712962962962965 0.00983854166666669
0 0.06358333333333334 0.32815625 0.015601851851851853 0.008510416666666654
0 0.15932407407407406 0.41139062499999995 0.005675925925925935 0.006380208333333392
0 0.14655555555555555 0.42867708333333326 0.021749999999999995 0.006916666666666594
0 0.03687962962962962 0.43718749999999995 0.006620370370370379 0.006380208333333392
0 0.002777777777777778 0.5041666666666667 0.005555555555555556 0.00625
0 0.040657407407407406 0.5886354166666667 0.006620370370370379 0.006645833333333506
0 0.0026018518518518517 0.608578125 0.0052037037037037034 0.005052083333333179
0 0.29618518518518516 0.6124322916666666 0.01937962962962961 0.015421875000000007
0 0.04562037037037037 0.6730677083333333 0.016546296296296302 0.005848958333333343
0 0.11819444444444444 0.7222604166666666 0.01796296296296297 0.005317708333333293
0 0.3113148148148148 0.6384947916666667 0.015601851851851874 0.004786458333333421
0 0.3388148148148148 0.7528385416666666 0.02271296296296291 0.007130208333333421
0 0.3538703703703704 0.7908645833333333 0.01901851851851851 0.008317708333333229
0 0.4734999999999999 0.7645729166666666 0.02271296296296299 0.007427083333333506
0 0.571212962962963 0.7776458333333333 0.006870370370370438 0.00564583333333335
0 0.584462962962963 0.7740520833333333 0.013916666666666641 0.003911458333333506
0 0.6198888888888889 0.7643541666666666 0.019611111111111117 0.006229166666666686
0 0.6608425925925926 0.7229947916666667 0.00853703703703701 0.010317708333333364
0 0.7131851851851851 0.7432760416666666 0.01834259259259257 0.010317708333333364
0 0.7144537037037036 0.7076927083333333 0.021509259259259277 0.011739583333333314
0 0.6334907407407406 0.6921302083333334 0.01834259259259249 0.0048020833333332295
0 0.599962962962963 0.6626874999999999 0.022138888888888965 0.0071145833333332575
0 0.6793518518518519 0.6361770833333333 0.012018518518518482 0.009604166666666636
0 0.7890185185185185 0.7003541666666667 0.01121296296296287 0.013161458333333265
0 0.8677499999999999 0.6700572916666666 0.013648148148148052 0.012338541666666637
0 0.9179629629629629 0.5995781250000001 0.012675925925926082 0.008500000000000086
0 0.9359999999999999 0.6015 0.006824074074073868 0.00795312500000005
0 0.8423981481481481 0.5164895833333333 0.02145370370370377 0.009046874999999944
0 0.9174722222222221 0.4951041666666667 0.011703703703703796 0.01563020833333333
0 0.9355185185185184 0.42421875 0.013648148148148052 0.012067708333333371
0 0.5425925925925925 0.4346354166666666 0.024379629629629564 0.012067708333333371
0 0.40852777777777777 0.48235416666666664 0.01072222222222226 0.005484374999999986
0 0.38122222222222224 0.48578124999999994 0.01364814814814821 0.005760416666666579