0 0.32141666666666663 0.24268229166666666 0.02335185185185185 0.013770833333333333
0 0.36625925925925923 0.25045833333333334 0.011027777777777695 0.009182291666666665
0 0.4080185185185185 0.23324999999999996 0.012037037037036985 0.006187499999999968
0 0.4306574074074074 0.22418229166666664 0.012611111111111168 0.008197916666666671
0 0.4679074074074074 0.21994791666666663 0.018333333333333396 0.006984374999999954
0 0.4876759259259259 0.21805208333333334 0.013175925925925943 0.007281250000000039
0 0.5094537037037037 0.21607812499999998 0.015472222222222203 0.007203125000000021
0 0.5323703703703704 0.2227708333333333 0.009740740740740723 0.0077916666666666854
0 0.5437592592592593 0.22357812499999996 0.008453703703703751 0.009406249999999972
0 0.47434259259259254 0.23369791666666667 0.01939814814814819 0.006739583333333332
0 0.4598518518518518 0.24937499999999999 0.015277777777777777 0.008000000000000007
0 0.4891851851851852 0.2621979166666667 0.01364814814814821 0.008468750000000025
0 0.4225277777777777 0.255046875 0.013546296296296292 0.006739583333333332
0 0.49152777777777773 0.27191145833333336 0.0150740740740741 0.006953124999999982
0 0.5681203703703704 0.26695312499999996 0.02077777777777783 0.005833333333333357
0 0.5848240740740741 0.27186458333333335 0.015888888888888966 0.00717708333333329
0 0.5749444444444445 0.23665624999999996 0.009166666666666698 0.011197916666666696
0 0.5647314814814814 0.22977604166666668 0.009620370370370463 0.011197916666666696
0 0.5802407407407407 0.22147916666666667 0.016907407407407347 0.004630208333333297
0 0.5912407407407406 0.22699479166666664 0.017314814814814856 0.006208333333333283
0 0.6358981481481482 0.24685416666666665 0.01660185185185191 0.0050677083333333425
0 0.6400555555555555 0.263 0.01186111111111106 0.008036458333333307
0 0.6650833333333332 0.27040624999999996 0.010185185185185238 0.011104166666666693
0 0.6832592592592591 0.25715104166666664 0.017620370370370293 0.0059531250000000036
0 0.714787037037037 0.27165625000000004 0.01364814814814813 0.007312500000000011
0 0.702388888888889 0.29667187500000003 0.014509259259259326 0.004833333333333289
0 0.6863425925925926 0.30378125 0.01145370370370355 0.009385416666666656
0 0.6665092592592592 0.29929687499999996 0.012425925925925993 0.007578124999999947
0 0.6541111111111112 0.2971614583333333 0.015222222222222272 0.004739583333333286
0 0.607 0.31655729166666663 0.01776851851851862 0.005151041666666689
0 0.5261851851851851 0.29319270833333333 0.019601851851851867 0.006546874999999996
0 0.7539444444444443 0.29582291666666666 0.010907407407407277 0.007062499999999972
0 0.7342870370370369 0.3011354166666666 0.018259259259259388 0.005572916666666661
0 0.7185092592592591 0.310578125 0.014305555555555492 0.008937500000000043
0 0.7127222222222221 0.32939062499999994 0.02181481481481479 0.0061250000000000245
0 0.6948425925925925 0.3517083333333333 0.007861111111111067 0.009427083333333286
0 0.660324074074074 0.35040104166666663 0.020092592592592634 0.011927083333333411
0 0.6303888888888889 0.34450520833333337 0.01095370370370369 0.005291666666666739
0 0.7906203703703704 0.3173125 0.011620370370370224 0.004031249999999975
0 0.794425925925926 0.340859375 0.01313888888888894 0.006588541666666714
0 0.7879537037037037 0.3568489583333333 0.01035185185185191 0.008848958333333368
0 0.7774537037037037 0.3755208333333333 0.016129629629629803 0.007942708333333303
0 0.7330185185185185 0.379984375 0.006592592592592597 0.00966145833333334
0 0.6877407407407407 0.3798125 0.005833333333333238 0.008864583333333353
0 0.6563148148148148 0.38689062500000004 0.011462962962963117 0.008723958333333304
0 0.8238703703703703 0.3669270833333333 0.013083333333333435 0.004104166666666753
0 0.8632592592592592 0.35540625 0.011916666666666565 0.004598958333333325
0 0.8719074074074074 0.364640625 0.0113611111111112 0.006390624999999961
0 0.8326944444444444 0.37336458333333333 0.009638888888888964 0.00791666666666666
0 0.9039444444444443 0.395171875 0.013749999999999811 0.006166666666666654
0 0.9282685185185184 0.41522395833333337 0.015324074074074032 0.004890624999999993
0 0.8709722222222221 0.4227864583333333 0.020851851851851837 0.010322916666666692
0 0.7656111111111111 0.421484375 0.009388888888888875 0.013114583333333308
0 0.803574074074074 0.44261979166666665 0.011259259259259441 0.010598958333333287
0 0.7691296296296296 0.46460937499999994 0.018055555555555554 0.0063593750000000785
0 0.6176388888888888 0.43827604166666667 0.017296296296296355 0.007630208333333321
0 0.6112685185185185 0.40867708333333325 0.016231481481481402 0.011057291666666736
0 0.5576018518518518 0.46538020833333327 0.018055555555555554 0.007333333333333236
0 0.5276481481481481 0.43920312499999997 0.016583333333333408 0.0046302083333333854
0 0.4442222222222222 0.43987499999999996 0.011361111111111042 0.005119791666666628
0 0.38489814814814816 0.5043593749999999 0.007861111111111067 0.006531249999999922
0 0.3759907407407407 0.5008177083333333 0.011870370370370469 0.004020833333333407
0 0.3196851851851852 0.5769427083333334 0.013490740740740787 0.005604166666666721
0 0.3186481481481481 0.5682083333333333 0.011314814814814866 0.0052552083333333496
0 0.39136111111111105 0.5818385416666667 0.013185185185185194 0.005406250000000057
0 0.36031481481481475 0.5479270833333333 0.01237962962962962 0.00607291666666665
0 0.4749166666666666 0.5756145833333333 0.015518518518518458 0.008182291666666685
0 0.4826759259259259 0.5910833333333334 0.013185185185185194 0.009343750000000029
0 0.4878981481481481 0.3666614583333333 0.021749999999999957 0.014973958333333304
0 0.46479629629629626 0.3628541666666666 0.01850000000000007 0.007359375000000057
0 0.3886203703703703 0.34487499999999993 0.026324074074073976 0.007197916666666604
0 0.296824074074074 0.26927604166666663 0.01299074074074069 0.007786458333333357
0 0.30816666666666664 0.2837864583333333 0.0128611111111111 0.009208333333333396
0 0.3208240740740741 0.2841406249999999 0.012731481481481509 0.007307291666666682
0 0.29059259259259257 0.287015625 0.014851851851851845 0.009322916666666714
0 0.2522685185185185 0.287234375 0.011935185185185146 0.008281250000000018
0 0.2459444444444444 0.27561458333333333 0.009351851851851873 0.008531250000000056
0 0.22037962962962962 0.2855416666666667 0.01604629629629631 0.01047916666666664
0 0.21987962962962962 0.29971354166666664 0.012398148148148162 0.008994791666666658
0 0.23443518518518516 0.29915624999999996 0.014453703703703743 0.011604166666666683
0 0.2893981481481482 0.31053125000000004 0.014583333333333334 0.006666666666666643
0 0.3098888888888889 0.3063177083333333 0.006759259259259191 0.00390625
0 0.3034537037037037 0.3107552083333333 0.005037037037037114 0.005718750000000039
0 0.2593333333333333 0.32612499999999994 0.01173148148148147 0.005312500000000053
0 0.28025 0.35996354166666666 0.00954629629629622 0.006796874999999947
0 0.3353425925925926 0.3863333333333333 0.011537037037037044 0.005083333333333329
0 0.3105833333333333 0.40296875 0.008685185185185181 0.007036458333333329
0 0.22906481481481478 0.3996302083333333 0.009277777777777788 0.005984375000000019
0 0.1911759259259259 0.39936979166666664 0.014120370370370396 0.004682291666666671
0 0.17649074074074073 0.390140625 0.008879629629629586 0.009713541666666714
0 0.12723148148148147 0.3927135416666666 0.014055555555555562 0.006656249999999986
0 0.12351851851851853 0.41005208333333326 0.008222222222222205 0.008140625000000058
0 0.09073148148148147 0.41210416666666666 0.009481481481481494 0.008515624999999893
0 0.0728611111111111 0.42071875 0.014055555555555562 0.0033437499999999787
0 0.09013888888888888 0.42532291666666666 0.01464814814814814 0.004197916666666579
0 0.1298148148148148 0.429296875 0.010212962962962951 0.00408333333333335
0 0.12186111111111113 0.3550833333333333 0.010212962962962951 0.006729166666666675
0 0.10687962962962963 0.35681770833333337 0.008351851851851874 0.006838541666666753
0 0.1526851851851852 0.34780729166666663 0.010870370370370391 0.004093749999999919
0 0.16753703703703704 0.3476197916666666 0.01034259259259262 0.0067239583333333465
0 0.052842592592592594 0.46745833333333325 0.014851851851851864 0.00845833333333328
0 0.06440740740740741 0.45521874999999995 0.00815740740740741 0.009348958333333357
0 0.05171296296296297 0.45467708333333334 0.00994444444444444 0.007145833333333407
0 0.04223148148148148 0.4499427083333333 0.0095462962962963 0.007369791666666714
0 0.04425925925925925 0.4428177083333333 0.005638888888888887 0.005796875000000057
0 0.2550925925925926 0.519734375 0.015583333333333371 0.008932291666666713
0 0.23198148148148146 0.4487135416666666 0.01047222222222225 0.013114583333333308
0 0.16650925925925927 0.5499947916666666 0.009749999999999974 0.008463541666666607
0 0.0959074074074074 0.5441197916666667 0.009083333333333322 0.009255208333333265
0 0.07402777777777778 0.532125 0.015712962962962963 0.007651041666666636
0 0.19210185185185186 0.6246041666666666 0.013592592592592625 0.009531250000000036
0 0.16058333333333333 0.6280572916666666 0.015518518518518497 0.008937499999999866
0 0.16203703703703703 0.599609375 0.015777777777777797 0.004994791666666743
0 0.2469722222222222 0.6434583333333334 0.009277777777777788 0.005390624999999894
0 0.2024166666666667 0.6534947916666667 0.005564814814814806 0.006479166666666636
0 0.37983333333333336 0.6256458333333332 0.008750000000000095 0.005583333333333229
0 0.41285185185185186 0.6639062499999999 0.009018518518518526 0.006421875000000021
0 0.4021111111111111 0.677375 0.009277777777777708 0.0046875
0 0.3594166666666666 0.675453125 0.006101851851851829 0.006020833333333364
0 0.3515925925925926 0.7027083333333334 0.0068981481481481905 0.009432291666666792
0 0.3899074074074074 0.6974635416666667 0.009814814814814889 0.005156250000000107
0 0.3661759259259259 0.7206979166666667 0.014324074074074152 0.006624999999999837
0 0.3108796296296296 0.7127864583333332 0.00981481481481481 0.005723958333333279
0 0.3145925925925926 0.7312083333333333 0.011935185185185146 0.00490104166666665
0 0.3038240740740741 0.7247552083333333 0.006962962962962946 0.004671874999999837
0 0.3669351851851852 0.7529583333333333 0.011203703703703778 0.007374999999999865
0 0.35566666666666663 0.7355 0.009879629629629605 0.0037864583333332646
0 0.4675462962962962 0.7463177083333333 0.01684259259259259 0.007401041666666686
0 0.4726574074074074 0.753765625 0.01670370370370367 0.006010416666666707
0 0.49718518518518523 0.7597916666666666 0.018037037037037053 0.0050052083333334
0 0.5235092592592592 0.7655729166666667 0.011805555555555555 0.005380208333333236
0 0.519824074074074 0.7231197916666667 0.017305555555555605 0.007000000000000029
0 0.5798981481481481 0.7606093749999999 0.011074074074074108 0.0082760416666666
0 0.5556944444444444 0.7829739583333333 0.010407407407407416 0.006432291666666678
0 0.5514166666666667 0.7087135416666667 0.015648148148148286 0.005406250000000057
0 0.6069444444444444 0.7009687499999999 0.013861111111111137 0.0044843750000000075
0 0.6481851851851851 0.7083541666666666 0.014120370370370318 0.007609375000000007
0 0.6637314814814814 0.754734375 0.011138888888888863 0.005338541666666608
0 0.6430092592592593 0.762921875 0.009083333333333284 0.004770833333333257
0 0.6371759259259259 0.7711510416666666 0.015842592592592554 0.003854166666666714
0 0.6147314814814814 0.7716510416666666 0.014981481481481594 0.005213541666666721
0 0.616787037037037 0.7628124999999999 0.012203703703703815 0.006197916666666714
0 0.7143148148148147 0.7502916666666666 0.020416666666666652 0.008765625000000022
0 0.7425648148148147 0.7410416666666666 0.01061111111111125 0.003401041666666771
0 0.7493888888888888 0.7154322916666667 0.00887962962962945 0.006510416666666607
0 0.7490925925925924 0.7068177083333332 0.008814814814814692 0.008328124999999886
0 0.7883055555555555 0.70784375 0.009277777777777866 0.004166666666666608
0 0.7832037037037036 0.6906354166666666 0.010212962962962832 0.005052083333333179
0 0.6858055555555556 0.6842499999999999 0.015379629629629537 0.011442708333333228
0 0.8344814814814814 0.6872968749999999 0.009083333333333284 0.007963541666666707
0 0.7946388888888889 0.666703125 0.015842592592592394 0.0075416666666667355
0 0.849074074074074 0.6958177083333333 0.006435185185185333 0.004713541666666821
0 0.8712129629629629 0.6858958333333334 0.012527777777777752 0.006661458333333314
0 0.8559351851851852 0.6748020833333332 0.015907407407407467 0.005083333333333506
0 0.8923333333333333 0.6816822916666666 0.010740740740740762 0.005052083333333179
0 0.9070555555555555 0.6718020833333332 0.010740740740740762 0.011770833333333286
0 0.8814629629629629 0.648078125 0.015907407407407467 0.01541145833333335
0 0.9385092592592593 0.6381510416666666 0.01518518518518527 0.006005208333333378
0 0.9705 0.6286927083333332 0.01352777777777779 0.007317708333333428
0 0.9564814814814814 0.6244999999999999 0.018361111111111147 0.008531250000000056
0 0.9370185185185185 0.6267552083333332 0.010212962962962832 0.00670833333333345
0 0.9342685185185184 0.6236770833333333 0.008416666666666591 0.00390625
0 0.9148055555555555 0.6207499999999999 0.005564814814814806 0.004562500000000113
0 0.8664444444444444 0.6296458333333333 0.01544444444444461 0.008385416666666678
0 0.893324074074074 0.6088125 0.011407407407407453 0.007369791666666714
0 0.9074166666666665 0.6020416666666667 0.015712962962962884 0.006552083333333236
0 0.904 0.596203125 0.013925925925925892 0.010494791666666715
0 0.8002777777777776 0.6353541666666667 0.019296296296296114 0.007119791666666764
0 0.8053148148148147 0.6140729166666666 0.023666666666666617 0.012666666666666692
0 0.7648055555555555 0.6054947916666666 0.013194444444444444 0.011916666666666664
0 0.7179259259259259 0.6298489583333333 0.020750000000000077 0.005749999999999922
0 0.7307592592592592 0.652046875 0.01352777777777779 0.00955729166666668
0 0.6988703703703703 0.6509114583333333 0.014722222222222255 0.007651041666666636
0 0.5899074074074074 0.6157708333333333 0.011601851851851879 0.005989583333333393
0 0.6950925925925926 0.5985885416666666 0.012462962962962997 0.004822916666666721
0 0.5949444444444444 0.5858541666666666 0.02234259259259264 0.004713541666666821
0 0.6314444444444445 0.5764166666666666 0.015120370370370355 0.007468750000000135
0 0.5985555555555556 0.5679895833333333 0.018296296296296234 0.005526041666666792
0 0.9478981481481482 0.5725364583333332 0.006555555555555593 0.0049479166666666075
0 0.9536481481481481 0.5705052083333333 0.009083333333333284 0.006380208333333392
0 0.8615555555555555 0.5732031249999999 0.011879629629629563 0.003114583333333343
0 0.9736296296296296 0.55965625 0.010037037037037067 0.005979166666666735
0 0.9514629629629628 0.5428645833333332 0.012333333333333484 0.009000000000000164
0 0.9330462962962962 0.5420937499999999 0.011935185185185384 0.007432291666666657
0 0.9847777777777778 0.5077135416666666 0.011157407407407682 0.007401041666666686
0 0.9684999999999999 0.5137708333333333 0.00829629629629633 0.0069010416666666075
0 0.9368888888888888 0.5235156249999999 0.014574074074074083 0.015671874999999957
0 0.9482037037037035 0.50625 0.010314814814814907 0.012354166666666621
0 0.9102314814814814 0.5090729166666665 0.014518518518518578 0.013270833333333343
0 0.8473703703703702 0.5093229166666666 0.013120370370370438 0.012510416666666658
0 0.9748055555555554 0.4943177083333333 0.017768518518518465 0.005515624999999957
0 0.9936944444444445 0.4857708333333333 0.008018518518518489 0.00670833333333345
0 0.9695092592592592 0.483703125 0.01659259259259266 0.0040468750000000496
0 0.8934166666666666 0.4759270833333333 0.0168703703703705 0.007932291666666735
0 0.9535648148148147 0.4501302083333333 0.009805555555555796 0.005421875000000043
0 0.9750277777777777 0.44844270833333333 0.009583333333333144 0.006776041666666721
0 0.9558333333333332 0.4459791666666666 0.010314814814814591 0.003192708333333449
0 0.9486851851851851 0.4418541666666666 0.02191666666666663 0.008093749999999922
0 0.7207222222222222 0.5082552083333333 0.017768518518518465 0.008791666666666665
0 0.7250185185185185 0.5293177083333334 0.012333333333333169 0.0070885416666666146