0 0.34502777777777777 0.2556510416666667 0.023824074074074116 0.007624999999999993
0 0.4337499999999999 0.26616145833333327 0.02382407407407404 0.007854166666666629
0 0.42388888888888887 0.2709010416666667 0.011499999999999962 0.005776041666666653
0 0.40191666666666664 0.26546875 0.02012962962962964 0.008317708333333318
0 0.3366018518518518 0.2770208333333333 0.018481481481481488 0.005546875000000018
0 0.3191481481481481 0.28418229166666664 0.01889814814814809 0.012473958333333358
0 0.30925925925925923 0.2765833333333333 0.010824074074074099 0.003432291666666654
0 0.3211851851851852 0.312015625 0.017481481481481452 0.006244791666666671
0 0.23891666666666664 0.30288541666666663 0.01887037037037034 0.005776041666666653
0 0.481824074074074 0.29444791666666664 0.02373148148148153 0.01505208333333341
0 0.5461203703703703 0.313140625 0.01683333333333334 0.006312499999999943
0 0.56425 0.28340624999999997 0.017694444444444297 0.007041666666666657
0 0.6548703703703703 0.2982135416666667 0.009925925925925899 0.008494791666666668
0 0.6710555555555555 0.293359375 0.020712962962962916 0.005098958333333315
0 0.6652314814814815 0.31290104166666666 0.019416666666666693 0.005338541666666696
0 0.7387314814814815 0.31009374999999995 0.012629629629629827 0.010776041666666725
0 0.7472222222222222 0.3287083333333333 0.015675925925925878 0.009796874999999972
0 0.6923611111111111 0.34891666666666665 0.018287037037036984 0.009062500000000018
0 0.7868518518518518 0.3776927083333333 0.019157407407407352 0.009307291666666639
0 0.8066666666666666 0.3476927083333333 0.012629629629629827 0.010041666666666681
0 0.8020925925925926 0.35651041666666666 0.009583333333333144 0.007104166666666689
0 0.8251666666666665 0.34499479166666663 0.007842592592592724 0.008083333333333354
0 0.8443333333333333 0.38920833333333327 0.012194444444444407 0.009796874999999972
0 0.8911388888888887 0.36251041666666667 0.01698148148148151 0.0058802083333333146
0 0.9068148148148147 0.37892187499999996 0.019592592592592772 0.008817708333333396
0 0.898324074074074 0.38541145833333335 0.013935185185185143 0.007593749999999932
0 0.8944074074074074 0.3949635416666667 0.01045370370370367 0.005635416666666604
0 0.9057314814814815 0.3997395833333333 0.009583333333333144 0.01077604166666668
0 0.9338888888888889 0.39940625 0.00894444444444452 0.008802083333333367
0 0.9221574074074073 0.4111197916666667 0.0106203703703705 0.011161458333333308
0 0.9295555555555555 0.4195260416666667 0.010898148148148027 0.012260416666666708
0 0.9222962962962963 0.4395677083333333 0.006425925925926081 0.009276041666666578
0 0.830361111111111 0.45403125 0.015370370370370286 0.010843749999999907
0 0.9919166666666666 0.46572916666666664 0.011796296296295989 0.009630208333333279
0 0.9820277777777777 0.49546874999999996 0.01863888888888899 0.012625000000000063
0 0.9643333333333333 0.511625 0.014453703703703821 0.012411458333333236
0 0.9930092592592593 0.5177239583333333 0.013981481481481397 0.008343750000000049
0 0.9971944444444445 0.5238229166666667 0.005611111111111061 0.0051354166666666146
0 0.9443611111111109 0.5060625 0.013314814814814705 0.004281250000000014
0 0.7902962962962963 0.4697916666666666 0.014833333333333422 0.00877083333333335
0 0.7958148148148149 0.4823124999999999 0.012935185185185105 0.009843750000000106
0 0.9616944444444445 0.5787968749999999 0.015796296296296142 0.013468750000000007
0 0.9413425925925926 0.5655989583333334 0.009574074074073893 0.010770833333333308
0 0.9205185185185185 0.5814895833333333 0.011972222222222386 0.012927083333333478
0 0.9576296296296296 0.6023645833333333 0.006703703703703607 0.007270833333333293
0 0.8898703703703703 0.5569791666666667 0.007185185185185282 0.009156250000000022
0 0.902324074074074 0.5855312500000001 0.012925925925925855 0.005385416666666742
0 0.9724722222222222 0.644109375 0.02106481481481492 0.007270833333333293
0 0.9324907407407407 0.61690625 0.011009259259259352 0.006192708333333208
0 0.7859722222222222 0.5972447916666667 0.012925925925925855 0.013197916666666743
0 0.9267407407407408 0.6531302083333334 0.023462962962962783 0.007005208333333179
0 0.9128148148148149 0.6628645833333333 0.011231481481481688 0.009927083333333364
0 0.9145740740740741 0.6745052083333333 0.015398148148148355 0.007578125000000035
0 0.8990185185185184 0.68028125 0.015722222222222134 0.006494791666666622
0 0.8836203703703702 0.6741458333333332 0.015074074074073943 0.004328124999999972
0 0.2164722222222222 0.29515104166666667 0.021240740740740765 0.008270833333333361
0 0.26658333333333334 0.36469270833333334 0.02232407407407406 0.009494791666666646
0 0.16664814814814813 0.30924479166666663 0.015249999999999986 0.011947916666666725
0 0.16637037037037036 0.32624479166666664 0.01035185185185187 0.0098020833333333
0 0.1704537037037037 0.35948437499999997 0.009805555555555519 0.011333333333333329
0 0.15901851851851853 0.356421875 0.008712962962962973 0.009494791666666646
0 0.12266666666666666 0.36358854166666665 0.009777777777777767 0.00916666666666659
0 0.08495370370370368 0.3648958333333333 0.019083333333333338 0.00916666666666659
0 0.10776851851851851 0.4256458333333333 0.016296296296296277 0.01126041666666655
0 0.07867592592592591 0.4243385416666666 0.02234259259259259 0.009166666666666679
0 0.01536111111111111 0.43166666666666664 0.013962962962962962 0.009166666666666679
0 0.08007407407407408 0.46034375 0.016759259259259255 0.00838020833333335
0 0.003722222222222222 0.4506562499999999 0.007444444444444444 0.005760416666666579
0 0.038175925925925926 0.47997916666666657 0.01675925925925927 0.005760416666666579
0 0.05958333333333332 0.5004062499999999 0.01582407407407407 0.013614583333333385
0 0.09403703703703703 0.5217499999999999 0.010240740740740743 0.010213541666666614
0 0.3135277777777778 0.4981822916666666 0.018157407407407393 0.006546874999999908
0 0.28583333333333333 0.5153333333333333 0.009314814814814791 0.009427083333333286
0 0.08682407407407407 0.5517291666666666 0.01722222222222221 0.004713541666666821
0 0.07913888888888888 0.5729427083333333 0.017685185185185186 0.012046875000000058
0 0.06237962962962963 0.5877343749999999 0.01955555555555555 0.008119791666666742
0 0.07564814814814814 0.6257031249999999 0.013500000000000019 0.011781249999999943
0 0.027694444444444445 0.6199427083333333 0.013499999999999998 0.01388020833333332
0 0.07541666666666666 0.63840625 0.01582407407407407 0.010999999999999944
0 0.12475925925925926 0.6590885416666666 0.023277777777777765 0.006807291666666692
0 0.0586574074074074 0.6728385416666666 0.00931481481481481 0.012307291666666664
0 0.039101851851851846 0.6644583333333334 0.01582407407407407 0.012307291666666664
0 0.0325 0.6852239583333334 0.014009259259259258 0.009697916666666551
0 0.1462037037037037 0.701125 0.014981481481481474 0.015223958333333343
0 0.10512037037037038 0.7224635416666667 0.019814814814814834 0.005166666666666764
0 0.2329537037037037 0.691609375 0.021268518518518516 0.008697916666666573
0 0.3129351851851852 0.6918802083333333 0.014018518518518479 0.009786458333333314
0 0.18124074074074076 0.7450260416666666 0.019333333333333334 0.014953125000000077
0 0.19766666666666666 0.7538645833333334 0.013537037037037042 0.011416666666666764
0 0.16214814814814815 0.7677291666666666 0.014018518518518519 0.007614583333333336
0 0.14910185185185185 0.7747968749999999 0.010148148148148116 0.011963541666666622
0 0.28297222222222224 0.78240625 0.01885185185185184 0.011416666666666764
0 0.29215740740740737 0.7906979166666667 0.014981481481481436 0.007338541666666742
0 0.2934537037037037 0.7976302083333333 0.019629629629629698 0.008875000000000011
0 0.2899907407407407 0.8093229166666667 0.011935185185185146 0.01320312500000007
0 0.2926851851851852 0.8206875 0.02655555555555548 0.006927083333333428
0 0.31866666666666665 0.8295625 0.015398148148148117 0.005197916666666557
0 0.33617592592592593 0.7947083333333332 0.015777777777777717 0.006494791666666622
0 0.43817592592592597 0.8061354166666665 0.012990740740740768 0.011307291666666686
0 0.4657962962962963 0.805671875 0.017398148148148114 0.0048281249999998724
0 0.44930555555555557 0.8225729166666665 0.019203703703703764 0.007119791666666586
0 0.4244537037037037 0.822890625 0.016490740740740743 0.007755208333333386