0 0.457037037037037 0.23794791666666665 0.012694444444444425 0.008062500000000038
0 0.4315277777777778 0.24024479166666665 0.01605555555555564 0.007557291666666632
0 0.4221388888888889 0.2435625 0.008935185185185112 0.006171874999999982
0 0.4139074074074074 0.24629166666666666 0.011916666666666723 0.006536458333333339
0 0.49653703703703705 0.24760416666666663 0.014509259259259326 0.00625
0 0.4592407407407407 0.24996875 0.026935185185185163 0.0072343749999999925
0 0.45250925925925917 0.25842187499999997 0.0062129629629629965 0.01072395833333335
0 0.490324074074074 0.2593020833333333 0.011398148148148044 0.008515624999999982
0 0.49 0.2764583333333333 0.01592592592592597 0.0059791666666666465
0 0.473287037037037 0.277734375 0.015407407407407448 0.006046874999999919
0 0.46538888888888885 0.28407812499999996 0.013342592592592616 0.00852604166666664
0 0.4130648148148148 0.2743489583333333 0.01955555555555561 0.00873958333333329
0 0.3786203703703704 0.25474479166666664 0.01592592592592597 0.008875000000000011
0 0.35977777777777775 0.2752239583333333 0.018648148148148122 0.013406249999999975
0 0.31554629629629627 0.2705208333333333 0.010750000000000013 0.010562499999999985
0 0.2973518518518518 0.26432812499999997 0.019166666666666683 0.008369791666666692
0 0.2698333333333333 0.2734375 0.010750000000000013 0.007645833333333396
0 0.564398148148148 0.24647395833333335 0.013472222222222127 0.008401041666666664
0 0.5726851851851852 0.25864583333333335 0.013472222222222127 0.01157291666666671
0 0.5615555555555556 0.2683385416666667 0.013990740740740647 0.009104166666666646
0 0.6172407407407406 0.26378124999999997 0.026935185185185163 0.00802604166666665
0 0.39767592592592593 0.2872239583333333 0.014009259259259308 0.007796875000000014
0 0.41815740740740737 0.2916875 0.013944444444444395 0.008822916666666725
0 0.5147499999999999 0.30330208333333336 0.010249999999999993 0.007942708333333303
0 0.5626666666666666 0.2900677083333333 0.014222222222222077 0.005182291666666661
0 0.6358796296296296 0.2881458333333333 0.016129629629629643 0.009026041666666628
0 0.6676296296296296 0.297109375 0.008000000000000146 0.011869791666666619
0 0.5590740740740741 0.30343749999999997 0.014564814814814833 0.00575000000000001
0 0.5446851851851852 0.3037239583333333 0.012574074074074007 0.003249999999999975
0 0.4551666666666666 0.3229947916666666 0.012787037037036934 0.006838541666666753
0 0.4088611111111111 0.3287447916666667 0.014898148148148178 0.012802083333333325
0 0.5341944444444444 0.33755729166666665 0.009638888888888964 0.006718750000000018
0 0.5039444444444444 0.3600572916666666 0.00929629629629621 0.008291666666666675
0 0.5393518518518519 0.3691770833333333 0.01777777777777787 0.005760416666666668
0 0.6488333333333333 0.33738541666666666 0.007722222222222146 0.010239583333333347
0 0.6753888888888888 0.32275 0.013675925925925961 0.007500000000000018
0 0.6513981481481481 0.2919791666666667 0.011074074074074108 0.007484374999999943
0 0.633824074074074 0.29642187499999995 0.014768518518518507 0.006322916666666689
0 0.7014722222222223 0.30525 0.01824999999999998 0.007109375000000018
0 0.7184259259259259 0.31785937499999994 0.014425925925925754 0.012270833333333276
0 0.7340462962962963 0.32330729166666666 0.016675925925925917 0.005156250000000018
0 0.7824444444444443 0.3515 0.016268518518518564 0.006130208333333354
0 0.7312407407407407 0.3402135416666667 0.016129629629629803 0.006020833333333276
0 0.7206759259259259 0.35871354166666664 0.017435185185185116 0.00824479166666663
0 0.5515925925925925 0.3831145833333333 0.01586111111111121 0.007114583333333346
0 0.5620462962962962 0.371734375 0.009157407407407447 0.007411458333333343
0 0.4399907407407407 0.37530729166666665 0.01073148148148151 0.009182291666666753
0 0.4110092592592592 0.366328125 0.011962962962962977 0.007755208333333386
0 0.3543055555555555 0.42027083333333326 0.01339814814814816 0.0075937500000000215
0 0.5401388888888888 0.39430729166666667 0.01210185185185174 0.0051145833333333
0 0.618037037037037 0.422859375 0.011481481481481618 0.010458333333333236
0 0.5991388888888889 0.44776041666666666 0.007583333333333384 0.014510416666666614
0 0.5513148148148147 0.47024479166666666 0.021870370370370217 0.011406250000000107
0 0.4906851851851852 0.4450677083333333 0.018731481481481498 0.00912500000000005
0 0.4559259259259259 0.4806041666666666 0.019212962962963015 0.010546875
0 0.4403055555555555 0.4162968749999999 0.01148148148148146 0.006953124999999893
0 0.3055833333333333 0.30694791666666665 0.019287037037037102 0.009177083333333247
0 0.2765462962962963 0.30669270833333334 0.01173148148148147 0.013750000000000017
0 0.22127777777777777 0.2964114583333333 0.013083333333333355 0.00841145833333341
0 0.2583888888888889 0.3150677083333333 0.013305555555555534 0.01019791666666663
0 0.2340833333333333 0.32569791666666664 0.013416666666666702 0.006713541666666689
0 0.2424259259259259 0.340328125 0.01477777777777776 0.009958333333333246
0 0.3223333333333333 0.33822916666666664 0.018499999999999992 0.009578125000000081
0 0.2719166666666667 0.40010416666666665 0.013305555555555534 0.0077083333333332945
0 0.27248148148148144 0.392171875 0.012629629629629591 0.008338541666666633
0 0.1874444444444444 0.34993749999999996 0.013083333333333355 0.00952083333333329
0 0.1865462962962963 0.3402604166666666 0.016694444444444498 0.008562500000000028
0 0.18372222222222218 0.3263020833333333 0.013759259259259278 0.008557291666666699
0 0.199287037037037 0.32401562500000003 0.0128611111111111 0.011598958333333353
0 0.18412037037037038 0.31462500000000004 0.01635185185185188 0.010578124999999971
0 0.1377037037037037 0.35012499999999996 0.01556481481481483 0.006598958333333372
0 0.15344444444444444 0.3627916666666666 0.008009259259259239 0.006671874999999971
0 0.17098148148148146 0.39239583333333333 0.018944444444444427 0.011958333333333382
0 0.10404629629629629 0.36834375 0.014101851851851855 0.010802083333333368
0 0.1283425925925926 0.4031666666666666 0.013083333333333317 0.010026041666666652
0 0.07449074074074075 0.40532291666666664 0.01454629629629631 0.009265624999999921
0 0.09321296296296296 0.42467708333333326 0.009361111111111094 0.008640624999999957
0 0.07691666666666666 0.4317864583333333 0.023009259259259254 0.007630208333333321
0 0.1051111111111111 0.43222916666666666 0.015342592592592573 0.012328124999999978
0 0.1051111111111111 0.4477760416666666 0.019851851851851836 0.006067708333333322
0 0.12412037037037038 0.4485989583333333 0.01454629629629629 0.005687499999999979
0 0.29751851851851846 0.45330729166666667 0.009472222222222213 0.010708333333333365
0 0.37443518518518515 0.49658854166666666 0.018046296296296303 0.010989583333333285
0 0.5539907407407406 0.5050208333333333 0.019851851851851954 0.008932291666666713
0 0.5691018518518518 0.49699479166666666 0.016694444444444418 0.00912500000000005
0 0.547787037037037 0.5360572916666666 0.011953703703703727 0.008729166666666722
0 0.60175 0.5762864583333334 0.0224444444444444 0.007239583333333322
0 0.5240462962962963 0.578953125 0.013194444444444444 0.00824479166666663
0 0.4507407407407407 0.5558541666666666 0.019962962962962964 0.007505208333333258
0 0.392037037037037 0.5604895833333334 0.01262962962962967 0.01064583333333342
0 0.2921111111111111 0.5306302083333333 0.011277777777777704 0.009932291666666693
0 0.2873148148148148 0.5710520833333333 0.015222222222222272 0.006927083333333428
0 0.11819444444444444 0.5561406249999999 0.015342592592592573 0.008286458333333257
0 0.11346296296296296 0.5384010416666667 0.01669444444444446 0.007708333333333428
0 0.06992592592592592 0.5296458333333334 0.013537037037037042 0.00795312500000005
0 0.09992592592592592 0.514921875 0.010379629629629624 0.006421875000000021
0 0.0949074074074074 0.507875 0.016583333333333332 0.006401041666666707
0 0.10410185185185185 0.4906822916666666 0.015111111111111105 0.00869270833333342
0 0.12202777777777776 0.4696770833333333 0.013981481481481477 0.013630208333333371
0 0.09598148148148146 0.4615833333333333 0.01375925925925926 0.00696354166666655
0 0.05475925925925925 0.44952604166666665 0.011388888888888893 0.005687499999999979
0 0.04821296296296296 0.45590624999999996 0.011842592592592599 0.007656249999999964
0 0.05599999999999999 0.471390625 0.016129629629629626 0.010713541666666692
0 0.05751851851851851 0.4989635416666666 0.011277777777777765 0.009395833333333315
0 0.14689814814814814 0.6063645833333333 0.011842592592592599 0.007874999999999943
0 0.15778703703703703 0.612078125 0.017138888888888894 0.011687500000000028
0 0.21034259259259258 0.620421875 0.015787037037037047 0.00870833333333323
0 0.2690462962962963 0.6428229166666666 0.021314814814814773 0.0086666666666666
0 0.2504907407407407 0.669859375 0.01939814814814819 0.009880208333333229
0 0.2630092592592593 0.6837552083333333 0.016462962962962912 0.005953124999999915
0 0.25861111111111107 0.6904166666666666 0.009472222222222213 0.005322916666666622
0 0.3090833333333333 0.696125 0.015675925925925878 0.006098958333333293
0 0.42260185185185184 0.678546875 0.015342592592592692 0.009536458333333364
0 0.41436111111111107 0.5930104166666667 0.020074074074073973 0.007166666666666721
0 0.49827777777777776 0.61934375 0.010601851851851841 0.007817708333333506
0 0.4072037037037036 0.6714218750000001 0.01364814814814821 0.006656250000000164
0 0.6181018518518518 0.67865625 0.02921296296296292 0.008437499999999964
0 0.6771481481481482 0.6831614583333334 0.018268518518518483 0.011109375000000022
0 0.6713981481481481 0.701375 0.01850000000000007 0.010739583333333335
0 0.6506481481481482 0.7182552083333332 0.010379629629629664 0.014046874999999837
0 0.669425925925926 0.7474427083333333 0.010037037037036909 0.008989583333333506
0 0.63925 0.7465885416666667 0.009703703703703721 0.006640625
0 0.6310185185185185 0.7437291666666667 0.013537037037036884 0.009812500000000135
0 0.6205833333333334 0.7509635416666666 0.016351851851851982 0.008713541666666736
0 0.5924444444444444 0.7425572916666667 0.01759259259259254 0.008093749999999922
0 0.617712962962963 0.762640625 0.01759259259259254 0.008203125
0 0.5773333333333333 0.7769479166666666 0.021657407407407448 0.009395833333333315
0 0.5389907407407407 0.7630208333333333 0.014435185185185162 0.012515625000000164
0 0.5232037037037036 0.7518854166666665 0.014435185185185162 0.012796875000000086
0 0.5167685185185185 0.738875 0.012861111111111257 0.008348958333333378
0 0.4739722222222222 0.770828125 0.019740740740740788 0.0057864583333333995
0 0.4508518518518519 0.76778125 0.008462962962963004 0.013505208333333307
0 0.4463425925925926 0.7735572916666666 0.012972222222222267 0.006020833333333364
0 0.4170185185185185 0.7662604166666667 0.01748148148148153 0.010458333333333236
0 0.4144629629629629 0.7519322916666666 0.006981481481481448 0.0055885416666667355
0 0.4092314814814815 0.7525416666666667 0.0067777777777777715 0.0050677083333333425
0 0.3360185185185185 0.7376510416666666 0.006157407407407413 0.006187500000000057
0 0.3367592592592592 0.7383854166666667 0.017509259259259204 0.007072916666666628
0 0.30049074074074067 0.7135520833333333 0.013555555555555543 0.004776041666666763
0 0.44049999999999995 0.7205416666666666 0.007185185185185124 0.0048958333333333215
0 0.7733888888888888 0.7144166666666667 0.023564814814814858 0.01146354166666672
0 0.7494259259259258 0.7035677083333333 0.015259259259259276 0.007843749999999972
0 0.7324166666666666 0.69803125 0.017675925925925956 0.005052083333333179
0 0.8118055555555556 0.6976510416666667 0.02436111111111106 0.009260416666666771
0 0.8486203703703704 0.6813072916666666 0.028379629629629713 0.010765624999999978
0 0.8411296296296294 0.674265625 0.011240740740740938 0.007973958333333364
0 0.8267314814814815 0.648390625 0.009240740740740864 0.012703124999999992
0 0.8052499999999999 0.6488437499999999 0.01874074074074075 0.010598958333333287
0 0.7807499999999999 0.645 0.0168703703703705 0.010442708333333429
0 0.8056481481481481 0.6204479166666667 0.020620370370370247 0.012536458333333477
0 0.7920648148148147 0.6159635416666667 0.020481481481481486 0.005833333333333179
0 0.7653518518518518 0.6155885416666667 0.018203703703703885 0.009598958333333307
0 0.7311481481481481 0.59121875 0.013787037037037129 0.011317708333333343
0 0.8336944444444444 0.5928020833333333 0.015398148148148355 0.012973958333333258
0 0.8784814814814814 0.5976197916666667 0.014194444444444482 0.016552083333333377
0 0.912212962962963 0.6110625 0.01633333333333332 0.014510416666666793
0 0.908 0.6269635416666667 0.015398148148148355 0.009755208333333343
0 0.8789444444444443 0.6304635416666666 0.014861111111111174 0.012994791666666571
0 0.6942685185185185 0.55528125 0.01900925925925918 0.009468749999999915
0 0.7903888888888888 0.5819479166666666 0.01900925925925934 0.011593750000000114
0 0.7697037037037037 0.5696666666666667 0.010574074074074246 0.006614583333333179
0 0.8338333333333332 0.5615677083333332 0.013787037037037129 0.010338541666666678
0 0.8543796296296295 0.5707604166666667 0.03025925925925921 0.011062499999999887
0 0.8968148148148147 0.5773125 0.012314814814814667 0.00759895833333335
0 0.9063888888888888 0.575203125 0.018611111111110922 0.012421874999999893
0 0.925537037037037 0.5684270833333334 0.020481481481481486 0.01392187499999995
0 0.9332962962962963 0.5509062499999999 0.015666666666666627 0.014333333333333264
0 0.9508981481481481 0.5259479166666667 0.01820370370370357 0.015567708333333385
0 0.848824074074074 0.5196979166666666 0.01324999999999995 0.010593749999999957
0 0.8498981481481481 0.5139739583333334 0.021018518518518665 0.005166666666666764
0 0.811537037037037 0.52790625 0.020620370370370247 0.01346354166666668
0 0.83075 0.5047083333333333 0.01753703703703719 0.015255208333333315
0 0.8077962962962961 0.5026354166666666 0.01900925925925934 0.016385416666666687
0 0.897888888888889 0.4621302083333333 0.019277777777777613 0.0151979166666667
0 0.8339629629629629 0.4779895833333333 0.018611111111110922 0.013020833333333393
0 0.8316203703703704 0.45640624999999996 0.03025925925925921 0.00977083333333333
0 0.8813518518518517 0.4321510416666666 0.01700000000000001 0.012468750000000028
0 0.9003611111111111 0.4335833333333333 0.012185185185185157 0.013822916666666707
0 0.8155555555555555 0.44138020833333336 0.012583333333333257 0.00908333333333342
0 0.7644166666666666 0.4589270833333333 0.014722222222222412 0.006531249999999922
0 0.7460092592592592 0.4560677083333333 0.016731481481481424 0.015869791666666622
0 0.7243240740740741 0.47776041666666663 0.01619444444444456 0.008052083333333293
0 0.7049074074074073 0.454296875 0.014592592592592584 0.01157812499999995
0 0.729074074074074 0.4439010416666666 0.015796296296296142 0.014885416666666628
0 0.6948055555555556 0.41766145833333324 0.026777777777777897 0.010494791666666715
0 0.7317499999999999 0.42696354166666667 0.017138888888888777 0.009208333333333308
0 0.7480185185185184 0.42971354166666664 0.015398148148148355 0.007473958333333286
0 0.7678981481481482 0.44504166666666667 0.014453703703703505 0.00919791666666665
0 0.771712962962963 0.4315989583333333 0.018879629629629826 0.009854166666666764
0 0.7478148148148147 0.4182291666666666 0.017138888888888777 0.009468750000000092
0 0.7504907407407406 0.40214062500000003 0.017138888888888777 0.008395833333333292
0 0.7518333333333332 0.3955937499999999 0.017675925925925956 0.010130208333333312
0 0.7807499999999999 0.40443749999999995 0.02087962962962959 0.010578124999999971
0 0.7855648148148147 0.4175833333333333 0.01660185185185191 0.009140625000000036
0 0.8039722222222221 0.4138958333333333 0.010574074074074246 0.012104166666666671
0 0.8042407407407407 0.3845572916666667 0.020750000000000077 0.009901041666666633
0 0.8479537037037037 0.38846875000000003 0.014990740740740686 0.009380208333333329
0 0.8414629629629629 0.39799999999999996 0.01593518518518522 0.008927083333333386
0 0.8618796296296296 0.4050052083333333 0.019277777777777613 0.00869270833333342