0 0.636037037037037 0.743046875 0.011629629629629632 0.005515625000000135
0 0.6218981481481481 0.7483072916666667 0.017555555555555536 0.007052083333333315
0 0.5861018518518518 0.752859375 0.01208333333333324 0.0064114583333333645
0 0.5793703703703703 0.7559375 0.010490740740740674 0.005385416666666742
0 0.5677407407407407 0.7390729166666666 0.008212962962962915 0.0075677083333333785
0 0.5490462962962963 0.734390625 0.013222222222222198 0.005385416666666742
0 0.4996851851851852 0.761390625 0.010259259259259244 0.008338541666666721
0 0.4929537037037036 0.7348385416666667 0.014138888888888819 0.008848958333333278
0 0.5088055555555555 0.7261822916666667 0.008435185185185093 0.004619791666666551
0 0.5762962962962962 0.7145729166666667 0.010259259259259244 0.005260416666666679
0 0.5897499999999999 0.7279791666666666 0.00980555555555548 0.003848958333333208
0 0.4850925925925926 0.7070729166666666 0.010712962962962851 0.004619791666666551
0 0.47483333333333333 0.7214375000000001 0.006611111111111099 0.0035937500000001064
0 0.45442592592592584 0.74971875 0.009120370370370444 0.0075677083333333785
0 0.43743518518518515 0.7512552083333334 0.010259259259259244 0.0075677083333333785
0 0.4211296296296296 0.75715625 0.010490740740740832 0.009875000000000078
0 0.3887592592592592 0.751 0.010490740740740832 0.007052083333333315
0 0.3700555555555555 0.730609375 0.010037037037037067 0.010901041666666523
0 0.36869444444444444 0.719640625 0.01733333333333336 0.005130208333333286
0 0.35444444444444445 0.7488177083333334 0.014361111111111116 0.007052083333333315
0 0.34007407407407403 0.7385572916666666 0.01618518518518523 0.004489583333333336
0 0.3271944444444444 0.7450989583333333 0.010944444444444517 0.0073124999999999215
0 0.3300462962962963 0.7356093749999999 0.01071296296296301 0.003973958333333449
0 0.30519444444444443 0.739265625 0.007981481481481485 0.005130208333333286
0 0.3156759259259259 0.71771875 0.014361111111111076 0.0035937500000001064
0 0.2839629629629629 0.7328385416666666 0.009888888888888817 0.005182291666666572
0 0.27600925925925923 0.7283645833333333 0.011259259259259203 0.005817708333333371
0 0.29260185185185184 0.7161145833333333 0.006481481481481508 0.005755208333333428
0 0.2859537037037037 0.7191510416666667 0.010231481481481413 0.004666666666666685
0 0.27362037037037035 0.7149010416666666 0.013074074074074104 0.0046041666666667425
0 0.2566759259259259 0.70978125 0.008981481481481524 0.007932291666666735
0 0.2537777777777777 0.7043177083333333 0.009092592592592612 0.010427083333333264
0 0.2931759259259259 0.6837552083333333 0.007166666666666701 0.006781250000000049
0 0.31488888888888883 0.6976302083333333 0.007166666666666701 0.004479166666666678
0 0.20874074074074073 0.6926875 0.012138888888888902 0.005989583333333393
0 0.2228425925925926 0.6807656249999999 0.012324074074074076 0.005671874999999993
0 0.2115462962962963 0.682078125 0.012138888888888902 0.006828125000000007
0 0.2447962962962963 0.6570677083333333 0.011768518518518551 0.004515624999999979
0 0.2720648148148148 0.6640052083333334 0.0076574074074073906 0.006619791666666685
0 0.22733333333333333 0.671046875 0.007472222222222216 0.004515624999999979
0 0.222287037037037 0.6646354166666666 0.008222222222222244 0.004729166666666629
0 0.1980925925925926 0.6535 0.014009259259259228 0.0030468749999998934
0 0.18997222222222218 0.655546875 0.011583333333333298 0.0033645833333332932
0 0.18539814814814812 0.66075 0.016250000000000004 0.005781249999999893
0 0.1687685185185185 0.660640625 0.010277777777777785 0.005151041666666601
0 0.17100925925925925 0.6651093749999999 0.011398148148148164 0.0052552083333333496
0 0.16316666666666665 0.6497135416666666 0.006166666666666703 0.008088541666666772
0 0.15635185185185185 0.6320104166666667 0.009712962962962972 0.0075677083333333785
0 0.16839814814814816 0.6224479166666665 0.009898148148148146 0.004625000000000057
0 0.2236851851851852 0.6130989583333333 0.014379629629629577 0.006723958333333257
0 0.1447685185185185 0.6195052083333333 0.008962962962962982 0.006932291666666579
0 0.15962037037037036 0.611046875 0.009157407407407408 0.009770833333333506
0 0.13496296296296295 0.6081041666666666 0.00802777777777778 0.007880208333333449
0 0.16400925925925924 0.5956041666666666 0.011953703703703727 0.0076718749999999504
0 0.15018518518518517 0.5883020833333333 0.008592592592592554 0.008828124999999964
0 0.24845370370370368 0.5987604166666666 0.01670370370370367 0.006348958333333421
0 0.2726018518518519 0.6224375 0.01083333333333335 0.005458333333333343
0 0.2746388888888889 0.6326562499999999 0.009925925925925977 0.0053333333333332785
0 0.30972222222222223 0.6473802083333333 0.00699999999999995 0.006093749999999965
0 0.3476388888888889 0.6624218749999999 0.005194444444444457 0.005963541666666572
0 0.40303703703703697 0.6854583333333333 0.005416666666666635 0.006348958333333421
0 0.37900925925925927 0.704375 0.007898148148148071 0.00330208333333335
0 0.3908518518518518 0.6766354166666667 0.011731481481481391 0.004187499999999922
0 0.4187222222222223 0.711796875 0.004740740740740692 0.0046979166666666575
0 0.4347407407407407 0.7123697916666666 0.010601851851851841 0.004062500000000036
0 0.4675833333333333 0.6986614583333333 0.01263888888888892 0.004822916666666721
0 0.5041388888888889 0.6770833333333333 0.009925925925925899 0.008124999999999893
0 0.4738981481481481 0.668578125 0.004509259259259263 0.0073645833333332075
0 0.365324074074074 0.6490885416666666 0.005101851851851791 0.00490104166666665
0 0.4002407407407407 0.6521666666666667 0.006361111111111168 0.00369270833333335
0 0.4312685185185185 0.622625 0.011148148148148114 0.007718750000000085
0 0.4520555555555556 0.6184062499999999 0.009861111111111143 0.0060260416666666925
0 0.3199166666666666 0.6179062500000001 0.008981481481481524 0.007005208333333179
0 0.30833333333333335 0.6168489583333333 0.006657407407407431 0.006843749999999993
0 0.3438148148148148 0.617578125 0.014481481481481494 0.005052083333333179
0 0.3529351851851852 0.623203125 0.006083333333333367 0.005213541666666721
0 0.3879907407407407 0.62328125 0.01071296296296301 0.005052083333333179
0 0.4305648148148148 0.611796875 0.011296296296296285 0.0055416666666666
0 0.3256851851851852 0.5976770833333334 0.007157407407407451 0.0037656249999999504
0 0.28001851851851856 0.593140625 0.009592592592592632 0.008218750000000163
0 0.2527685185185185 0.56775 0.012333333333333406 0.005906250000000135
0 0.36366666666666664 0.5629531249999999 0.007305555555555543 0.0060781249999999785
0 0.3701388888888889 0.5393229166666667 0.010203703703703739 0.003510416666666494
0 0.29783333333333334 0.5471145833333333 0.006851851851851857 0.0076197916666666645
0 0.2446296296296296 0.5511822916666667 0.008527777777777837 0.007192708333333364
0 0.22316666666666668 0.5470729166666667 0.010351851851851833 0.003427083333333236
0 0.27781481481481485 0.530671875 0.008527777777777837 0.007447916666666643
0 0.19438888888888886 0.5326458333333333 0.011564814814814797 0.005052083333333357
0 0.20177777777777775 0.5217239583333333 0.008981481481481444 0.007192708333333364
0 0.23625925925925928 0.5189010416666666 0.010657407407407424 0.0068489583333333215
0 0.2654814814814815 0.5171458333333333 0.017046296296296268 0.007447916666666643
0 0.2464537037037037 0.5150885416666666 0.009129629629629616 0.006937499999999907
0 0.17285185185185184 0.5304166666666666 0.007157407407407411 0.005739583333333265
0 0.14857407407407408 0.5317031249999999 0.009129629629629656 0.006937499999999907
0 0.12733333333333335 0.5455208333333333 0.007157407407407411 0.007692708333333265
0 0.15169444444444444 0.5602135416666666 0.009592592592592592 0.007109375000000107
0 0.13335185185185186 0.5598281249999999 0.00852777777777776 0.004968749999999922
0 0.14621296296296296 0.5702760416666667 0.011416666666666665 0.003937499999999971
0 0.1447685185185185 0.518859375 0.006999999999999989 0.006937499999999907
0 0.14096296296296298 0.5118802083333333 0.008222222222222205 0.005651041666666678
0 0.13045370370370368 0.49920833333333337 0.011564814814814837 0.004625000000000057
0 0.15450925925925926 0.49415624999999996 0.007611111111111136 0.00873437500000005
0 0.1849537037037037 0.49684895833333337 0.007611111111111136 0.006937499999999907
0 0.194 0.49453125 0.007064814814814784 0.008130208333333222
0 0.2174722222222222 0.49935937499999994 0.013361111111111117 0.007270833333333293
0 0.14172222222222222 0.4844895833333333 0.00549074074074076 0.005942708333333435
0 0.13010185185185183 0.47700520833333326 0.007601851851851846 0.005463541666666671
0 0.14383333333333334 0.4718958333333333 0.009712962962962972 0.008317708333333406
0 0.19621296296296292 0.4622760416666667 0.009296296296296289 0.007604166666666678
0 0.21459259259259258 0.46001562499999993 0.00802777777777782 0.004515624999999979
0 0.12894444444444442 0.4601354166666667 0.0065462962962963035 0.0066510416666666575
0 0.12292592592592591 0.46067187499999995 0.006333333333333297 0.005343749999999936
0 0.12472222222222219 0.4512864583333333 0.009925925925925939 0.006296874999999957
0 0.14816666666666667 0.44094791666666666 0.009500000000000005 0.007958333333333378
0 0.11775000000000001 0.43280729166666665 0.0052777777777777935 0.003328124999999993
0 0.14087962962962963 0.4347083333333333 0.009296296296296329 0.004276041666666686
0 0.13048148148148148 0.4191770833333333 0.008129629629629617 0.004656250000000028
0 0.12153703703703703 0.40840624999999997 0.005916666666666654 0.007901041666666764
0 0.16264814814814813 0.4258697916666666 0.006509259259259221 0.005572916666666749
0 0.19102777777777777 0.4277864583333333 0.00916666666666662 0.010729166666666679
0 0.20093518518518516 0.42362500000000003 0.00916666666666662 0.0034114583333332503
0 0.21054629629629626 0.433109375 0.010055555555555568 0.007901041666666764
0 0.21490740740740738 0.445125 0.006361111111111089 0.00681770833333335
0 0.11914814814814814 0.393375 0.008851851851851854 0.004765625000000018
0 0.12046296296296294 0.38998437499999994 0.01187037037037035 0.003072916666666714
0 0.14495370370370372 0.37822395833333333 0.010361111111111123 0.006885416666666711
0 0.13816666666666666 0.3754166666666666 0.006972222222222197 0.007203124999999933
0 0.12762037037037038 0.369640625 0.008851851851851854 0.007734374999999983
0 0.18762037037037033 0.3894010416666666 0.00866666666666668 0.008052083333333382
0 0.19364814814814812 0.3846354166666667 0.00753703703703705 0.006145833333333339
0 0.14712037037037035 0.36254166666666665 0.00866666666666668 0.005192708333333318
0 0.1665185185185185 0.3650833333333333 0.00866666666666668 0.004765625000000018
0 0.1749074074074074 0.36057812499999997 0.009981481481481463 0.006781249999999961
0 0.18310185185185182 0.35035416666666663 0.010546296296296257 0.009005208333333315
0 0.21926851851851853 0.34579687499999995 0.013185185185185194 0.006885416666666711
0 0.2297222222222222 0.367625 0.006972222222222197 0.004343749999999957
0 0.24997222222222223 0.35878125 0.010175925925925908 0.0033906250000000247
0 0.2611759259259259 0.38203645833333333 0.010740740740740762 0.006041666666666589
0 0.26946296296296296 0.404078125 0.009231481481481533 0.004979166666666579
0 0.3141111111111111 0.3923697916666667 0.007722222222222226 0.006359374999999989
0 0.3480185185185185 0.37965104166666663 0.01224074074074074 0.006145833333333339
0 0.33144444444444443 0.3821979166666667 0.008472222222222174 0.005510416666666629
0 0.3036574074074074 0.36063541666666665 0.012055555555555566 0.004130208333333396
0 0.39210185185185187 0.38034375 0.016009259259259227 0.005192708333333318
0 0.36723148148148144 0.3565 0.005083333333333289 0.004130208333333396
0 0.16207407407407406 0.32054166666666667 0.009861111111111103 0.004130208333333396
0 0.1921296296296296 0.32918749999999997 0.011703703703703718 0.004645833333333372
0 0.16849999999999998 0.3129322916666667 0.011703703703703678 0.007223958333333247
0 0.1726296296296296 0.31777083333333334 0.0061944444444444555 0.0029687500000000534
0 0.17400925925925925 0.31525 0.0071111111111111175 0.002583333333333382
0 0.2069259259259259 0.31041145833333333 0.010555555555555509 0.0029687500000000534
0 0.2336574074074074 0.31899479166666667 0.006194444444444416 0.004901041666666739
0 0.24960185185185182 0.3158958333333333 0.010092592592592571 0.004385416666666675
0 0.2381296296296296 0.31202604166666664 0.008259259259259247 0.003354166666666725
0 0.221037037037037 0.2993177083333333 0.008490740740740755 0.0034843750000000282
0 0.23319444444444443 0.30002604166666663 0.008490740740740755 0.002583333333333382
0 0.27219444444444446 0.3195104166666667 0.010777777777777765 0.006453125000000082
0 0.32232407407407404 0.324609375 0.01147222222222221 0.004776041666666675
0 0.36258333333333326 0.30441145833333333 0.012157407407407403 0.004130208333333396
0 0.34274074074074073 0.28983333333333333 0.015138888888888936 0.004901041666666739
0 0.3842592592592592 0.28447395833333333 0.012842592592592596 0.0042604166666667
0 0.20864814814814814 0.2859583333333333 0.012157407407407403 0.005421875000000043
0 0.24775925925925923 0.26834375 0.012388888888888911 0.002708333333333357
0 0.26852777777777775 0.2725416666666666 0.00894444444444444 0.007484374999999943
0 0.27196296296296296 0.26705729166666664 0.007111111111111039 0.00529166666666665
0 0.2849259259259259 0.26460416666666664 0.01376851851851855 0.0040000000000000036
0 0.2959351851851852 0.2676354166666667 0.011009259259259272 0.003614583333333332
0 0.31096296296296294 0.2671822916666667 0.00802777777777774 0.008385416666666678
0 0.3178518518518518 0.2601510416666667 0.011703703703703718 0.00490104166666665
0 0.338037037037037 0.27079687499999994 0.01032407407407408 0.008906249999999982
0 0.3614351851851852 0.2700208333333333 0.01583333333333334 0.0042604166666667
0 0.4131666666666667 0.26725 0.012388888888888831 0.005677083333333321
0 0.43404629629629626 0.27415104166666665 0.008712962962962933 0.004776041666666675
0 0.481074074074074 0.2871197916666667 0.014685185185185093 0.006453125000000082
0 0.5033240740740741 0.2594427083333333 0.014685185185185093 0.004260416666666611
0 0.535324074074074 0.2651822916666666 0.0071111111111111175 0.006453124999999993
0 0.4574444444444445 0.255375 0.007796296296296311 0.008260416666666704
0 0.4554907407407407 0.2444739583333333 0.016287037037037065 0.007354166666666639
0 0.39962962962962967 0.23847395833333335 0.01468518518518525 0.006968749999999968
0 0.33539814814814817 0.23918229166666666 0.007796296296296232 0.007869791666666704
0 0.3396388888888889 0.2624739583333333 0.006657407407407431 0.00490104166666665
0 0.32175 0.24698958333333332 0.013990740740740727 0.003869791666666611
0 0.45267592592592587 0.31757291666666665 0.01404629629629631 0.005145833333333361
0 0.47113888888888883 0.34357812499999996 0.012416666666666585 0.004593749999999996
0 0.5475925925925925 0.3616822916666666 0.007842592592592566 0.006614583333333357
0 0.5485648148148149 0.3195989583333333 0.016333333333333477 0.004776041666666675
0 0.5696388888888889 0.33071354166666667 0.00751851851851847 0.006062500000000082
0 0.5647407407407407 0.30333333333333334 0.008824074074074102 0.00422916666666664
0 0.5923518518518519 0.3089375 0.008490740740740755 0.00625
0 0.6150555555555555 0.32134375 0.011435185185185048 0.009739583333333357
0 0.6128518518518519 0.34034375 0.008064814814814901 0.003328125000000082
0 0.648212962962963 0.35244270833333335 0.010490740740740674 0.002723958333333343
0 0.6720092592592593 0.3811822916666666 0.008601851851851765 0.0081666666666667
0 0.6396111111111111 0.2967760416666666 0.007796296296296311 0.007562499999999961
0 0.6725462962962964 0.31629166666666664 0.007527777777777879 0.007260416666666725
0 0.7200092592592592 0.29057812499999996 0.009407407407407378 0.00575000000000001
0 0.7808333333333333 0.3587447916666666 0.005694444444444634 0.007098958333333361
0 0.7721851851851852 0.3533072916666667 0.005898148148148152 0.0058385416666666854
0 0.7853055555555555 0.385359375 0.007731481481481397 0.0030885416666667
0 0.8327222222222221 0.40533333333333327 0.013027777777777614 0.003432291666666565
0 0.7494907407407407 0.4188437499999999 0.006101851851851671 0.005036458333333371
0 0.9045648148148148 0.40688020833333327 0.00813888888888875 0.0037760416666666073
0 0.8896018518518518 0.42788541666666663 0.009157407407407605 0.0038906250000000143
0 0.8850277777777779 0.39606250000000004 0.00813888888888875 0.0036614583333332896
0 0.8809537037037036 0.37277083333333333 0.006916666666666692 0.0058385416666666854
0 0.8889907407407407 0.362296875 0.009564814814814642 0.005265624999999918
0 0.8542962962962962 0.3668177083333333 0.004879629629629613 0.0030885416666667
0 0.8750555555555555 0.3673333333333333 0.005287037037036965 0.004578125000000011
0 0.8770925925925925 0.35840104166666664 0.012620370370370577 0.004807291666666646
0 0.8405648148148147 0.3416927083333333 0.008342592592592584 0.0041197916666667386
0 0.8244814814814815 0.3159375 0.011601851851851721 0.005265624999999918
0 0.789787037037037 0.3126145833333333 0.008546296296296418 0.004807291666666646
0 0.8259074074074074 0.3106145833333333 0.013231481481481448 0.005380208333333325
0 0.8501296296296295 0.2997395833333333 0.00793518518518523 0.0030885416666667
0 0.8266203703703703 0.2864583333333333 0.00813888888888875 0.0072135416666665895
0 0.793148148148148 0.28199479166666663 0.008749999999999937 0.0058385416666666854
0 0.7673981481481481 0.2919531249999999 0.006916666666666692 0.00606770833333341
0 0.7752037037037037 0.27024479166666665 0.00640740740740758 0.008536458333333385
0 0.7618796296296295 0.258671875 0.013490740740740787 0.008156249999999953
0 0.7505833333333333 0.261234375 0.009101851851851785 0.004552083333333368
0 0.7224259259259259 0.26559895833333336 0.008768518518518438 0.0041718750000000245
0 0.7106203703703703 0.26853645833333334 0.006074074074073997 0.003984375000000017
0 0.699324074074074 0.258578125 0.011805555555555555 0.006447916666666664
0 0.7073055555555555 0.2484375 0.01224074074074074 0.004682291666666671
0 0.6722962962962963 0.24368749999999997 0.015175925925926018 0.004270833333333357
0 0.6452407407407408 0.23941666666666667 0.0095462962962963 0.007026041666666672
0 0.570324074074074 0.2755677083333333 0.011018518518518603 0.009364583333333343
0 0.5481666666666666 0.24623437499999995 0.013712962962962965 0.005786458333333311
0 0.6012962962962962 0.2303958333333333 0.01812037037037031 0.005510416666666717
0 0.5804907407407407 0.24010937499999999 0.005388888888888882 0.003718749999999993
0 0.3398796296296296 0.43240625 0.011379629629629621 0.007041666666666657
0 0.4087314814814814 0.4276041666666666 0.012518518518518502 0.005119791666666628
0 0.28468518518518515 0.4431822916666667 0.007962962962962984 0.006828125000000007
0 0.303462962962963 0.4555572916666666 0.008342592592592584 0.005973958333333407
0 0.3328611111111111 0.45395312499999996 0.010240740740740663 0.007895833333333435
0 0.29986111111111113 0.48340104166666664 0.006444444444444504 0.004906249999999978
0 0.28487962962962965 0.473796875 0.006824074074074105 0.0053333333333332785
0 0.3410185185185185 0.49567187500000004 0.008342592592592584 0.004692708333333328
0 0.435287037037037 0.48564062499999994 0.009481481481481542 0.011520833333333336
0 0.47851851851851845 0.3979479166666666 0.01161111111111113 0.007979166666666603
0 0.39347222222222217 0.525578125 0.006138888888888832 0.0056145833333333785
0 0.4272592592592593 0.528921875 0.005370370370370381 0.005395833333333222
0 0.4641111111111111 0.552890625 0.006907407407407441 0.005828125000000029
0 0.4654537037037037 0.6079843749999999 0.006398148148148171 0.0076458333333333075
0 0.5292314814814815 0.60415625 0.006796296296296273 0.0035989583333332575
0 0.5188333333333334 0.49472916666666666 0.012398148148148241 0.007421875
0 0.5487129629629629 0.52878125 0.012296296296296324 0.004088541666666679
0 0.5583611111111111 0.5304322916666665 0.009787037037036978 0.006447916666666664
0 0.6026666666666666 0.5991458333333333 0.007824074074074063 0.009276041666666578
0 0.5937222222222223 0.5599114583333333 0.006712962962963016 0.0031458333333333143
0 0.6181759259259259 0.5893177083333333 0.01313888888888894 0.005343750000000114
0 0.6180925925925925 0.6196510416666666 0.004935185185185118 0.0053593749999999215
0 0.6879444444444445 0.5898854166666666 0.008462962962963004 0.006947916666666743
0 0.5811851851851851 0.4466510416666667 0.0125 0.007468749999999957
0 0.5963518518518518 0.43343229166666664 0.009148148148148197 0.006489583333333293
0 0.689212962962963 0.516765625 0.013518518518518381 0.008052083333333293
0 0.7856574074074073 0.54215625 0.018694444444444496 0.005145833333333449
0 0.8132962962962962 0.57246875 0.011935185185185384 0.0067135416666666
0 0.8210555555555555 0.5497604166666666 0.009148148148148355 0.0046979166666666575
0 0.8592314814814814 0.5367864583333334 0.007555555555555631 0.006937500000000085
0 0.8530740740740741 0.5621770833333334 0.00715740740740753 0.005817708333333371
0 0.7928148148148148 0.6170937499999999 0.010740740740740762 0.004249999999999865
0 0.8681574074074073 0.5888489583333333 0.006148148148148241 0.005499999999999972
0 0.7358518518518518 0.6534479166666666 0.006981481481481448 0.007072916666666628
0 0.7936944444444445 0.6481822916666666 0.006425925925926081 0.0025156250000000213
0 0.7696666666666666 0.6765520833333334 0.012574074074074007 0.004244791666666714
0 0.6500740740740741 0.6917239583333332 0.00865740740740727 0.004401041666666572
0 0.6571944444444444 0.6958854166666666 0.008379629629629588 0.005187500000000078
0 0.6606296296296296 0.705234375 0.012833333333333188 0.003270833333333378
0 0.6598148148148149 0.7139635416666665 0.011490740740740869 0.003942708333333478
0 0.6572037037037036 0.7186197916666666 0.00865740740740727 0.004026041666666735
0 0.6881574074074075 0.7059479166666667 0.008203703703703664 0.002348958333333506
0 0.7038240740740741 0.7057395833333333 0.006120370370370331 0.005119791666666628
0 0.6995 0.7231093749999999 0.005814814814814737 0.004447916666666707
0 0.7168796296296296 0.7246614583333333 0.0035833333333332323 0.007218750000000007
0 0.7244907407407407 0.7161041666666667 0.007462962962962807 0.00369270833333335
0 0.7325462962962962 0.7349010416666666 0.00954629629629614 0.00369270833333335
0 0.7776759259259258 0.7270989583333333 0.011490740740740711 0.0046979166666666575
0 0.7761111111111111 0.72365625 0.010148148148148076 0.0030208333333334282
0 0.7499259259259259 0.7082135416666666 0.00790740740740748 0.004026041666666735
0 0.7831944444444444 0.7150989583333333 0.01298148148148136 0.003859374999999865
0 0.8084814814814814 0.7192916666666667 0.011342592592592697 0.0033593749999999644
0 0.8019907407407406 0.7105208333333334 0.009398148148148128 0.003270833333333378
0 0.8111666666666666 0.7025104166666666 0.010148148148148076 0.005875000000000163
0 0.8244444444444443 0.7110260416666667 0.008055555555555493 0.0031041666666666856
0 0.8401851851851851 0.7003281250000001 0.008805555555555442 0.007385416666666522
0 0.7986388888888889 0.6926875 0.008055555555555493 0.003187499999999943
0 0.8311574074074073 0.6932760416666666 0.00954629629629614 0.0046979166666666575
0 0.8436203703703703 0.6881979166666665 0.00790740740740748 0.006125000000000114
0 0.8547314814814815 0.6870260416666666 0.011342592592592697 0.0034427083333333996
0 0.7911759259259259 0.6808541666666666 0.004777777777777854 0.005036458333333371
0 0.8473518518518517 0.6747708333333333 0.008805555555555442 0.003270833333333378
0 0.855175925925926 0.6779166666666666 0.008351851851851834 0.003859374999999865
0 0.8715925925925926 0.6797239583333333 0.009250000000000114 0.004447916666666707
0 0.8620462962962963 0.6527447916666667 0.006861111111111187 0.005875000000000163
0 0.839287037037037 0.6480833333333333 0.012083333333333397 0.004281249999999836
0 0.8451851851851852 0.6429218750000001 0.012833333333333346 0.004197916666666579
0 0.8662962962962963 0.6354947916666667 0.013879629629629638 0.0037760416666666073
0 0.8845740740740741 0.63759375 0.01044444444444442 0.005625000000000035
0 0.8929259259259259 0.6402812499999999 0.0065648148148148445 0.008473958333333264
0 0.9054629629629629 0.6479583333333332 0.012527777777777752 0.004364583333333449
0 0.9136666666666665 0.63575 0.012833333333333346 0.004614583333333399
0 0.8990462962962962 0.6208958333333332 0.00715740740740753 0.007302083333333265
0 0.8716666666666666 0.6182083333333332 0.009398148148148128 0.008645833333333287
0 0.897175925925926 0.6109479166666667 0.007314814814814794 0.006208333333333371
0 0.9291018518518518 0.6091041666666667 0.006712962962962857 0.002687499999999865
0 0.9002407407407407 0.600625 0.011638888888888725 0.0035260416666666574
0 0.9308981481481482 0.6000833333333333 0.0070092592592592 0.004447916666666707
0 0.9341018518518518 0.5975624999999999 0.010148148148148076 0.003942708333333478
0 0.9223888888888887 0.5966822916666666 0.011490740740740711 0.005369791666666579
0 0.9141111111111111 0.5816614583333333 0.012527777777777752 0.004364583333333449
0 0.905537037037037 0.5741093749999999 0.009101851851851785 0.006380208333333392
0 0.9144074074074072 0.5638281249999999 0.014620370370370337 0.00696354166666655
0 0.9226203703703704 0.5691145833333333 0.007462962962962807 0.004781249999999915
0 0.9247037037037037 0.5501458333333333 0.014620370370370337 0.005791666666666551
0 0.9264537037037036 0.528359375 0.00856481481481492 0.00642708333333335
0 0.9084259259259259 0.5226354166666667 0.0053518518518517215 0.0058229166666667
0 0.9214537037037036 0.51821875 0.009277777777777866 0.0038177083333332364
0 0.7188518518518517 0.43638541666666664 0.0038981481481480764 0.0026302083333332505
0 0.7496666666666667 0.438796875 0.0077962962962964686 0.0070208333333333425
0 0.8270833333333333 0.4641406249999999 0.007407407407407302 0.008119791666666565
0 0.8508796296296296 0.4690729166666666 0.009749999999999974 0.0070208333333333425
0 0.8811111111111111 0.4609583333333333 0.008583333333333422 0.005265625000000007
0 0.9191388888888888 0.44757291666666665 0.014435185185185004 0.004828125000000049
0 0.9199166666666666 0.48640624999999993 0.011314814814814946 0.0035104166666666712
0 0.9378611111111111 0.4898072916666666 0.012092592592592648 0.005484374999999986