0 0.547787037037037 0.30985416666666665 0.010194444444444489 0.009463541666666676
0 0.5358055555555555 0.3008177083333333 0.00815740740740741 0.006593750000000042
0 0.5555833333333333 0.29909375 0.004370370370370343 0.006255208333333329
0 0.5521574074074074 0.2755364583333333 0.008000000000000146 0.010869791666666639
0 0.5659907407407407 0.28097395833333333 0.012333333333333326 0.005999999999999961
0 0.5819814814814814 0.2817239583333333 0.020324074074074064 0.0048749999999999185
0 0.5761481481481481 0.29324999999999996 0.0060000000000000695 0.009182291666666753
0 0.5808148148148148 0.29521875 0.0139999999999999 0.008619791666666644
0 0.5869814814814814 0.29915624999999996 0.007666666666666641 0.009369791666666672
0 0.6019722222222221 0.297375 0.009666666666666717 0.007687500000000025
0 0.6111388888888889 0.2807864583333333 0.011333333333333289 0.006374999999999975
0 0.6214722222222223 0.2808802083333333 0.010666666666666597 0.005437500000000028
0 0.634962962962963 0.27478645833333337 0.012333333333333326 0.005999999999999961
0 0.5435 0.28575520833333334 0.009787037037036978 0.0075729166666666185
0 0.5290185185185184 0.2920677083333333 0.011824074074074058 0.0052760416666667535
0 0.516574074074074 0.30227604166666666 0.01835185185185174 0.0052760416666667535
0 0.5249444444444445 0.31753124999999993 0.010601851851851841 0.007802083333333343
0 0.520962962962963 0.328375 0.014074074074074064 0.006536458333333339
0 0.5218796296296296 0.33468229166666663 0.009379629629629783 0.00791666666666666
0 0.49991666666666656 0.32181249999999995 0.009000000000000025 0.0067760416666666325
0 0.5019259259259259 0.3148697916666666 0.017398148148148114 0.004791666666666661
0 0.4927407407407407 0.3062135416666666 0.01264814814814817 0.007593749999999932
0 0.5077037037037038 0.30737499999999995 0.010944444444444439 0.007729166666666653
0 0.4713981481481481 0.3208541666666666 0.009611111111111213 0.007869791666666615
0 0.47656481481481483 0.32639583333333333 0.007296296296296292 0.009098958333333318
0 0.4671388888888889 0.3296822916666667 0.006694444444444514 0.008963541666666686
0 0.4518703703703703 0.3253333333333333 0.011916666666666723 0.005338541666666696
0 0.44201851851851853 0.32133333333333336 0.01046296296296292 0.005677083333333411
0 0.47400000000000003 0.30761458333333336 0.01809259259259256 0.006552083333333325
0 0.5136574074074074 0.2955520833333333 0.006694444444444514 0.006411458333333275
0 0.5070833333333333 0.29534374999999996 0.010407407407407416 0.007390625000000028
0 0.5023796296296297 0.2919270833333333 0.010407407407407416 0.004182291666666682
0 0.4946944444444444 0.28726041666666663 0.0069351851851851935 0.008505208333333325
0 0.5155185185185185 0.27889583333333334 0.012888888888889009 0.005437500000000028
0 0.5072129629629629 0.27018229166666663 0.01710185185185193 0.006135416666666682
0 0.4774722222222222 0.26927604166666663 0.0057037037037037264 0.008781250000000008
0 0.4866388888888889 0.2774322916666666 0.020074074074074133 0.004182291666666682
0 0.4745 0.274921875 0.00867592592592593 0.0039010416666666716
0 0.46904629629629624 0.27659374999999997 0.006694444444444514 0.0033437500000000676
0 0.4685648148148148 0.290546875 0.006203703703703746 0.005572916666666661
0 0.4617129629629629 0.28744791666666664 0.0060185185185185714 0.007395833333333357
0 0.45421296296296293 0.2860937499999999 0.008240740740740667 0.0034374999999999822
0 0.4446296296296296 0.332671875 0.015564814814814712 0.005630208333333275
0 0.43610185185185185 0.33877083333333335 0.013712962962962965 0.005526041666666615
0 0.4333240740740741 0.32933333333333337 0.00852777777777776 0.006880208333333382
0 0.4341574074074074 0.334546875 0.012787037037036934 0.006671874999999971
0 0.4320277777777777 0.3177083333333333 0.00815740740740741 0.006359374999999989
0 0.41700925925925925 0.3109322916666667 0.008898148148148108 0.0061510416666666675
0 0.40227777777777773 0.33485937499999996 0.015009259259259345 0.005005208333333311
0 0.3879166666666666 0.3385625 0.008898148148148108 0.00781770833333333
0 0.39752777777777776 0.33239583333333333 0.008592592592592515 0.0047708333333333465
0 0.3980925925925926 0.3210729166666667 0.009722222222222222 0.0029895833333333675
0 0.40951851851851845 0.30301562499999996 0.01288888888888885 0.006041666666666589
0 0.3967407407407407 0.3108020833333333 0.014018518518518559 0.005343750000000025
0 0.42624999999999996 0.30202604166666663 0.010398148148148165 0.006359374999999989
0 0.4356851851851852 0.2968125 0.013907407407407391 0.0068697916666667245
0 0.42121296296296296 0.2916302083333333 0.013000000000000018 0.0052760416666667535
0 0.42257407407407405 0.29633333333333334 0.01616666666666665 0.007822916666666657
0 0.3815740740740741 0.29361458333333335 0.023000000000000083 0.00748958333333336
0 0.42412037037037037 0.274625 0.01274074074074068 0.009151041666666604
0 0.4302962962962963 0.2750677083333333 0.008231481481481416 0.0040781249999999325
0 0.391287037037037 0.2770520833333333 0.008231481481481416 0.008052083333333382
0 0.3636388888888889 0.29044791666666664 0.013722222222222216 0.007500000000000018
0 0.354037037037037 0.29507812499999997 0.012546296296296215 0.006614583333333357
0 0.36335185185185187 0.2991614583333333 0.011175925925926025 0.0059531250000000036
0 0.3558055555555555 0.30202604166666663 0.014111111111111106 0.007500000000000018
0 0.3753055555555555 0.30577604166666666 0.008824074074074102 0.008598958333333328
0 0.36521296296296296 0.3083645833333333 0.013333333333333365 0.008713541666666647
0 0.35354629629629625 0.312390625 0.011175925925925947 0.007937499999999976
0 0.3319814814814815 0.29903124999999997 0.01098148148148152 0.004322916666666643
0 0.3431018518518518 0.3048229166666666 0.007962962962962984 0.0041718750000000245
0 0.31098148148148147 0.29949479166666665 0.012361111111111158 0.0037083333333332467
0 0.30095370370370367 0.3145572916666667 0.013175925925925943 0.006640625
0 0.28434259259259254 0.311546875 0.010157407407407407 0.005249999999999933
0 0.332537037037037 0.33533333333333337 0.016472222222222162 0.00926562500000001
0 0.3561481481481481 0.33903645833333335 0.013175925925925943 0.005562500000000003
0 0.33871296296296294 0.3309270833333333 0.006861111111111108 0.006333333333333346
0 0.38058333333333333 0.34946354166666665 0.015379629629629694 0.0041718750000000245
0 0.3991203703703704 0.3568020833333333 0.011805555555555555 0.007723958333333325
0 0.33500925925925923 0.3601979166666667 0.008787037037037019 0.008338541666666633
0 0.3020555555555556 0.35069791666666666 0.004388888888888924 0.007260416666666725
0 0.2748703703703704 0.35031249999999997 0.009888888888888817 0.0033958333333333536
0 0.2869537037037037 0.353328125 0.011537037037037044 0.006333333333333346
0 0.2924444444444444 0.3606614583333333 0.012083333333333317 0.0049427083333333675
0 0.28955555555555557 0.3696979166666667 0.00906481481481478 0.0057135416666667105
0 0.28434259259259254 0.3359479166666667 0.013453703703703706 0.004635416666666714
0 0.2906574074074074 0.3177239583333333 0.007962962962962984 0.004635416666666714
0 0.2670462962962963 0.331625 0.006314814814814835 0.007104166666666689
0 0.24864814814814815 0.33564062499999997 0.011259259259259203 0.006796874999999947
0 0.2166574074074074 0.3334010416666667 0.014824074074074092 0.0038593750000000425
0 0.21143518518518517 0.3395 0.011537037037037044 0.006489583333333382
0 0.23116666666666666 0.33716666666666667 0.016564814814814827 0.004395833333333332
0 0.23757407407407405 0.339890625 0.011249999999999953 0.01019791666666663
0 0.25649074074074074 0.3520260416666666 0.005935185185185155 0.009848958333333347
0 0.24070370370370367 0.34754166666666664 0.008129629629629579 0.007208333333333261
0 0.24804629629629626 0.3462239583333333 0.015314814814814781 0.007734374999999983
0 0.22850925925925922 0.34727604166666665 0.015629629629629625 0.0073854166666667
0 0.22178703703703703 0.35659895833333327 0.012814814814814765 0.008442708333333382
0 0.21069444444444443 0.36696875 0.011249999999999953 0.008442708333333382
0 0.1981851851851852 0.36688541666666663 0.008129629629629579 0.008614583333333314
0 0.18912037037037036 0.3599375 0.007500000000000047 0.009848958333333347
0 0.16864814814814813 0.3747083333333333 0.014064814814814813 0.007734374999999983
0 0.2027222222222222 0.37435416666666665 0.018444444444444485 0.006328125000000018
0 0.1920925925925926 0.38165104166666663 0.009694444444444469 0.007911458333333333
0 0.1895925925925926 0.38868749999999996 0.011564814814814797 0.006859375000000068
0 0.2033425925925926 0.38789583333333333 0.012194444444444485 0.009848958333333347
0 0.2125648148148148 0.39229166666666665 0.015629629629629625 0.014770833333333311
0 0.24913888888888888 0.3722447916666667 0.00687962962962961 0.00703125
0 0.2594537037037037 0.37163020833333327 0.011249999999999953 0.007562499999999961
0 0.17541666666666664 0.40936458333333337 0.007453703703703714 0.008385416666666678
0 0.18602777777777776 0.41565104166666667 0.0051574074074073745 0.008385416666666678
0 0.19262037037037036 0.40984895833333324 0.013185185185185194 0.0035468749999999715
0 0.2046574074074074 0.41242708333333333 0.01776851851851854 0.0067708333333333925
0 0.2358981481481482 0.4175052083333333 0.022361111111111144 0.004354166666666615
0 0.2697222222222222 0.408796875 0.022361111111111064 0.007901041666666764
0 0.29737962962962966 0.41323437499999993 0.008314814814814832 0.006124999999999936
0 0.3131481481481481 0.4341145833333333 0.01175000000000005 0.014994791666666707
0 0.2619814814814815 0.39703124999999995 0.01146296296296296 0.004999999999999982
0 0.29724074074074075 0.39259374999999996 0.014907407407407428 0.005802083333333386
0 0.30397222222222225 0.38767708333333334 0.015194444444444441 0.0062864583333333
0 0.3546111111111111 0.37738020833333336 0.013722222222222255 0.007343749999999982
0 0.25304629629629627 0.7592291666666666 0.014370370370370327 0.010171875000000163
0 0.5821018518518518 0.8055572916666666 0.02561111111111119 0.010645833333333243
0 0.7014814814814815 0.7103906249999999 0.012444444444444496 0.011390624999999942
0 0.953861111111111 0.5324479166666667 0.009833333333333232 0.00849479166666658
0 0.930824074074074 0.5176458333333332 0.009638888888888964 0.004208333333333236
0 0.7328888888888888 0.5298229166666666 0.026694444444444482 0.0101197916666667
0 0.27973148148148147 0.47339062499999995 0.015611111111111124 0.01658854166666668
0 0.7031296296296297 0.4692395833333333 0.01290740740740751 0.018052083333333434
0 0.48003703703703704 0.7631822916666666 0.008009259259259396 0.010453125000000086
0 0.36024074074074075 0.595703125 0.008861111111111104 0.008947916666666523
0 0.3559074074074074 0.615234375 0.016287037037037065 0.014005208333333208
0 0.5898425925925925 0.5654322916666666 0.012657407407407423 0.012770833333333264
0 0.2799444444444444 0.5825208333333334 0.022620370370370325 0.016661458333333278
0 0.2916666666666667 0.5463854166666666 0.01455555555555558 0.00997395833333332
0 0.18283333333333332 0.46630729166666657 0.022268518518518535 0.00997395833333332
0 0.5477407407407406 0.5659166666666666 0.012657407407407423 0.007578125000000035
0 0.6497407407407407 0.6469739583333334 0.009212962962962952 0.0090572916666666
0 0.32790740740740737 0.48120312499999995 0.009648148148148137 0.012723958333333308
0 0.3947222222222222 0.4428958333333333 0.01554629629629621 0.009734375000000028
0 0.3006666666666667 0.45089583333333333 0.00701851851851853 0.010312500000000035
0 0.3620925925925926 0.45330729166666667 0.0206666666666667 0.005921874999999943
0 0.31665740740740744 0.4756718749999999 0.011166666666666616 0.0029427083333333215
0 0.3094166666666667 0.4779739583333333 0.006101851851851908 0.004807291666666736
0 0.13946296296296296 0.44015104166666663 0.023370370370370392 0.0072083333333333496
0 0.15623148148148147 0.4476822916666666 0.01696296296296297 0.007421875
0 0.20787037037037034 0.44799999999999995 0.010935185185185187 0.008057291666666622
0 0.2023611111111111 0.43896354166666657 0.010601851851851841 0.0056406250000000215
0 0.15337962962962964 0.466515625 0.020907407407407378 0.006281249999999972
0 0.15352777777777776 0.47545833333333326 0.011453703703703707 0.015468749999999965
0 0.13505555555555557 0.48730208333333336 0.008305555555555582 0.008859374999999937
0 0.10787037037037035 0.5063124999999999 0.019277777777777772 0.012390624999999923
0 0.15698148148148147 0.4986927083333333 0.015601851851851874 0.0069687500000000565
0 0.18887962962962965 0.4976614583333333 0.01147222222222221 0.008005208333333336
0 0.17464814814814816 0.50825 0.013314814814814804 0.008520833333333222
0 0.12635185185185185 0.5191250000000001 0.01835185185185186 0.0050416666666666995
0 0.13979629629629628 0.5209843749999999 0.020490740740740736 0.005401041666666551
0 0.15644444444444444 0.53040625 0.015370370370370404 0.005760416666666579
0 0.15591666666666665 0.5364739583333333 0.015157407407407399 0.0058802083333333146
0 0.1052222222222222 0.5295104166666667 0.009388888888888915 0.006364583333333407
0 0.12411111111111109 0.5382135416666666 0.01045370370370371 0.007921875000000078
0 0.1305185185185185 0.5279479166666666 0.014296296296296281 0.008286458333333436
0 0.13787962962962963 0.5329322916666667 0.008962962962962982 0.0052812499999999925
0 0.10802777777777778 0.5548749999999999 0.012796296296296304 0.011192708333333279
0 0.09937962962962962 0.566734375 0.015870370370370385 0.003463541666666714
0 0.12330555555555554 0.5651354166666666 0.011129629629629613 0.00852604166666655
0 0.1119074074074074 0.5995833333333334 0.013407407407407411 0.005723958333333279
0 0.1319074074074074 0.5987395833333332 0.021962962962962924 0.004812499999999886
0 0.1471759259259259 0.5878124999999998 0.010407407407407416 0.011317708333333343
0 0.12439814814814815 0.5885937499999999 0.009249999999999996 0.006895833333333279
0 0.14069444444444443 0.5815677083333333 0.01225925925925928 0.0040312499999998865
0 0.1249722222222222 0.5819583333333332 0.011796296296296305 0.00845312499999995
0 0.2019722222222222 0.570125 0.01225925925925924 0.01079687499999995
0 0.21561111111111111 0.568890625 0.007629629629629638 0.006505208333333279
0 0.16424999999999998 0.4877656249999999 0.012305555555555575 0.0042291666666665504
0 0.19534259259259257 0.5155729166666666 0.008888888888888936 0.008328125000000065
0 0.20707407407407402 0.5036562499999999 0.011388888888888874 0.006020833333333364
0 0.20217592592592593 0.5240937499999999 0.011620370370370382 0.008203125
0 0.20935185185185184 0.5404947916666666 0.013666666666666633 0.008968749999999836
0 0.23771296296296296 0.501859375 0.016629629629629664 0.004999999999999893
0 0.24637037037037035 0.5112812499999999 0.012074074074074067 0.006406250000000035
0 0.2683888888888889 0.510328125 0.01299074074074069 0.012041666666666551
0 0.2548611111111111 0.5556614583333332 0.010212962962962912 0.0068489583333333215
0 0.19812037037037034 0.6037031249999999 0.021601851851851865 0.009718749999999865
0 0.2434722222222222 0.6053593749999999 0.018064814814814808 0.008614583333333314
0 0.17141666666666666 0.6251302083333333 0.018453703703703715 0.00795312500000005
0 0.19183333333333333 0.6243385416666667 0.011416666666666625 0.004197916666666579
0 0.10689814814814814 0.6273958333333333 0.0052777777777777545 0.004375000000000106
0 0.11009259259259259 0.6307552083333332 0.008888888888888898 0.004010416666666572
0 0.11485185185185184 0.6429791666666667 0.014055555555555562 0.0067031249999999435
0 0.13424074074074072 0.6504895833333333 0.010499999999999964 0.004505208333333321
0 0.1704537037037037 0.6479374999999999 0.012453703703703706 0.005203124999999887
0 0.1517685185185185 0.6450833333333332 0.00853703703703705 0.004505208333333321
0 0.16769444444444445 0.6411822916666666 0.008722222222222223 0.004104166666666664
0 0.137537037037037 0.662046875 0.007472222222222216 0.006807291666666692
0 0.14510185185185184 0.6665520833333333 0.015481481481481454 0.005406250000000057
0 0.15514814814814815 0.67415625 0.007824074074074063 0.0072083333333333496
0 0.12186111111111113 0.678921875 0.004101851851851871 0.0057343750000001135
0 0.13282407407407407 0.6879322916666666 0.006981481481481487 0.005843749999999837
0 0.14096296296296298 0.6902864583333332 0.013333333333333326 0.004276041666666686
0 0.15499074074074073 0.70996875 0.020203703703703686 0.0066510416666666575
0 0.17089814814814813 0.718734375 0.006444444444444425 0.005322916666666622
0 0.17817592592592593 0.7213645833333333 0.01173148148148149 0.002828124999999915
0 0.18369444444444444 0.71728125 0.006287037037037082 0.005812499999999865
0 0.18606481481481477 0.7145729166666667 0.017175925925925935 0.004005208333333421
0 0.17943518518518517 0.6930885416666667 0.008379629629629647 0.005656250000000007
0 0.19164814814814812 0.7055 0.00739814814814813 0.005499999999999972
0 0.19227777777777777 0.694421875 0.006981481481481527 0.005499999999999972
0 0.21162037037037038 0.6963072916666666 0.0029351851851852 0.005968750000000078
0 0.21475925925925926 0.7152395833333334 0.004750000000000022 0.006281249999999972
0 0.20777777777777778 0.7273333333333334 0.00893518518518519 0.00298437499999995
0 0.22712037037037033 0.7276510416666666 0.013824074074074055 0.009895833333333392
0 0.21455555555555555 0.7396666666666667 0.009916666666666648 0.006125000000000114
0 0.22756481481481478 0.670890625 0.031805555555555524 0.006807291666666692
0 0.2697777777777778 0.6686770833333332 0.02449074074074081 0.008390625000000007
0 0.18707407407407406 0.661328125 0.01797222222222222 0.004468750000000021
0 0.197287037037037 0.66803125 0.010212962962962912 0.004468750000000021
0 0.2437962962962963 0.6148229166666667 0.02087962962962959 0.012494791666666494
0 0.2592037037037037 0.62171875 0.015907407407407387 0.0076458333333333075
0 0.3161759259259259 0.61134375 0.0108425925925926 0.012505208333333507
0 0.38684259259259257 0.41428645833333333 0.02381481481481479 0.005276041666666664
0 0.4005555555555555 0.377140625 0.018046296296296303 0.0113645833333333
0 0.423287037037037 0.38394270833333327 0.026703703703703733 0.0042604166666667
0 0.41727777777777775 0.40286979166666664 0.014231481481481486 0.005833333333333357
0 0.42246296296296293 0.4098593749999999 0.015444444444444452 0.007057291666666643
0 0.4476759259259259 0.39751041666666664 0.012305555555555575 0.008140625000000012
0 0.44912962962962966 0.3966927083333333 0.013749999999999969 0.004885416666666753
0 0.4553981481481481 0.41189583333333335 0.008925925925925862 0.006786458333333379
0 0.48387037037037034 0.42037499999999994 0.01616666666666665 0.0033906249999999362
0 0.4902592592592593 0.414 0.008685185185185339 0.010994791666666615
0 0.45675000000000004 0.36148958333333325 0.015685185185185288 0.006984375000000043
0 0.4658981481481481 0.36841145833333333 0.010888888888888932 0.004411458333333318
0 0.4983518518518518 0.3564062499999999 0.004796296296296355 0.005145833333333361
0 0.5044444444444444 0.35628125 0.010018518518518408 0.004656250000000028
0 0.5405 0.3522395833333333 0.008129629629629657 0.007755208333333386
0 0.5645925925925925 0.3416666666666667 0.013351851851851866 0.00522395833333329
0 0.5682962962962962 0.329015625 0.01582407407407405 0.005390624999999982
0 0.5833888888888888 0.3324010416666667 0.01262962962962967 0.005796875000000057
0 0.6029074074074073 0.30513541666666666 0.006675925925926012 0.0061250000000000245
0 0.5948518518518519 0.31256249999999997 0.01262962962962967 0.0067760416666666325
0 0.5902129629629629 0.31946354166666663 0.0076944444444443936 0.0058802083333333146
0 0.6026203703703703 0.32399479166666667 0.009870370370370394 0.0062864583333333
0 0.5988518518518517 0.31958333333333333 0.004935185185185118 0.005145833333333361
0 0.6173518518518518 0.32182812499999996 0.006824074074074026 0.007348958333333311
0 0.6249722222222223 0.30170312499999996 0.012481481481481498 0.008734374999999961
0 0.6325185185185185 0.29970312499999996 0.009000000000000025 0.006692708333333286
0 0.6613333333333333 0.290640625 0.010305555555555656 0.0117552083333333
0 0.6512407407407407 0.304765625 0.013351851851851866 0.004244791666666714
0 0.6523888888888889 0.3166041666666667 0.011083333333333358 0.003671874999999947
0 0.6837592592592593 0.3035833333333333 0.016814814814814838 0.007901041666666674
0 0.7056203703703704 0.29818229166666665 0.012666666666666673 0.007343749999999982
0 0.6524907407407408 0.3284583333333333 0.012861111111111257 0.009348958333333357
0 0.6359722222222222 0.335359375 0.013453703703703626 0.006901041666666696
0 0.6036851851851851 0.3611666666666667 0.008027777777777897 0.007973958333333276
0 0.5348148148148149 0.3756822916666666 0.01150000000000012 0.006619791666666685
0 0.5662407407407406 0.37282291666666667 0.01604629629629623 0.0069218750000000105
0 0.5381574074074075 0.38358333333333333 0.023537037037037103 0.01128645833333337
0 0.6182685185185185 0.3871927083333333 0.012037037037036985 0.00947916666666666
0 0.6265555555555555 0.39140625 0.013101851851851936 0.006468750000000067
0 0.5725370370370371 0.37500520833333334 0.011018518518518603 0.003963541666666614
0 0.6502685185185184 0.3946145833333333 0.018962962962962928 0.008708333333333318
0 0.6773518518518518 0.3942864583333333 0.02283333333333341 0.005874999999999986
0 0.7798611111111111 0.5007291666666667 0.010925925925925778 0.009713541666666714
0 0.8268703703703703 0.4844479166666666 0.011250000000000189 0.009140625000000036
0 0.810935185185185 0.4949947916666666 0.009370370370370374 0.011249999999999894
0 0.8180925925925926 0.48563020833333326 0.011499999999999962 0.0058958333333333
0 0.8068518518518518 0.4772916666666666 0.010990740740740534 0.013369791666666764
0 0.7826944444444444 0.4801666666666666 0.012777777777777841 0.013947916666666593
0 0.4019259259259259 0.43295312499999994 0.00944444444444454 0.007109375000000107
0 0.4038425925925926 0.43866145833333337 0.00740740740740746 0.006177083333333222
0 0.408824074074074 0.4345 0.011490740740740711 0.003880208333333357
0 0.40524074074074073 0.47209375 0.00536111111111113 0.0066770833333333005
0 0.43862962962962965 0.4711614583333333 0.00906481481481478 0.004953124999999936
0 0.4203148148148148 0.4936770833333333 0.00740740740740746 0.007901041666666764
0 0.40212037037037035 0.5034427083333333 0.00778703703703706 0.004453125000000035
0 0.44175925925925924 0.4927083333333333 0.007916666666666572 0.004812500000000064
0 0.44539814814814804 0.5087239583333333 0.007018518518518609 0.008546875000000042
0 0.39771296296296293 0.5267135416666666 0.0058703703703704 0.005744791666666593
0 0.2595648148148148 0.6968385416666667 0.005777777777777812 0.006609375000000028
0 0.2845 0.6836770833333333 0.0067407407407406895 0.004984375000000085
0 0.30712962962962964 0.6776666666666665 0.010787037037037015 0.007473958333333286
0 0.32012962962962965 0.6823229166666666 0.010203703703703661 0.005958333333333421
0 0.24522222222222217 0.7342083333333334 0.005583333333333308 0.008989583333333506
0 0.21768518518518518 0.7556510416666666 0.019444444444444445 0.008338541666666721
0 0.2457037037037037 0.7466614583333333 0.009629629629629636 0.009640625000000114
0 0.25841666666666663 0.7400572916666667 0.011555555555555546 0.008124999999999893
0 0.2549444444444444 0.7478541666666667 0.012324074074073998 0.011588541666666608
0 0.27487962962962964 0.761390625 0.014824074074074092 0.006609375000000028
0 0.28749074074074077 0.745578125 0.012324074074073998 0.007473958333333286
0 0.27352777777777776 0.7310104166666667 0.005583333333333308 0.007151041666666735
0 0.2988425925925926 0.7312447916666667 0.007425925925925883 0.008432291666666637
0 0.3006666666666667 0.7438177083333334 0.00995370370370373 0.005677083333333321
0 0.32231481481481483 0.741375 0.01429629629629632 0.009776041666666657
0 0.3195833333333333 0.7507135416666666 0.014990740740740765 0.005911458333333286
0 0.2952685185185185 0.7629322916666667 0.009250000000000034 0.007333333333333236
0 0.2944259259259259 0.7776354166666666 0.006444444444444504 0.006151041666666579
0 0.31313888888888886 0.7770052083333333 0.009111111111111115 0.004885416666666665
0 0.34452777777777777 0.7658124999999999 0.013592592592592547 0.006781250000000049
0 0.3546944444444444 0.7697135416666666 0.011768518518518551 0.004968749999999922
0 0.36499074074074067 0.7736145833333332 0.009388888888888875 0.0031510416666668205
0 0.3875555555555555 0.7711302083333333 0.011074074074074108 0.009067708333333258
0 0.38390740740740736 0.75390625 0.014435185185185162 0.005989583333333393
0 0.39700925925925923 0.7591927083333333 0.012055555555555486 0.006619791666666685
0 0.4239907407407407 0.7624218749999999 0.015833333333333303 0.006619791666666685
0 0.44192592592592583 0.7680989583333333 0.018361111111111147 0.008041666666666636
0 0.45040740740740737 0.7617499999999999 0.00560185185185181 0.005911458333333286
0 0.41165740740740736 0.7869375 0.017796296296296372 0.005203124999999887
0 0.4034537037037037 0.7990364583333334 0.008685185185185181 0.010958333333333315
0 0.3818055555555555 0.7993541666666666 0.01135185185185179 0.006859374999999978
0 0.44640740740740736 0.7961614583333334 0.006027777777777822 0.01040624999999995
0 0.4893611111111111 0.7987604166666665 0.008685185185185339 0.011666666666666714
0 0.46512037037037035 0.7786979166666665 0.020740740740740667 0.0052812499999999925
0 0.521037037037037 0.7984843749999999 0.010648148148148096 0.005125000000000046
0 0.5270555555555556 0.7957291666666666 0.014574074074074083 0.00717187500000005
0 0.53925 0.8056614583333331 0.01597222222222222 0.005755208333333428
0 0.5375 0.8130312499999999 0.014712962962963002 0.0072500000000001565
0 0.5658055555555556 0.8090104166666666 0.008268518518518578 0.0072500000000001565
0 0.5749907407407407 0.8138958333333333 0.013731481481481466 0.006151041666666757
0 0.6085462962962963 0.8054635416666667 0.009388888888889033 0.008984375
0 0.5948888888888889 0.7893437499999999 0.014574074074074083 0.006697916666666792
0 0.6065925925925926 0.793359375 0.012194444444444565 0.005755208333333428
0 0.6208796296296296 0.7884374999999999 0.010231481481481492 0.009458333333333258
0 0.649962962962963 0.7880416666666666 0.007851851851851816 0.007723958333333236
0 0.5861296296296297 0.7775156249999999 0.013037037037037022 0.004651041666666522
0 0.5844444444444444 0.7730625 0.008833333333333353 0.005833333333333179
0 0.5256574074074074 0.75390625 0.012333333333333326 0.004885416666666665
0 0.5384814814814813 0.76325 0.009111111111111035 0.006541666666666579
0 0.5857777777777777 0.7493749999999999 0.020462962962962825 0.00717187500000005
0 0.5664351851851852 0.75178125 0.009249999999999956 0.014661458333333321
0 0.5485740740740741 0.740625 0.02144444444444452 0.008432291666666637
0 0.5679814814814814 0.7277760416666667 0.01597222222222222 0.005911458333333286
0 0.5689629629629629 0.7116197916666666 0.02101851851851851 0.008750000000000036
0 0.5923611111111111 0.7226510416666667 0.01597222222222222 0.005911458333333286
0 0.6183611111111111 0.7274999999999999 0.023685185185185118 0.007411458333333343
0 0.6431666666666667 0.730578125 0.02087962962962959 0.004729166666666629
0 0.6458981481481482 0.740234375 0.01850000000000007 0.005437500000000028
0 0.6521296296296296 0.7206458333333334 0.015833333333333303 0.006781250000000049
0 0.6624351851851851 0.7146510416666667 0.012333333333333326 0.009932291666666693
0 0.6510833333333333 0.7095677083333333 0.01597222222222222 0.005755208333333428
0 0.4057222222222222 0.7217447916666666 0.02574999999999995 0.005187500000000078
0 0.4512777777777777 0.7367708333333333 0.02075925925925917 0.007135416666666572
0 0.4885648148148148 0.7356874999999999 0.017685185185185047 0.006270833333333314
0 0.42725 0.6874739583333334 0.013453703703703626 0.004109374999999993
0 0.4444814814814814 0.6520937499999999 0.018481481481481567 0.011546874999999979
0 0.3651851851851851 0.6227291666666667 0.008277777777777828 0.006682291666666629
0 0.4969351851851852 0.6040989583333333 0.007555555555555631 0.00870833333333323
0 0.5014351851851852 0.6594791666666666 0.012962962962963016 0.007692708333333265
0 0.5278888888888889 0.5906354166666666 0.009722222222222222 0.004052083333333378
0 0.38156481481481475 0.5692708333333333 0.01224074074074082 0.009109374999999887
0 0.49343518518518514 0.4386875 0.014083333333333314 0.005942708333333435
0 0.5051296296296296 0.4364218749999999 0.015342592592592534 0.0050937499999999854
0 0.5169444444444443 0.42376041666666664 0.010814814814814926 0.0066510416666666575
0 0.5285185185185185 0.4209322916666666 0.012824074074073937 0.009192708333333322
0 0.5552777777777778 0.45220833333333327 0.008962962962963021 0.009593749999999979
0 0.5594722222222223 0.4356197916666666 0.013879629629629638 0.0069947916666666995
0 0.5996574074074074 0.43285416666666665 0.00636111111111101 0.010244791666666763
0 0.6026944444444443 0.46586979166666664 0.01069444444444435 0.009593749999999979
0 0.6256759259259259 0.47115624999999994 0.015037037037037099 0.013338541666666615
0 0.6294351851851852 0.44733333333333325 0.008675925925925773 0.006666666666666643
0 0.6638425925925926 0.44578645833333325 0.008675925925925773 0.0061822916666665504
0 0.66775 0.452453125 0.01185185185185181 0.005203125000000064
0 0.6924722222222222 0.452453125 0.010407407407407416 0.004880208333333335
0 0.6996944444444444 0.40504687500000003 0.009833333333333232 0.006666666666666643
0 0.7232592592592593 0.42122916666666665 0.02284259259259266 0.0035781249999999433
0 0.7254259259259258 0.4122031249999999 0.008092592592592495 0.007968750000000035
0 0.7109722222222222 0.39048958333333333 0.010407407407407416 0.009432291666666615
0 0.7380092592592591 0.4056145833333333 0.008388888888888838 0.013984374999999938
0 0.7552129629629629 0.4161041666666666 0.010407407407407416 0.009593749999999979
0 0.7280370370370369 0.38553125 0.01619444444444456 0.010572916666666644
0 0.7182037037037036 0.389109375 0.009250000000000114 0.007968749999999946
0 0.6733888888888888 0.37707291666666665 0.00751851851851847 0.009921874999999946
0 0.6596574074074073 0.36788541666666663 0.009537037037037047 0.00976041666666667
0 0.6477685185185185 0.3458072916666667 0.0061759259259259935 0.008390624999999919
0 0.6587500000000001 0.34045312499999997 0.011314814814814788 0.009260416666666682
0 0.6691203703703703 0.3373177083333333 0.012518518518518502 0.006463541666666739
0 0.67075 0.3481197916666666 0.009259259259259207 0.010125000000000028
0 0.6739166666666667 0.3631197916666667 0.009425925925926037 0.011765624999999957
0 0.6842037037037036 0.3597447916666667 0.00805555555555565 0.011765624999999957
0 0.6825833333333334 0.34536979166666665 0.015092592592592604 0.011380208333333286
0 0.6938055555555555 0.3318697916666667 0.022805555555555655 0.007328124999999996
0 0.6716944444444444 0.3293125 0.010805555555555676 0.005692708333333396
0 0.6794074074074073 0.32444270833333333 0.012175925925926062 0.005786458333333311
0 0.6635462962962962 0.3233333333333333 0.010629629629629593 0.0049166666666667245
0 0.6922685185185184 0.32314062499999996 0.007027777777777702 0.0078125
0 0.7065833333333333 0.287140625 0.009259259259259285 0.003692708333333261
0 0.7221574074074073 0.28998437499999996 0.011444444444444457 0.005395833333333311
0 0.7442962962962962 0.29405729166666666 0.009935185185185307 0.005588541666666646
0 0.7578425925925926 0.291453125 0.010101851851851822 0.005869791666666657
0 0.7465648148148147 0.28984375 0.008749999999999937 0.004546875000000039
0 0.738574074074074 0.30385416666666665 0.011277777777777942 0.005869791666666657
0 0.7591111111111111 0.3110989583333333 0.008250000000000075 0.003880208333333357
0 0.730722222222222 0.32632812499999997 0.011166666666666616 0.006104166666666711
0 0.7360925925925926 0.32290104166666667 0.0070092592592592 0.004776041666666675
0 0.7493148148148148 0.32196874999999997 0.009101851851851785 0.007473958333333286
0 0.7627314814814814 0.31989062500000004 0.008861111111110946 0.004567708333333353
0 0.7491388888888889 0.3286458333333333 0.013907407407407391 0.006437499999999918
0 0.7631574074074075 0.33023958333333325 0.006027777777777664 0.007265625000000053
0 0.7762685185185185 0.32792187500000003 0.008611111111111173 0.00830729166666666
0 0.7859814814814814 0.3161875 0.01033333333333341 0.003114583333333343
0 0.8006851851851852 0.31352604166666664 0.007749999999999899 0.008583333333333342
0 0.8575555555555555 0.330203125 0.016666666666666666 0.006161458333333325
0 0.7408703703703703 0.3425260416666666 0.017148148148148027 0.009645833333333353
0 0.7297962962962962 0.3418541666666667 0.01404629629629647 0.00696354166666664
0 0.7119351851851851 0.3567916666666666 0.008814814814814772 0.008171875000000028
0 0.7345555555555555 0.3709895833333333 0.009287037037037118 0.008437500000000053
0 0.75575 0.34929166666666667 0.01071296296296301 0.007635416666666739
0 0.772537037037037 0.3464114583333333 0.009527777777777639 0.008572916666666685
0 0.7795648148148148 0.36107812499999997 0.008814814814814692 0.005760416666666668
0 0.7825370370370369 0.3663020833333333 0.010481481481481423 0.007635416666666739
0 0.7703981481481481 0.3831145833333333 0.010953703703703532 0.00696354166666664
0 0.7790925925925924 0.4116458333333333 0.009287037037037118 0.008838541666666621
0 0.7465833333333333 0.42979687499999997 0.01619444444444456 0.007369791666666714
0 0.7719444444444444 0.42752083333333335 0.014999999999999937 0.006562499999999893
0 0.751824074074074 0.43877083333333333 0.015240740740740775 0.006296874999999957
0 0.736462962962963 0.4450677083333333 0.010240740740740585 0.005494791666666643
0 0.753611111111111 0.4432604166666666 0.01595370370370372 0.00696354166666655
0 0.7659907407407407 0.44975520833333327 0.015481481481481612 0.00763541666666665
0 0.7894444444444444 0.43475520833333337 0.01762037037037045 0.007098958333333449
0 0.7767037037037038 0.45243749999999994 0.011666666666666476 0.011656250000000057
0 0.7967129629629629 0.44446874999999997 0.015481481481481612 0.008572916666666685
0 0.7993333333333333 0.4225625 0.013101851851851936 0.008973958333333342
0 0.7956388888888888 0.40206770833333333 0.010953703703703532 0.008171875000000028
0 0.8026666666666666 0.41459375 0.009287037037037118 0.004286458333333343
0 0.8083796296296296 0.40789583333333324 0.012620370370370577 0.00830729166666675
0 0.7976666666666665 0.3961770833333333 0.009768518518518477 0.006562499999999982
0 0.7908796296296295 0.3840520833333333 0.013333333333333523 0.009375
0 0.8121944444444444 0.3758125 0.010240740740740585 0.010848958333333325
0 0.8205277777777777 0.3866666666666666 0.013574074074074044 0.0038854166666666854
0 0.8207592592592592 0.3962395833333333 0.006907407407407441 0.008036458333333352
0 0.831 0.37588020833333335 0.007861111111111225 0.008036458333333395
0 0.8371944444444444 0.3896093749999999 0.006907407407407441 0.006833333333333247
0 0.8435185185185184 0.38475000000000004 0.008240740740740824 0.005864583333333328
0 0.8507499999999999 0.3808229166666666 0.013620370370370298 0.005203124999999975
0 0.8314074074074073 0.41071875 0.013620370370370298 0.008041666666666636
0 0.8393148148148147 0.41053125 0.008240740740740824 0.00955729166666668
0 0.8201481481481482 0.42628125 0.01699074074074076 0.005864583333333328
0 0.8301481481481481 0.42382291666666666 0.012777777777777841 0.005677083333333321
0 0.839398148148148 0.422828125 0.010759259259259264 0.0072864583333332785
0 0.8476388888888888 0.42713020833333337 0.010092592592592571 0.005677083333333321
0 0.8552962962962962 0.4533854166666666 0.011268518518518691 0.0033125000000000073
0 0.8536944444444444 0.45934375000000005 0.006731481481481359 0.007093749999999943
0 0.8157685185185184 0.4709322916666666 0.014629629629629588 0.0060520833333333355
0 0.8922962962962961 0.4585416666666666 0.01261111111111101 0.007755208333333386
0 0.8809444444444444 0.48923958333333334 0.016481481481481333 0.006906249999999936
0 0.9087777777777777 0.46407291666666667 0.009583333333333144 0.007093749999999943
0 0.932574074074074 0.487015625 0.019175925925925853 0.004729166666666629
0 0.9391296296296295 0.478453125 0.0151388888888887 0.006151041666666579
0 0.949648148148148 0.4771770833333333 0.01530555555555553 0.0060520833333333355
0 0.7980370370370369 0.3491770833333333 0.008314814814814832 0.006187500000000057
0 0.8105092592592592 0.3476666666666667 0.01555555555555562 0.006786458333333289
0 0.8021944444444443 0.35234375 0.01555555555555562 0.007390625000000028
0 0.8274074074074075 0.35928645833333334 0.01287037037037035 0.008296875000000004
0 0.8256666666666667 0.3509114583333333 0.015824074074073893 0.006937499999999997
0 0.8451111111111111 0.35196875 0.006435185185185333 0.006937499999999997
0 0.8744814814814815 0.3481197916666666 0.01313888888888894 0.004375000000000018
0 0.8499351851851851 0.3490260416666667 0.01073148148148151 0.005281250000000082
0 0.856111111111111 0.3498541666666667 0.005898148148148152 0.007541666666666646
0 0.8772962962962962 0.3577760416666666 0.01019444444444433 0.004072916666666604
0 0.8801111111111111 0.35996354166666666 0.012064814814814894 0.004828124999999961
0 0.8683148148148148 0.36607291666666664 0.016361111111111073 0.004677083333333343
0 0.850611111111111 0.36728124999999995 0.005629629629629563 0.004677083333333343
0 0.8752870370370369 0.38583854166666665 0.009925925925926057 0.00799479166666659
0 0.8772962962962962 0.37904687499999995 0.012333333333333169 0.006187500000000057
0 0.8905740740740741 0.37731250000000005 0.009388888888888875 0.006338541666666675
0 0.9070648148148147 0.37226041666666665 0.01340740740740753 0.005281250000000082
0 0.893787037037037 0.374296875 0.01260185185185176 0.006640625
0 0.9095370370370369 0.38063541666666667 0.01644444444444433 0.008374999999999933
0 0.8963518518518517 0.38438541666666665 0.006824074074073868 0.0064583333333334105
0 0.8954166666666665 0.388140625 0.011166666666666616 0.005932291666666689
0 0.8944907407407408 0.39372395833333335 0.015509259259259365 0.006281249999999972
0 0.8946388888888889 0.39765104166666665 0.010861111111111023 0.005760416666666624
0 0.8754074074074073 0.4034947916666667 0.004657407407407277 0.006630208333333343
0 0.8719907407407407 0.40803124999999996 0.010861111111111023 0.004187499999999922
0 0.8989814814814815 0.40864583333333326 0.015824074074073893 0.006458333333333321
0 0.9287685185185186 0.41091145833333337 0.007138888888889028 0.007505208333333435
0 0.9366851851851852 0.40872916666666664 0.013027777777777614 0.007677083333333279
0 0.9089166666666666 0.42400000000000004 0.013342592592592774 0.008901041666666564
0 0.9023981481481482 0.4215572916666666 0.012722222222222336 0.004015625000000078
0 0.9011574074074074 0.42784374999999997 0.012722222222222336 0.005411458333333385
0 0.8836296296296297 0.43359895833333334 0.006203703703703746 0.011343749999999986
0 0.9418055555555555 0.43560937499999997 0.012101851851851898 0.005932291666666778
0 0.9346666666666668 0.44119270833333335 0.009620370370370463 0.004536458333333293
0 0.9073611111111111 0.44590625 0.009000000000000025 0.006281249999999972
0 0.93575 0.44712499999999994 0.014888888888888927 0.007677083333333279
0 0.8547037037037037 0.4203072916666667 0.00921296296296311 0.006692708333333286
0 0.565324074074074 0.5212447916666666 0.0158148148148148 0.005781249999999893
0 0.5714537037037036 0.5775052083333333 0.009092592592592534 0.008895833333333237
0 0.5882499999999999 0.5899583333333334 0.00869444444444459 0.00756250000000005
0 0.63075 0.5949583333333333 0.013046296296296273 0.009562500000000007
0 0.5981388888888889 0.6169739583333332 0.017398148148148114 0.005557291666666764
0 0.675425925925926 0.5736145833333333 0.016999999999999856 0.00911979166666672
0 0.6152962962962962 0.47623958333333327 0.00993518518518515 0.007984375000000021
0 0.6802314814814815 0.4930052083333333 0.013481481481481379 0.0047916666666667496
0 0.7261759259259258 0.51046875 0.011712962962963046 0.011776041666666615
0 0.7032962962962962 0.5272343749999999 0.015611111111110966 0.004989583333333237
0 0.6802314814814815 0.5176562499999999 0.00993518518518515 0.0073854166666667
0 0.6830648148148148 0.5279322916666667 0.010648148148148096 0.007187500000000036
0 0.687675925925926 0.5351197916666667 0.007092592592592616 0.007984375000000021
0 0.6566296296296296 0.5492916666666667 0.006027777777777822 0.0055885416666667355
0 0.7365648148148147 0.4712864583333333 0.011333333333333447 0.005177083333333421
0 0.7347962962962963 0.4850312499999999 0.00920370370370386 0.005973958333333407
0 0.8559074074074075 0.5005677083333333 0.01700000000000001 0.007968750000000035
0 0.8922037037037037 0.507640625 0.0187685185185185 0.006572916666666551
0 0.8700648148148147 0.5070416666666666 0.00920370370370386 0.00976041666666667
0 0.9235370370370369 0.5136145833333333 0.011333333333333447 0.009364583333333343
0 0.932037037037037 0.5073385416666667 0.011333333333333447 0.0067708333333333925
0 0.8796296296296295 0.5189947916666666 0.015583333333333371 0.006973958333333386
0 0.8332407407407406 0.5220833333333333 0.015583333333333371 0.005973958333333407
0 0.8316481481481481 0.5298489583333332 0.02372222222222212 0.004781250000000093
0 0.8610370370370369 0.5253697916666666 0.013101851851851936 0.006973958333333386
0 0.8812222222222222 0.5306458333333334 0.025851851851852025 0.0043802083333334355
0 0.8999907407407407 0.5254687499999999 0.016648148148148165 0.0075677083333333785
0 0.9175185185185184 0.5307447916666665 0.02053703703703699 0.005380208333333236
0 0.9237129629629629 0.5358229166666666 0.01593518518518522 0.006374999999999886
0 0.949962962962963 0.5564479166666667 0.008981481481481524 0.0085208333333334
0 0.9394444444444444 0.5504479166666666 0.008694444444444432 0.009468749999999915
0 0.8909074074074073 0.5420052083333333 0.009259259259259365 0.00962499999999995
0 0.8772962962962962 0.5382187500000001 0.017953703703703798 0.003947916666666629
0 0.8615833333333333 0.5491093749999999 0.023564814814814858 0.005526041666666792
0 0.8512037037037036 0.5632343750000001 0.019074074074074094 0.005052083333333179
0 0.852185185185185 0.571125 0.016555555555555657 0.0072604166666666355
0 0.8381574074074074 0.571125 0.008694444444444432 0.0085208333333334
0 0.8368981481481481 0.5779114583333332 0.010657407407407504 0.007572916666666707
0 0.8882407407407407 0.5707291666666666 0.011222222222222121 0.006156250000000085
0 0.9193796296296295 0.568359375 0.020759259259259328 0.006468749999999979
0 0.9038055555555555 0.5764895833333332 0.012064814814814894 0.006942708333333237
0 0.9122222222222222 0.5779895833333333 0.012629629629629827 0.007734374999999893
0 0.9153148148148148 0.5723072916666666 0.014305555555555492 0.004578124999999922
0 0.9254166666666666 0.5866666666666667 0.014305555555555492 0.007734374999999893
0 0.9006018518518518 0.5862291666666666 0.009611111111111213 0.005031249999999865
0 0.8868518518518518 0.597484375 0.01340740740740753 0.008677083333333257
0 0.8543333333333332 0.6012552083333333 0.012296296296296166 0.007921875000000078
0 0.9047314814814814 0.6020104166666667 0.012962962962962859 0.005156250000000107
0 0.9193703703703703 0.6145156249999999 0.011398148148148202 0.008802083333333321
0 0.9114444444444445 0.62225 0.017435185185185116 0.007666666666666622
0 0.9256296296296296 0.6241979166666667 0.011842592592592559 0.008802083333333321
0 0.9332314814814814 0.6290989583333333 0.014083333333333472 0.006536458333333428
0 0.9122222222222222 0.6397864583333334 0.013629629629629549 0.010307291666666708
0 0.9342407407407407 0.6480833333333333 0.01653703703703684 0.011817708333333421
0 0.8897222222222221 0.6302447916666666 0.015416666666666856 0.005421874999999865
0 0.8800833333333333 0.6396770833333333 0.009250000000000114 0.011708333333333343
0 0.8563703703703702 0.645421875 0.009638888888888964 0.00845833333333328
0 0.8453888888888889 0.6530156249999999 0.010796296296296267 0.005854166666666494
0 0.833824074074074 0.6507343750000001 0.01696296296296301 0.004338541666666629
0 0.8336296296296297 0.6437968749999999 0.02043518518518523 0.005635416666666693
0 0.9199629629629628 0.6660833333333334 0.015805555555555392 0.004067708333333364
0 0.9155462962962962 0.652671875 0.011250000000000189 0.0043697916666666
0 0.8951759259259259 0.6646510416666667 0.013935185185185143 0.008140625000000058
0 0.9211666666666667 0.6714375 0.01071296296296301 0.008140625000000058
0 0.9191574074074074 0.6845468749999999 0.010981481481481283 0.008140625000000058
0 0.9021481481481481 0.6808541666666666 0.006962962962962946 0.0043697916666666
0 0.8946481481481481 0.6817604166666666 0.007499999999999811 0.007083333333333286
0 0.8961203703703703 0.6901979166666667 0.015805555555555392 0.005578125000000078
0 0.8975925925925926 0.69690625 0.01018518518518508 0.00783854166666682
0 0.9011203703703703 0.710265625 0.012490740740740748 0.004765625000000107
0 0.8867222222222222 0.710328125 0.013342592592592774 0.0032135416666667638
0 0.8964629629629629 0.7058020833333334 0.010379629629629664 0.00369270833333335
0 0.8737037037037036 0.7059166666666666 0.013972222222222146 0.0044062500000000785
0 0.875611111111111 0.6841822916666667 0.012703703703703835 0.006192708333333208
0 0.8716944444444443 0.69221875 0.02053703703703699 0.004166666666666608
0 0.8632222222222222 0.6977604166666667 0.020120370370370386 0.005953124999999915
0 0.8474444444444444 0.7003802083333334 0.013972222222222146 0.007859375000000135
0 0.8325185185185184 0.6991875000000001 0.01630555555555557 0.004526041666666636
0 0.8360092592592592 0.7048489583333333 0.012703703703703835 0.003932291666666821
0 0.8757222222222222 0.6689166666666666 0.011944444444444634 0.005843749999999837
0 0.8592314814814814 0.6653333333333333 0.01428703703703699 0.006572916666666551
0 0.8352037037037036 0.6785572916666667 0.006231481481481498 0.0075937500000000215
0 0.8580648148148148 0.7219427083333334 0.011944444444444634 0.004088541666666679
0 0.8535185185185185 0.7380833333333332 0.014805555555555669 0.005406250000000057
0 0.8036481481481481 0.7290989583333333 0.009611111111111213 0.006135416666666771
0 0.8163796296296296 0.7353072916666666 0.008574074074074171 0.006281249999999972
0 0.6331111111111111 0.8086302083333333 0.010388888888888914 0.007786458333333357
0 0.6365740740740741 0.8124270833333332 0.006231481481481498 0.005645833333333528
0 0.6736111111111112 0.7691041666666667 0.01592592592592597 0.012848958333333372
0 0.6831296296296295 0.7485625 0.017657407407407295 0.007203125000000021
0 0.692648148148148 0.743109375 0.01453703703703708 0.009541666666666693
0 0.7182592592592593 0.7860416666666666 0.020074074074074133 0.004281249999999836
0 0.7378240740740741 0.7860416666666666 0.023194444444444507 0.009734375000000028
0 0.7127037037037037 0.769140625 0.007962962962962904 0.007041666666666657
0 0.717824074074074 0.7630572916666666 0.011379629629629701 0.007359375000000057
0 0.7314814814814814 0.7735416666666667 0.01991666666666655 0.00911979166666672
0 0.7525277777777777 0.77978125 0.01991666666666655 0.006880208333333293
0 0.7375925925925925 0.7665781249999999 0.01735185185185186 0.008000000000000007
0 0.7402962962962962 0.7569791666666668 0.013657407407407302 0.013442708333333364
0 0.7491203703703703 0.7491354166666666 0.01763888888888895 0.008963541666666686
0 0.7493981481481481 0.7380104166666667 0.014796296296296418 0.008161458333333371
0 0.7169722222222222 0.718890625 0.009675925925925968 0.009604166666666636
0 0.7246481481481482 0.7182499999999999 0.007398148148148051 0.008640625000000134
0 0.7314814814814814 0.7248072916666667 0.009101851851851785 0.009281250000000085
0 0.7667592592592591 0.7208072916666667 0.02959259259259252 0.006723958333333257
0 0.7599259259259259 0.7229687499999999 0.009675925925925968 0.005921874999999943
0 0.7946388888888889 0.7444947916666667 0.005694444444444634 0.006723958333333257
0 0.8186851851851851 0.7436927083333333 0.01223148148148141 0.0038385416666665505
0 0.8047407407407406 0.7463333333333333 0.01223148148148141 0.006880208333333293
0 0.8330462962962962 0.7475364583333333 0.010240740740740585 0.005760416666666579
0 0.7967777777777777 0.7540989583333333 0.0065462962962963426 0.010244791666666763
0 0.7876666666666665 0.757296875 0.009388888888888875 0.009281250000000085
0 0.8152685185185186 0.7628177083333332 0.013370370370370525 0.0049635416666667705
0 0.7890925925925926 0.7648177083333334 0.009388888888888875 0.006723958333333257
0 0.7828333333333333 0.7644166666666667 0.005972222222222159 0.005921874999999943
0 0.7627777777777777 0.7678593749999999 0.011953703703703885 0.0038385416666665505
0 0.7599259259259259 0.7720989583333333 0.010240740740740585 0.006239583333333343
0 0.7851111111111111 0.777703125 0.011666666666666476 0.0036822916666666926
0 0.7905185185185185 0.7801822916666666 0.008250000000000075 0.006723958333333257
0 0.7731574074074073 0.7755416666666666 0.0065462962962963426 0.004479166666666678
0 0.5898703703703703 0.695796875 0.01570370370370379 0.0054947916666668204
0 0.6469259259259259 0.687453125 0.018148148148148063 0.01157812499999995
0 0.6429074074074074 0.6676302083333333 0.01570370370370379 0.006083333333333307
0 0.637898148148148 0.6741249999999999 0.010787037037037175 0.006203124999999865
0 0.6278425925925926 0.6712291666666667 0.008824074074074102 0.0059322916666666005
0 0.6816574074074074 0.6761979166666666 0.016916666666666597 0.00979166666666682
0 0.6760185185185186 0.6965364583333333 0.007601851851851886 0.008828124999999964
0 0.7215 0.664265625 0.0053888888888887244 0.008828124999999964
0 0.7370648148148148 0.67475 0.008092592592592495 0.008000000000000007
0 0.7630462962962963 0.677296875 0.009564814814814642 0.006203124999999865
0 0.7987222222222221 0.6805416666666667 0.01029629629629609 0.0074479166666668204
0 0.7832777777777779 0.6819166666666666 0.015694444444444382 0.0049635416666667705
0 0.7519629629629629 0.5681666666666667 0.013435185185185283 0.010708333333333365
0 0.7707129629629629 0.5732083333333333 0.016240740740740812 0.008817708333333308
0 0.694287037037037 0.6143072916666666 0.01455555555555558 0.0047239583333334775
0 0.7239629629629629 0.6229687499999998 0.019037037037037092 0.0031510416666668205
0 0.7695925925925925 0.6278489583333333 0.0139999999999999 0.016692708333333427
0 0.8110277777777777 0.6302135416666667 0.0139999999999999 0.008817708333333308
0 0.8300648148148148 0.6224947916666667 0.015120370370370197 0.007874999999999943
0 0.8012314814814815 0.6193489583333334 0.01007407407407407 0.011020833333333258
0 0.800111111111111 0.6073802083333334 0.007842592592592724 0.010395833333333293
0 0.8076666666666666 0.6040729166666666 0.007888888888888976 0.010515625000000028
0 0.4751944444444444 0.5349375 0.007101851851851867 0.006598958333333372
0 0.48942592592592593 0.524625 0.011592592592592628 0.004937499999999951