0 0.018675925925925926 0.7789114583333333 0.02376851851851852 0.00954687500000002
0 0.13318518518518518 0.684234375 0.013814814814814842 0.01146875000000005
0 0.1874444444444444 0.716609375 0.011842592592592637 0.010359374999999994
0 0.17593518518518517 0.6977395833333333 0.00854629629629632 0.005921874999999943
0 0.2331574074074074 0.710875 0.017759259259259214 0.00703125
0 0.19223148148148148 0.6880260416666666 0.010166666666666657 0.010395833333333293
0 0.2275833333333333 0.6969947916666667 0.010629629629629673 0.011177083333333292
0 0.2647777777777778 0.6869895833333333 0.023101851851851922 0.009875000000000078
0 0.18830555555555553 0.6538489583333333 0.012472222222222247 0.012218750000000079
0 0.09080555555555556 0.63734375 0.0069351851851851935 0.012994791666666571
0 0.026805555555555558 0.5576718749999999 0.01478703703703704 0.013776041666666572
0 0.04944444444444444 0.5485781249999999 0.013861111111111112 0.010135416666666685
0 0.07925 0.572359375 0.006009259259259261 0.007796874999999837
0 0.09796296296296296 0.6019895833333333 0.010166666666666657 0.011958333333333293
0 0.12014814814814814 0.6031614583333333 0.016638888888888915 0.00649999999999995
0 0.1765185185185185 0.6143385416666666 0.01109259259259259 0.011177083333333292
0 0.30174999999999996 0.65215625 0.015712962962962963 0.010395833333333293
0 0.3075185185185185 0.6625520833333333 0.015250000000000026 0.006760416666666736
0 0.04343518518518518 0.53596875 0.010166666666666668 0.010395833333333293
0 0.05244444444444444 0.5177760416666667 0.008777777777777789 0.010395833333333293
0 0.06792592592592593 0.5386979166666667 0.012018518518518503 0.010135416666666685
0 0.03558333333333333 0.4713802083333333 0.008314814814814822 0.011177083333333292
0 0.07116666666666666 0.464359375 0.017555555555555557 0.008057291666666622
0 0.07601851851851851 0.4764479166666666 0.010629629629629614 0.01299479166666675
0 0.12124074074074073 0.520609375 0.0171111111111111 0.0062864583333333
0 0.13024999999999998 0.5082239583333333 0.009120370370370405 0.011802083333333435
0 0.20519444444444446 0.47145312500000003 0.019546296296296284 0.005864583333333328
0 0.11464814814814812 0.4251614583333333 0.011287037037037035 0.01001562499999995
0 0.0925 0.4070833333333333 0.006944444444444444 0.009526041666666707
0 0.17544444444444443 0.41196874999999994 0.01824074074074073 0.004640625000000042
0 0.19237962962962962 0.39572916666666663 0.017370370370370362 0.007328124999999996
0 0.26056481481481486 0.5348437500000001 0.0191111111111111 0.003666666666666707
0 0.30702777777777773 0.5416822916666666 0.01389814814814814 0.010994791666666792
0 0.3172314814814815 0.5636666666666666 0.006518518518518511 0.005130208333333286
0 0.41276851851851853 0.5509635416666666 0.01954629629629636 0.012458333333333372
0 0.3758611111111111 0.5000312499999999 0.012592592592592666 0.008791666666666665
0 0.46445370370370365 0.496859375 0.008249999999999917 0.01026041666666675
0 0.47748148148148145 0.4924583333333333 0.01086111111111118 0.011234374999999908
0 0.517 0.5805208333333333 0.006518518518518432 0.007083333333333286
0 0.6060185185185185 0.4884270833333333 0.013462962962962876 0.007572916666666707
0 0.6492314814814814 0.530078125 0.013027777777777772 0.009281250000000085
0 0.7189351851851852 0.5306875 0.010861111111111023 0.009036458333333285
0 0.7699537037037035 0.6005520833333333 0.019972222222222058 0.009526041666666707
0 0.5004907407407407 0.6285208333333333 0.01606481481481473 0.004395833333333421
0 0.83575 0.6259583333333333 0.010861111111111023 0.010505208333333372
0 0.7905833333333334 0.571484375 0.009990740740740812 0.009036458333333285
0 0.8298888888888889 0.6672395833333333 0.013027777777777614 0.005130208333333286
0 0.5851759259259259 0.70021875 0.0169351851851851 0.005130208333333286
0 0.43383333333333335 0.7226874999999999 0.012157407407407403 0.009526041666666707
0 0.29030555555555554 0.6930104166666666 0.008249999999999997 0.012213541666666572
0 0.2670740740740741 0.7233020833333332 0.020842592592592583 0.006838541666666665
0 0.28336111111111106 0.7372239583333333 0.014333333333333325 0.006348958333333421
0 0.2874814814814815 0.7553020833333333 0.011287037037037114 0.0073281250000000854
0 0.3159259259259259 0.7561562499999999 0.009120370370370365 0.005130208333333286
0 0.3930092592592592 0.7423541666666666 0.015629629629629625 0.008307291666666572
0 0.37499074074074074 0.7651927083333334 0.011722222222222141 0.010994791666666792
0 0.3658611111111111 0.7827395833333333 0.006175925925925836 0.0032812500000000354
0 0.504175925925926 0.7365989583333332 0.024027777777777874 0.007916666666666572
0 0.46315740740740735 0.7558072916666667 0.015444444444444452 0.007338541666666742
0 0.49078703703703697 0.7786875 0.015101851851851854 0.009843750000000106
0 0.548787037037037 0.7565833333333334 0.022648148148148233 0.005020833333333208
0 0.5606296296296296 0.766234375 0.02093518518518509 0.004635416666666714
0 0.5786481481481481 0.7833177083333334 0.021277777777777847 0.006369791666666735
0 0.6093703703703703 0.7980885416666667 0.016129629629629643 0.006947916666666743
0 0.5968425925925926 0.7643020833333333 0.00892592592592602 0.004635416666666714
0 0.6232685185185185 0.7863125 0.01235185185185183 0.0034739583333333714
0 0.6651388888888888 0.7827395833333333 0.01235185185185183 0.009072916666666764
0 0.6555277777777778 0.764109375 0.013046296296296273 0.006947916666666743
0 0.6869351851851851 0.776078125 0.021620370370370286 0.005020833333333208
0 0.6761203703703704 0.7650781249999999 0.016472222222222242 0.007338541666666742
0 0.6958518518518518 0.7598645833333333 0.018194444444444475 0.010036458333333265
0 0.7111296296296297 0.7595729166666667 0.013731481481481388 0.008302083333333422
0 0.730175925925926 0.7735677083333333 0.014074074074074221 0.009651041666666771
0 0.7382407407407408 0.7675833333333333 0.01784259259259247 0.005791666666666551
0 0.7423611111111111 0.753296875 0.017157407407407278 0.007338541666666742
0 0.7226296296296296 0.7211562499999999 0.01200925925925939 0.0059843749999998865
0 0.7790833333333332 0.7451927083333333 0.017157407407407278 0.006947916666666743
0 0.7976203703703704 0.7530104166666666 0.016472222222222083 0.006369791666666735
0 0.6996296296296296 0.7029114583333332 0.019564814814814865 0.00849479166666658
0 0.6682222222222222 0.6862135416666666 0.009611111111111213 0.009072916666666764
0 0.8130648148148147 0.7084166666666667 0.01029629629629609 0.011390624999999942
0 0.8297037037037037 0.7261770833333333 0.01544444444444461 0.007916666666666572
0 0.8693425925925925 0.6910416666666667 0.009611111111111213 0.0106197916666666
0 0.9148240740740741 0.6776197916666666 0.013388888888889028 0.011583333333333279
0 0.958 0.6529999999999999 0.015083333333333195 0.008994791666666658
0 0.9774259259259258 0.605578125 0.010055555555555568 0.01079687499999995
0 0.9806203703703703 0.5893854166666666 0.015537037037037116 0.006682291666666629
0 0.9632592592592591 0.5685625 0.014620370370370337 0.007197916666666693
0 0.8988333333333333 0.5717395833333333 0.015435185185185357 0.006187500000000057
0 0.9331759259259259 0.5759687499999999 0.010027777777777816 0.008791666666666665
0 0.9529166666666667 0.549609375 0.018314814814814895 0.007093749999999943
0 0.971675925925926 0.5331458333333332 0.013805555555555316 0.00962499999999995
0 0.8825277777777777 0.49270312499999996 0.00840740740740734 0.008104166666666579
0 0.9373055555555554 0.5180312499999999 0.011703703703703796 0.009453125000000107
0 0.9658240740740739 0.5208177083333333 0.009907407407407238 0.010302083333333378
0 0.9736296296296296 0.5095885416666667 0.014712962962962844 0.006755208333333406
0 0.92575 0.4623125 0.01261111111111101 0.010468749999999893
0 0.9436111111111111 0.4808854166666666 0.015907407407407467 0.0077656250000000425
0 0.942111111111111 0.44610416666666663 0.014712962962962844 0.00911979166666672
0 0.8975277777777778 0.4207760416666666 0.021009259259259415 0.0060781249999999785
0 0.9596666666666667 0.43174999999999997 0.012009259259259074 0.007427083333333329
0 0.9899907407407407 0.45783854166666665 0.013805555555555316 0.008276041666666779
0 0.968824074074074 0.4584270833333333 0.007499999999999811 0.009453125000000107
0 0.9698796296296296 0.4507447916666666 0.009601851851851646 0.008276041666666779
0 0.9614722222222222 0.44534375 0.007805555555555404 0.009286458333333237
0 0.9695740740740741 0.4087864583333333 0.019814814814814792 0.006416666666666693
0 0.8628611111111111 0.39299999999999996 0.012907407407407352 0.009963541666666752
0 0.8594074074074074 0.38244791666666667 0.013805555555555632 0.006078125000000068
0 0.882824074074074 0.3642083333333333 0.013203703703703695 0.009119791666666632
0 0.7139722222222221 0.4373229166666667 0.0171111111111111 0.013510416666666636
0 0.7505925925925925 0.4309895833333333 0.014111111111111225 0.00625
0 0.7840648148148148 0.435546875 0.0180092592592593 0.0065833333333333854
0 0.6408796296296295 0.46492708333333327 0.015009259259259345 0.0048958333333333215
0 0.7917037037037037 0.501109375 0.021518518518518527 0.01239583333333325
0 0.7104814814814815 0.369671875 0.012814814814814687 0.010666666666666647
0 0.7973425925925924 0.317640625 0.011277777777777942 0.008645833333333287
0 0.702287037037037 0.2914114583333333 0.02715740740740734 0.010375000000000068
0 0.6794814814814815 0.273109375 0.017425925925925866 0.01008854166666664
0 0.6997222222222222 0.28478125 0.014861111111111016 0.0028802083333332893
0 0.7650555555555555 0.255671875 0.02357407407407411 0.006916666666666682
0 0.6910092592592593 0.25740104166666666 0.016907407407407347 0.006916666666666682
0 0.5687962962962962 0.23361979166666663 0.020500000000000147 0.0072083333333333496
0 0.5954444444444444 0.26460416666666664 0.022546296296296158 0.011531249999999993
0 0.6138888888888889 0.2481770833333333 0.02357407407407411 0.0074947916666666895
0 0.5531666666666666 0.2755572916666667 0.018962962962962928 0.013833333333333276
0 0.5175555555555555 0.28665624999999995 0.02459259259259249 0.004901041666666739
0 0.37176851851851844 0.272390625 0.017935185185185137 0.006916666666666682
0 0.3515277777777777 0.29227604166666665 0.020499999999999987 0.009223958333333383
0 0.2941388888888889 0.306546875 0.019472222222222196 0.007208333333333261
0 0.3692037037037037 0.42458333333333337 0.009740740740740723 0.0098020833333333
0 0.13950925925925925 0.3799375 0.018388888888888903 0.009145833333333275
0 0.19348148148148148 0.36352083333333335 0.013324074074074035 0.008692708333333332
0 0.17455555555555557 0.35535416666666664 0.00852777777777776 0.012739583333333382
0 0.17962037037037035 0.345234375 0.021324074074074044 0.006593750000000042
0 0.14257407407407405 0.35640104166666664 0.025055555555555546 0.006145833333333339
0 0.12525925925925926 0.35940104166666664 0.01225925925925928 0.012140624999999971
0 0.10753703703703701 0.3665208333333333 0.0237222222222222 0.0074947916666666895
0 0.09353703703703703 0.36187499999999995 0.009592592592592581 0.011093749999999947
0 0.22146296296296294 0.32319791666666664 0.017592592592592618 0.008395833333333247
0 0.16853703703703704 0.30180208333333336 0.008620370370370386 0.009703125000000057
0 0.2305833333333333 0.28155729166666665 0.011999999999999981 0.011812500000000004
0 0.2911388888888889 0.2954739583333333 0.01687037037037042 0.009703125000000057
0 0.3173888888888889 0.25835416666666666 0.01237037037037041 0.011390625000000033
0 0.3158888888888889 0.25761979166666665 0.0183703703703704 0.006114583333333368
0 0.2907685185185185 0.254875 0.010120370370370325 0.0056927083333333075
0 0.28870370370370374 0.2624687499999999 0.01275000000000001 0.009489583333333319
0 0.3018240740740741 0.2728020833333333 0.01275000000000001 0.009489583333333319
0 0.2922685185185185 0.26827083333333335 0.008620370370370346 0.008859375000000025
0 0.4516388888888888 0.39172916666666663 0.011768518518518551 0.00625