0 0.15635185185185185 0.4900260416666667 0.009462962962963001 0.005421875000000043
0 0.1634074074074074 0.48765624999999996 0.016009259259259265 0.004354166666666615
0 0.15687037037037035 0.48523437499999994 0.021851851851851872 0.00880729166666665
0 0.10343518518518519 0.48896354166666656 0.027194444444444462 0.01626562499999995
0 0.09612037037037037 0.504015625 0.01428703703703703 0.004552083333333279
0 0.10033333333333333 0.5137916666666666 0.013083333333333317 0.011906250000000007
0 0.12287962962962963 0.5118072916666666 0.011018518518518523 0.009875000000000078
0 0.16865740740740742 0.506578125 0.022027777777777795 0.007161458333333393
0 0.06605555555555556 0.470703125 0.010638888888888904 0.009723958333333371
0 0.0826574074074074 0.4658072916666667 0.012972222222222208 0.004187499999999922
0 0.09623148148148147 0.46351041666666665 0.01465740740740742 0.007432291666666657
0 0.059472222222222225 0.5163541666666667 0.013694444444444443 0.009057291666666778
0 0.06547222222222221 0.5235885416666666 0.009370370370370374 0.0051354166666666146
0 0.05021296296296296 0.5286562499999999 0.007685185185185183 0.006083333333333307
0 0.06391666666666666 0.532234375 0.01200925925925925 0.004322916666666643
0 0.09862962962962961 0.5358854166666667 0.016101851851851853 0.005947916666666764
0 0.09817592592592593 0.5404010416666666 0.015379629629629656 0.003427083333333236
0 0.11605555555555556 0.542546875 0.016490740740740743 0.00802604166666665
0 0.051481481481481475 0.5557604166666665 0.01760185185185185 0.007796874999999837
0 0.06582407407407408 0.5713854166666665 0.013861111111111117 0.010520833333333179
0 0.11721296296296296 0.5814583333333333 0.00433333333333334 0.00627604166666682
0 0.1436851851851852 0.57303125 0.006657407407407392 0.004776041666666763
0 0.06785185185185184 0.5941041666666667 0.006824074074074085 0.007588541666666693
0 0.05469444444444444 0.603375 0.013814814814814823 0.011520833333333336
0 0.07908333333333332 0.5978489583333333 0.00433333333333334 0.004213541666666742
0 0.0906574074074074 0.5977083333333333 0.005824074074074067 0.0065572916666667425
0 0.11063888888888888 0.6046875 0.010824074074074059 0.010583333333333477
0 0.07484259259259259 0.6100260416666666 0.010824074074074078 0.01189583333333335
0 0.06093518518518519 0.617609375 0.008657407407407409 0.007958333333333378
0 0.07367592592592592 0.6260885416666666 0.00815740740740741 0.010677083333333393
0 0.08999074074074073 0.6283802083333333 0.013490740740740737 0.006088541666666636
0 0.07700925925925926 0.63475 0.010490740740740752 0.00627604166666682
0 0.081 0.6426145833333333 0.011157407407407425 0.007958333333333378
0 0.10880555555555556 0.6513281249999999 0.006824074074074065 0.007213541666666679
0 0.12121296296296295 0.63296875 0.009990740740740734 0.0085208333333334
0 0.10212962962962963 0.6676041666666667 0.008314814814814792 0.008473958333333264
0 0.09516666666666666 0.6782135416666667 0.010185185185185198 0.008874999999999921
0 0.10162037037037036 0.6836197916666666 0.011333333333333329 0.00806770833333328
0 0.11259259259259259 0.6861979166666666 0.012333333333333326 0.007744791666666551
0 0.1300277777777778 0.6871666666666666 0.008462962962962964 0.011135416666666665
0 0.1106574074074074 0.6935 0.013916666666666681 0.0060520833333333355
0 0.11898148148148147 0.6945520833333333 0.01276851851851851 0.0049218749999999645
0 0.15827777777777777 0.701328125 0.013055555555555563 0.007505208333333258
0 0.1235648148148148 0.7068541666666667 0.006453703703703716 0.006937500000000085
0 0.16652777777777777 0.6895104166666666 0.010611111111111092 0.009843750000000106
0 0.1802962962962963 0.6877760416666666 0.011759259259259242 0.012343749999999964
0 0.19356481481481483 0.7048385416666666 0.01276851851851851 0.004838541666666707
0 0.19349074074074074 0.7138333333333333 0.007749999999999978 0.008953125000000029
0 0.18962037037037033 0.720046875 0.007462962962962965 0.007182291666666707
0 0.2411851851851852 0.7012083333333333 0.008175925925925991 0.007906249999999915
0 0.2678611111111111 0.7232760416666666 0.012194444444444407 0.009921875000000035
0 0.3045833333333333 0.7401354166666666 0.011046296296296276 0.009114583333333393
0 0.28055555555555556 0.7534062499999999 0.013481481481481457 0.009036458333333285
0 0.2771111111111111 0.7606302083333334 0.015490740740740784 0.007666666666666622
0 0.2634166666666667 0.7665208333333333 0.015351851851851863 0.009598958333333307
0 0.23595370370370372 0.7614739583333333 0.010898148148148185 0.007583333333333364
0 0.22246296296296295 0.7630104166666667 0.014629629629629666 0.006937500000000085
0 0.22175 0.7690989583333334 0.013481481481481457 0.009760416666666494
0 0.20855555555555555 0.7498177083333333 0.007749999999999978 0.006697916666666792
0 0.26683333333333337 0.7807187499999999 0.012722222222222256 0.009729166666666521
0 0.2900925925925926 0.7896614583333333 0.013120370370370359 0.009281250000000085
0 0.3078888888888889 0.7826718749999999 0.013324074074074035 0.006932291666666579
0 0.3237962962962963 0.7854114583333333 0.023259259259259264 0.008166666666666522
0 0.3176296296296296 0.79984375 0.011333333333333369 0.008609375000000075
0 0.37171296296296297 0.8108020833333333 0.010537037037037086 0.005927083333333272
0 0.3924907407407407 0.8041458333333333 0.012324074074074076 0.006932291666666757
0 0.40382407407407406 0.808453125 0.01670370370370367 0.005927083333333272
0 0.42112037037037037 0.812703125 0.009148148148148197 0.007718750000000085
0 0.4116759259259259 0.7995052083333333 0.010138888888888984 0.006598958333333372
0 0.38762037037037034 0.7843489583333334 0.0172962962962962 0.007380208333333371
0 0.3765833333333333 0.7720468749999999 0.013916666666666641 0.008052083333333293
0 0.4047222222222222 0.7822812499999999 0.007750000000000057 0.009505208333333393
0 0.4071111111111111 0.7642760416666666 0.01570370370370379 0.004583333333333428
0 0.4469722222222222 0.781109375 0.0095462962962963 0.006932291666666579
0 0.47102777777777777 0.7901666666666666 0.0095462962962963 0.009843750000000106
0 0.41267592592592595 0.7430260416666666 0.017694444444444457 0.007942708333333392
0 0.46178703703703705 0.7308333333333333 0.010935185185185187 0.007046875000000163
0 0.47182407407407406 0.7623177083333333 0.010740740740740762 0.009843750000000106
0 0.5089074074074074 0.7681875 0.02485185185185183 0.0074947916666666
0 0.5227222222222222 0.7563333333333333 0.013518518518518381 0.0090572916666666
0 0.5370462962962962 0.7707604166666666 0.02067592592592591 0.009729166666666521
0 0.5502685185185184 0.7792083333333333 0.012925925925926013 0.01274999999999995
0 0.5101018518518519 0.7939114583333333 0.011333333333333289 0.007942708333333392
0 0.5239166666666667 0.8011250000000001 0.0099444444444444 0.006041666666666589
0 0.49031481481481476 0.8116979166666667 0.014314814814814902 0.004807291666666558
0 0.4784907407407407 0.8193020833333332 0.010537037037037086 0.01062499999999993
0 0.5009537037037036 0.8217604166666665 0.019685185185185125 0.0070468749999999854
0 0.5356481481481481 0.8120885416666667 0.01034259259259266 0.004921874999999787
0 0.5492685185185185 0.8143802083333332 0.010935185185185187 0.004807291666666558
0 0.5333611111111111 0.8062708333333333 0.006564814814814687 0.005817708333333371
0 0.5387314814814814 0.8055989583333332 0.005768518518518483 0.006041666666666501
0 0.5552314814814815 0.8047604166666666 0.013722222222222216 0.0057031249999997865
0 0.5609999999999999 0.8224010416666665 0.009388888888889033 0.0081666666666667
0 0.5699444444444444 0.8061145833333333 0.0095648148148148 0.009067708333333258
0 0.5756944444444444 0.7885312499999999 0.01824074074074073 0.004979166666666579
0 0.5755185185185184 0.7804114583333334 0.012222222222222317 0.004286458333333343
0 0.6143055555555555 0.7701979166666666 0.01045370370370367 0.003984375000000107
0 0.6041296296296297 0.7712447916666666 0.012398148148148241 0.0044843750000000075
0 0.6123611111111111 0.78325 0.008675925925925773 0.007369791666666714
0 0.6218333333333333 0.7861874999999999 0.014518518518518578 0.007270833333333293
0 0.5860555555555556 0.7979479166666665 0.013462962962962876 0.007270833333333382
0 0.6321111111111111 0.8075104166666666 0.024083333333333377 0.0058802083333333146
0 0.5872962962962962 0.8137343749999999 0.01594444444444447 0.005776041666666743
0 0.6200648148148147 0.8224531249999998 0.019129629629629757 0.007072916666666628
0 0.6492037037037036 0.8173749999999999 0.013990740740740647 0.011854166666666898
0 0.664962962962963 0.79540625 0.01682407407407409 0.006572916666666551
0 0.6702777777777778 0.7892291666666666 0.0150555555555556 0.006776041666666721
0 0.7042777777777778 0.80178125 0.013638888888888959 0.011953124999999875
0 0.6612870370370371 0.7706458333333334 0.011148148148148114 0.0058385416666666854
0 0.6897222222222221 0.7705364583333333 0.007685185185185143 0.007781250000000029
0 0.6877037037037037 0.783453125 0.023249999999999854 0.004645833333333372
0 0.6874166666666666 0.792640625 0.007685185185185143 0.008973958333333342
0 0.7229722222222221 0.7633489583333334 0.015370370370370286 0.010484375000000056
0 0.7185555555555554 0.7750781250000001 0.016138888888888973 0.00432291666666682
0 0.7313333333333333 0.782046875 0.014416666666666503 0.004213541666666742
0 0.7542037037037037 0.79275 0.01595370370370372 0.003567708333333286
0 0.7734166666666665 0.780859375 0.012490740740740748 0.005729166666666607
0 0.7524722222222222 0.7756145833333333 0.014796296296296418 0.004541666666666622
0 0.7632314814814815 0.7721562499999999 0.010574074074074246 0.010374999999999978
0 0.7893703703703703 0.7725885416666666 0.011342592592592697 0.012109375
0 0.7731296296296296 0.7525364583333333 0.010379629629629664 0.009406249999999972
0 0.7451666666666666 0.7536197916666667 0.0128796296296296 0.008109375000000085
0 0.7655370370370369 0.74696875 0.01018518518518508 0.008645833333333287
0 0.7718796296296296 0.7410781249999999 0.022870370370370412 0.008541666666666715
0 0.8510555555555556 0.7552395833333333 0.0132592592592592 0.003567708333333286
0 0.7830277777777778 0.7346458333333332 0.013648148148148052 0.005187500000000078
0 0.825111111111111 0.7382708333333333 0.01749074074074094 0.004645833333333372
0 0.8448148148148148 0.7348072916666666 0.007685185185185143 0.007890625000000106
0 0.8357777777777777 0.7304322916666667 0.011148148148148114 0.0058385416666666854
0 0.8937222222222222 0.7271354166666666 0.012490740740740748 0.005296874999999979
0 0.886898148148148 0.7303229166666666 0.010379629629629664 0.003026041666666579
0 0.8447129629629628 0.7179479166666667 0.008648148148148177 0.005078125
0 0.9125555555555555 0.7062708333333333 0.0132592592592592 0.006161458333333236
0 0.8700833333333334 0.7047552083333334 0.011722222222222299 0.00486458333333335
0 0.9087129629629629 0.6986510416666667 0.011722222222222299 0.003458333333333208
0 0.9283796296296296 0.69428125 0.013870370370370387 0.006401041666666707
0 0.9371203703703704 0.6732864583333333 0.010824074074074019 0.006244791666666494
0 0.9174166666666667 0.6751614583333333 0.008601851851851923 0.0074895833333334496
0 0.7996388888888889 0.6795312499999999 0.007768518518518716 0.008739583333333379
0 0.8261296296296295 0.6952187499999999 0.011935185185185384 0.006401041666666707
0 0.8538796296296296 0.694984375 0.008601851851851923 0.0065572916666667425
0 0.8754629629629629 0.6908020833333333 0.009694444444444469 0.009718749999999865
0 0.9056018518518518 0.6885208333333332 0.01745370370370362 0.004562500000000113
0 0.9084259259259259 0.6824739583333332 0.012166666666666654 0.0047604166666666
0 0.9285185185185185 0.6811875000000001 0.014981481481481436 0.0047604166666666
0 0.9395370370370371 0.6894635416666667 0.011629629629629474 0.005651041666666678
0 0.9276574074074073 0.6576093749999999 0.00781481481481497 0.0057187499999999504
0 0.8868703703703703 0.6571666666666667 0.009638888888888964 0.004838541666666707
0 0.9621296296296294 0.6325989583333332 0.00851851851851835 0.004932291666666621
0 0.9734074074074073 0.620265625 0.012027777777777575 0.005921874999999943
0 0.9912129629629629 0.6013072916666666 0.017574074074074197 0.005213541666666721
0 0.9875648148148147 0.5877812499999999 0.012777777777777841 0.011135416666666665
0 0.9672685185185186 0.5839010416666666 0.011277777777777626 0.007609375000000007
0 0.9354444444444444 0.5877083333333333 0.011277777777777942 0.005921874999999943
0 0.9214166666666667 0.5912291666666667 0.009768518518518477 0.011838541666666735
0 0.9053796296296295 0.60025 0.019296296296296114 0.004791666666666572
0 0.8962314814814815 0.6141354166666667 0.018537037037036914 0.012541666666666628
0 0.8394814814814814 0.6128645833333334 0.008768518518518438 0.00916145833333335
0 0.8060370370370369 0.6146979166666666 0.018537037037036914 0.011416666666666764
0 0.7882499999999999 0.6222395833333334 0.01503703703703694 0.008739583333333379
0 0.7811018518518519 0.6374583333333333 0.019296296296296114 0.011276041666666714
0 0.7406944444444444 0.5967812499999999 0.013444444444444533 0.012062499999999865
0 0.6918796296296296 0.5870625 0.01696296296296285 0.004499999999999993
0 0.6670740740740742 0.535296875 0.016009259259259227 0.006484374999999964
0 0.816074074074074 0.5560885416666667 0.009287037037037118 0.009901041666666721
0 0.8373611111111111 0.5633854166666666 0.008324074074074083 0.007203125000000021
0 0.8474444444444444 0.5539322916666667 0.009925925925926057 0.012062499999999865
0 0.9348333333333332 0.5632916666666666 0.009925925925926057 0.014583333333333393
0 0.9808333333333332 0.5452708333333334 0.01815740740740763 0.007026041666666494
0 0.9916666666666667 0.52734375 0.016666666666666666 0.011979166666666607
0 0.9741388888888888 0.527453125 0.013518518518518539 0.006734375000000093
0 0.9840555555555556 0.5400937499999999 0.02022222222222246 0.006374999999999886
0 0.9331851851851851 0.5428072916666666 0.019703703703703782 0.007895833333333258
0 0.9306111111111111 0.5312552083333333 0.008629629629629676 0.0053593749999999215
0 0.9292592592592592 0.5244479166666667 0.01313888888888894 0.007390625000000028
0 0.9375 0.5194479166666667 0.009787037037036978 0.006520833333333265
0 0.9454166666666666 0.5229947916666666 0.009916666666666806 0.007098958333333449
0 0.9585555555555555 0.516765625 0.01223148148148141 0.005072916666666672
0 0.9497962962962961 0.5173125 0.007851851851851974 0.005869791666666657
0 0.9474166666666667 0.5106458333333334 0.012101851851851898 0.004999999999999893
0 0.974074074074074 0.4998541666666666 0.017259259259259037 0.006010416666666707
0 0.9759999999999999 0.4926458333333333 0.010305555555555656 0.005651041666666678
0 0.934212962962963 0.4952552083333333 0.010944444444444281 0.007390625000000028
0 0.9346018518518519 0.5023177083333333 0.007601851851851886 0.006302083333333286
0 0.9682037037037037 0.4696979166666667 0.010037037037037067 0.005828125000000029
0 0.9351944444444443 0.4562291666666667 0.010675925925926005 0.009104166666666736
0 0.9405833333333333 0.4394635416666667 0.013379629629629778 0.004286458333333343
0 0.9288981481481481 0.44554687499999995 0.010101851851851822 0.002536458333333336
0 0.9330925925925925 0.4435989583333333 0.010120370370370325 0.0056927083333333075
0 0.9351851851851851 0.44814583333333335 0.00866666666666668 0.004312499999999986
0 0.9211851851851852 0.42904687499999994 0.009129629629629536 0.010010416666666622
0 0.9088888888888889 0.4367552083333333 0.013111111111111186 0.004348958333333286
0 0.8916759259259259 0.45822916666666663 0.008194444444444254 0.00908854166666675
0 0.874574074074074 0.4710052083333333 0.009601851851851646 0.008036458333333307
0 0.874574074074074 0.45097916666666665 0.01428703703703699 0.00724479166666665
0 0.8808981481481482 0.42325 0.005851851851851898 0.0068489583333333215
0 0.880787037037037 0.40869791666666666 0.007027777777777702 0.008296875000000092
0 0.9036203703703702 0.39881770833333335 0.009129629629629536 0.008562500000000028
0 0.8512777777777777 0.393875 0.01733333333333336 0.005796875000000057
0 0.7819537037037037 0.3942708333333333 0.01920370370370361 0.007906250000000004
0 0.8023333333333332 0.40507291666666667 0.02248148148148156 0.005270833333333336
0 0.8091203703703703 0.45388020833333337 0.026231481481481307 0.008296875000000092
0 0.8190740740740741 0.46665624999999994 0.018972222222222335 0.0035572916666666288
0 0.8201296296296297 0.47772395833333337 0.00889814814814795 0.006192708333333385
0 0.963648148148148 0.61065625 0.018518518518518413 0.006510416666666607
0 0.9400462962962962 0.6185989583333333 0.012037037037037143 0.005208333333333393
0 0.7368518518518518 0.6838177083333333 0.013888888888888888 0.005989583333333393
0 0.6884814814814814 0.66184375 0.014166666666666572 0.010734375000000008
0 0.7201296296296297 0.6884322916666666 0.009833333333333232 0.0056927083333333075
0 0.7341574074074073 0.6910364583333333 0.01416666666666673 0.007968750000000035
0 0.7094351851851852 0.7072135416666666 0.015037037037037099 0.01040624999999995
0 0.6977314814814815 0.714046875 0.013583333333333454 0.0061770833333334
0 0.6511851851851851 0.7210364583333334 0.013583333333333454 0.007807291666666494
0 0.6909351851851853 0.7421770833333333 0.013296296296296204 0.006505208333333279
0 0.6958518518518518 0.7487604166666666 0.016768518518518426 0.005364583333333428
0 0.5630092592592592 0.7462395833333333 0.01069444444444435 0.00845833333333328
0 0.580212962962963 0.6741249999999999 0.009759259259259226 0.006526041666666771
0 0.5798425925925926 0.6695156250000001 0.015287037037037028 0.004765625000000107
0 0.5626203703703704 0.6536666666666666 0.0139999999999999 0.009322916666666714
0 0.6264444444444444 0.6070989583333334 0.01045370370370367 0.004656250000000028
0 0.8137685185185185 0.5403229166666667 0.009583333333333144 0.007843749999999972
0 0.7238055555555556 0.5013645833333333 0.01699074074074076 0.0058802083333333146
0 0.6954907407407407 0.4794322916666666 0.01262962962962967 0.005635416666666693
0 0.6856944444444444 0.5403229166666667 0.00871296296296309 0.006859374999999978
0 0.44173148148148145 0.6726510416666667 0.016555555555555497 0.00490104166666665
0 0.41407407407407404 0.6880885416666667 0.013509259259259289 0.008333333333333392
0 0.3875 0.6673802083333332 0.025703703703703694 0.00759895833333335
0 0.2912222222222222 0.66309375 0.012629629629629591 0.007843749999999972
0 0.2121574074074074 0.63834375 0.011324074074074117 0.006369791666666735
0 0.19429629629629627 0.6113854166666666 0.013064814814814854 0.011760416666666629
0 0.2609444444444444 0.5556406249999999 0.011324074074074117 0.012494791666666494
0 0.2252222222222222 0.5031979166666666 0.011324074074074117 0.01200520833333325
0 0.2184722222222222 0.4657083333333333 0.011759259259259223 0.010046874999999922
0 0.2855555555555555 0.47134374999999995 0.008277777777777828 0.010536458333333342
0 0.4033981481481481 0.5357916666666667 0.007842592592592566 0.012494791666666671
0 0.37965740740740733 0.53175 0.019601851851851867 0.0073489583333334
0 0.39381481481481473 0.5444895833333334 0.006972222222222197 0.00490104166666665
0 0.489 0.4895989583333333 0.015250000000000026 0.011270833333333386
0 0.43324074074074065 0.4549270833333333 0.0117592592592593 0.00955729166666668
0 0.5767777777777777 0.44120312500000003 0.013944444444444395 0.00759895833333335
0 0.6212129629629629 0.43630208333333337 0.006101851851851829 0.00759895833333335
0 0.7187962962962963 0.4229479166666666 0.008712962962962933 0.008822916666666635
0 0.7042037037037037 0.4157187499999999 0.0117592592592593 0.007104166666666778
0 0.5526018518518517 0.42123437499999994 0.016120370370370393 0.007348958333333222
0 0.43149999999999994 0.43311979166666664 0.006537037037036934 0.009067708333333434
0 0.3877129629629629 0.43029687499999997 0.011324074074074039 0.0098020833333333
0 0.19358333333333333 0.4439375 0.013620370370370378 0.008265624999999943
0 0.12887962962962962 0.4330520833333333 0.021148148148148138 0.005848958333333343
0 0.13730555555555554 0.4280104166666666 0.016490740740740743 0.007057291666666643
0 0.16663888888888886 0.4333958333333333 0.013333333333333326 0.004088541666666679
0 0.1973888888888889 0.4287968749999999 0.007574074074074054 0.008182291666666685
0 0.1731574074074074 0.4308385416666667 0.012425925925925934 0.008182291666666685
0 0.1807314814814815 0.42283333333333334 0.013629629629629648 0.009541666666666693
0 0.1799722222222222 0.4298177083333333 0.010305555555555557 0.0044322916666667215
0 0.19269444444444445 0.4195052083333334 0.012722222222222256 0.0042604166666667
0 0.23738888888888887 0.41252083333333334 0.019083333333333345 0.009031249999999958
0 0.1516388888888889 0.3949635416666667 0.011814814814814806 0.009031249999999958
0 0.1716388888888889 0.400421875 0.009388888888888875 0.007666666666666666
0 0.18573148148148147 0.39513541666666663 0.013333333333333286 0.008692708333333332
0 0.16224999999999998 0.3924947916666667 0.011814814814814806 0.007156249999999975
0 0.2111759259259259 0.40408333333333335 0.015148148148148187 0.004770833333333435
0 0.21421296296296294 0.3984583333333333 0.015759259259259216 0.005796875000000057
0 0.2573796296296296 0.39803125 0.016666666666666666 0.006307291666666615
0 0.2401296296296296 0.38225 0.014305555555555571 0.006411458333333275
0 0.17846296296296296 0.3780520833333333 0.01782407407407407 0.006645833333333328
0 0.16872222222222222 0.38166666666666665 0.00995370370370369 0.007114583333333346
0 0.19462962962962962 0.38469791666666664 0.014509259259259248 0.004546875000000039
0 0.21536111111111111 0.38691145833333335 0.020731481481481497 0.0057135416666667105
0 0.2177407407407407 0.38166666666666665 0.02093518518518517 0.0061770833333333105
0 0.20883333333333332 0.3780520833333333 0.011398148148148124 0.008046875000000054
0 0.196287037037037 0.37682812499999996 0.012018518518518562 0.006531250000000011
0 0.1901759259259259 0.371171875 0.011398148148148124 0.0057135416666667105
0 0.21287037037037035 0.366859375 0.01824074074074073 0.0061770833333333105
0 0.241787037037037 0.3623125 0.019694444444444455 0.006880208333333382
0 0.24665740740740738 0.34919791666666666 0.01700000000000001 0.005130208333333286
0 0.25308333333333327 0.35397395833333334 0.015342592592592613 0.004432291666666632
0 0.28034259259259253 0.33794270833333334 0.014305555555555571 0.0061770833333333105
0 0.3111203703703704 0.3434270833333333 0.015749999999999965 0.007343749999999982
0 0.32211111111111107 0.35654166666666665 0.01326851851851853 0.005364583333333339
0 0.3324722222222222 0.36172916666666666 0.011611111111111051 0.0057135416666667105
0 0.3543425925925926 0.3907604166666666 0.012648148148148132 0.006880208333333382
0 0.3461481481481481 0.355140625 0.017407407407407365 0.005130208333333286
0 0.3580740740740741 0.337359375 0.018861111111111127 0.004312499999999986
0 0.3302962962962963 0.32652083333333326 0.015129629629629686 0.005479166666666657
0 0.37837962962962957 0.3438333333333333 0.019694444444444376 0.005828125000000029
0 0.43766666666666665 0.3513541666666667 0.011398148148148044 0.0061770833333333105
0 0.49021296296296285 0.372046875 0.017824074074074128 0.006062500000000082
0 0.32199999999999995 0.694796875 0.012648148148148092 0.006807291666666692
0 0.3882592592592592 0.3120208333333333 0.013990740740740805 0.007541666666666646
0 0.34162962962962956 0.3167760416666667 0.010490740740740752 0.005572916666666661
0 0.37835185185185183 0.3069375 0.016907407407407347 0.006557291666666654
0 0.42674074074074075 0.3107916666666667 0.016907407407407347 0.0067239583333333465
0 0.46886111111111106 0.3339114583333333 0.008453703703703751 0.008687500000000004
0 0.46944444444444444 0.32497395833333337 0.013120370370370438 0.00852604166666664
0 0.48882407407407397 0.320875 0.016324074074074227 0.009510416666666632
0 0.490287037037037 0.3154635416666667 0.017490740740740782 0.008197916666666671
0 0.5082129629629629 0.305546875 0.019527777777777703 0.0057395833333333535
0 0.519287037037037 0.30013541666666665 0.012537037037037003 0.011968750000000038
0 0.4996111111111112 0.29956249999999995 0.013407407407407371 0.004588541666666668
0 0.5207499999999999 0.321859375 0.006703703703703765 0.0072135416666665895
0 0.5414444444444444 0.3149739583333333 0.010787037037037175 0.006229166666666686
0 0.5679629629629629 0.32276041666666666 0.00903703703703703 0.00475520833333336
0 0.5790462962962962 0.3216927083333333 0.008453703703703751 0.00852604166666664
0 0.5837037037037037 0.31120312499999997 0.010203703703703739 0.011807291666666674
0 0.6025092592592592 0.30062500000000003 0.016324074074074227 0.0067239583333333465
0 0.556787037037037 0.34281770833333336 0.015203703703703771 0.0041197916666667386
0 0.5882037037037037 0.34328125 0.019416666666666693 0.005463541666666671
0 0.6342777777777777 0.34003645833333335 0.021064814814814762 0.004328124999999972
0 0.6191666666666666 0.35296875 0.009888888888888895 0.006906250000000025
0 0.6628518518518518 0.34153124999999995 0.010805555555555676 0.004432291666666632
0 0.7256851851851852 0.3714635416666667 0.008240740740740824 0.004739583333333286
0 0.7651666666666667 0.37398958333333326 0.009157407407407605 0.008963541666666686
0 0.7409814814814815 0.3570364583333333 0.010259259259259086 0.0072135416666665895
0 0.7680925925925925 0.3680104166666667 0.012824074074074095 0.012057291666666714
0 0.7773425925925925 0.36533333333333334 0.01374074074074056 0.00958333333333341
0 0.7448703703703703 0.3393072916666667 0.01260185185185176 0.010208333333333286
0 0.7500370370370371 0.33561979166666667 0.011342592592592697 0.007375000000000043
0 0.6447962962962963 0.30825 0.015120370370370355 0.0059531250000000036
0 0.6619444444444444 0.3084635416666667 0.015120370370370355 0.008364583333333276
0 0.678324074074074 0.31668749999999996 0.01260185185185176 0.013755208333333347
0 0.6931944444444444 0.31250520833333334 0.016638888888888915 0.010776041666666725
0 0.6889166666666666 0.3187447916666667 0.015629629629629785 0.010776041666666725
0 0.8228055555555555 0.36448958333333337 0.01157407407407397 0.005942708333333347
0 0.8328703703703704 0.36696875 0.01610185185185205 0.005520833333333286
0 0.5936018518518519 0.47371354166666657 0.007018518518518451 0.007239583333333322