0 0.5248518518518518 0.27170833333333333 0.024407407407407315 0.01605729166666663
0 0.4758796296296296 0.271828125 0.01365740740740746 0.012869791666666686
0 0.6632685185185185 0.3108802083333333 0.01324999999999995 0.009609375000000054
0 0.6579814814814815 0.31833333333333336 0.008435185185185093 0.00696354166666664
0 0.6719722222222222 0.322890625 0.022203703703703722 0.004343749999999957
0 0.661787037037037 0.3300364583333333 0.013842592592592635 0.008197916666666671
0 0.6714907407407408 0.3388541666666667 0.012509259259259251 0.01313541666666671
0 0.6389166666666667 0.34119270833333337 0.018287037037036984 0.007026041666666672
0 0.618537037037037 0.34765104166666666 0.006666666666666762 0.005359375000000011
0 0.606712962962963 0.3497864583333333 0.013324074074074115 0.0038906250000000143
0 0.6218240740740741 0.31037499999999996 0.01606481481481473 0.006343750000000004
0 0.6923611111111111 0.3076458333333333 0.010138888888888984 0.009135416666666618
0 0.6859629629629629 0.310625 0.008435185185185093 0.0068437500000000815
0 0.7069074074074074 0.31899479166666667 0.009472222222222213 0.0036041666666666748
0 0.7178981481481481 0.31530729166666666 0.01147222222222221 0.005473958333333329
0 0.7047592592592592 0.29920833333333335 0.012287037037037072 0.007505208333333346
0 0.7127962962962964 0.297125 0.010287037037036918 0.004161458333333368
0 0.6976203703703703 0.2855520833333333 0.011768518518518551 0.007171874999999961
0 0.651462962962963 0.2887395833333333 0.008731481481481593 0.004302083333333329
0 0.6570555555555555 0.28546875 0.011472222222222368 0.003505208333333343
0 0.6575 0.27811979166666667 0.007027777777777702 0.006296874999999957
0 0.6434351851851852 0.2754739583333333 0.01354629629629645 0.003755208333333382
0 0.5919537037037036 0.2886197916666666 0.005185185185185048 0.006807291666666604
0 0.5980185185185185 0.29309375 0.012583333333333257 0.003645833333333304
0 0.5734074074074074 0.29542708333333334 0.010287037037036997 0.008682291666666675
0 0.5992777777777778 0.30808854166666666 0.007398148148148209 0.006526041666666682
0 0.5899537037037037 0.3143802083333333 0.006518518518518432 0.0051145833333333
0 0.5630462962962963 0.3074010416666667 0.007324074074074202 0.004401041666666661
0 0.5605277777777777 0.30196354166666667 0.00585185185185174 0.004109375000000082
0 0.5649351851851852 0.28934374999999996 0.012435185185185244 0.003515625
0 0.5765185185185184 0.27449999999999997 0.00585185185185174 0.005546875000000018
0 0.5570092592592593 0.27652083333333327 0.011694444444444545 0.011838541666666647
0 0.5675277777777777 0.27349999999999997 0.009620370370370463 0.005546875000000018
0 0.5282962962962963 0.28380729166666663 0.01376851851851847 0.006927083333333339
0 0.5308425925925925 0.29109375 0.011324074074074039 0.006015624999999946
0 0.5168611111111111 0.2923854166666667 0.009990740740740654 0.006598958333333372
0 0.5050462962962963 0.29940625 0.003703703703703651 0.005395833333333311
0 0.5226296296296297 0.3127552083333333 0.009101851851851785 0.007364583333333385
0 0.5403611111111111 0.317875 0.014805555555555511 0.0041197916666667386
0 0.5164537037037037 0.3187447916666667 0.008731481481481593 0.005854166666666672
0 0.5582592592592591 0.32492187499999997 0.012462962962962997 0.006145833333333339
0 0.5567592592592592 0.33071875 0.005407407407407384 0.004072916666666604
0 0.5864722222222222 0.3263489583333333 0.009324074074073962 0.005317708333333382
0 0.5463518518518518 0.337796875 0.005481481481481549 0.0057395833333333535
0 0.5414722222222221 0.33552604166666666 0.014361111111111156 0.0064427083333332465
0 0.4964259259259259 0.32978124999999997 0.01710185185185193 0.0049427083333333675
0 0.48950925925925914 0.3207447916666667 0.012583333333333257 0.008848958333333368
0 0.503462962962963 0.34435416666666663 0.007175925925925873 0.009359375000000014
0 0.4744074074074074 0.3426875 0.017027777777777767 0.0040260416666666465
0 0.4888055555555555 0.35005729166666666 0.007175925925925873 0.007770833333333371
0 0.5405833333333334 0.34672395833333336 0.009027777777777777 0.004604166666666654
0 0.568712962962963 0.35505729166666666 0.01376851851851847 0.004776041666666675
0 0.5953148148148149 0.35821875 0.01414814814814807 0.0059531250000000036
0 0.5583796296296296 0.3636354166666666 0.013990740740740647 0.004447916666666618
0 0.521111111111111 0.36376041666666664 0.021611111111111036 0.005697916666666724
0 0.4935 0.36130208333333336 0.015250000000000026 0.004781250000000003
0 0.4595277777777778 0.36458854166666665 0.015250000000000026 0.004359374999999943
0 0.45741666666666664 0.3704635416666666 0.009694444444444469 0.005109374999999972
0 0.4830277777777777 0.3749427083333333 0.008509259259259256 0.0058229166666667
0 0.4346203703703703 0.33706249999999993 0.011175925925926025 0.008265624999999943
0 0.40534259259259253 0.330109375 0.011694444444444388 0.005343750000000025
0 0.4371388888888889 0.3095833333333333 0.013546296296296292 0.006260416666666657
0 0.4858796296296296 0.2903854166666666 0.008435185185185093 0.0093385416666667
0 0.4933888888888889 0.28471874999999996 0.0088055555555556 0.005999999999999961
0 0.4138518518518518 0.2986302083333333 0.014064814814814813 0.006348958333333332
0 0.40323148148148147 0.27614583333333337 0.017249999999999942 0.006338541666666675
0 0.381287037037037 0.29361458333333335 0.008879629629629607 0.009557291666666589
0 0.3678518518518518 0.306359375 0.013546296296296292 0.006567708333333311
0 0.36959259259259264 0.3003020833333333 0.013027777777777772 0.0046875
0 0.3724814814814814 0.29615625 0.013472222222222127 0.006640625
0 0.35286111111111107 0.30240104166666665 0.010657407407407424 0.006145833333333339
0 0.3447222222222222 0.2980104166666666 0.02190740740740738 0.005104166666666643
0 0.33102777777777775 0.2926770833333333 0.014953703703703683 0.004932291666666711
0 0.31685185185185183 0.29123958333333333 0.011027777777777775 0.005807291666666714
0 0.31607407407407406 0.29978125 0.009916666666666726 0.008395833333333247
0 0.3331018518518518 0.3129635416666666 0.01643518518518516 0.006526041666666682
0 0.32096296296296295 0.3172708333333333 0.012583333333333337 0.004406249999999989
0 0.29671296296296296 0.309875 0.011620370370370302 0.0038593750000000425
0 0.2844259259259259 0.3058385416666667 0.010138888888888904 0.007270833333333382
0 0.27973148148148147 0.3106927083333333 0.011842592592592559 0.0072291666666667535
0 0.27232407407407405 0.29613541666666665 0.009916666666666726 0.006354166666666661
0 0.26081481481481483 0.30176041666666664 0.007768518518518479 0.007104166666666689
0 0.24912037037037038 0.31356249999999997 0.013694444444444384 0.006979166666666714
0 0.29235185185185186 0.32959375 0.008657407407407428 0.007562499999999961
0 0.3122222222222222 0.32757291666666666 0.012435185185185165 0.006270833333333314
0 0.326212962962963 0.34072916666666664 0.0128796296296296 0.006104166666666711
0 0.35000925925925924 0.3393125 0.018287037037037025 0.005770833333333325
0 0.3197407407407407 0.35809375 0.013694444444444384 0.007359375000000057
0 0.2895740740740741 0.34745312500000003 0.015101851851851774 0.005807291666666714
0 0.2561851851851852 0.3362916666666666 0.01006481481481482 0.006223958333333357
0 0.22539814814814815 0.31820312500000003 0.009324074074074042 0.004520833333333396
0 0.22039814814814815 0.3280729166666666 0.013101851851851858 0.0067760416666666325
0 0.2026574074074074 0.331375 0.008768518518518518 0.006515625000000025
0 0.22684259259259257 0.3383802083333333 0.01710185185185185 0.004901041666666739
0 0.2421296296296296 0.33952604166666667 0.00548148148148147 0.005942708333333347
0 0.2460833333333333 0.34524479166666666 0.007472222222222295 0.005848958333333343
0 0.24852777777777776 0.3397708333333333 0.009842592592592563 0.004432291666666632
0 0.23198148148148146 0.3474791666666667 0.009175925925925948 0.009854166666666674
0 0.22265740740740741 0.34587500000000004 0.006518518518518511 0.007395833333333357
0 0.23646296296296296 0.3587604166666667 0.007916666666666652 0.004692708333333328
0 0.24282407407407405 0.3670677083333333 0.015324074074074032 0.004072916666666604
0 0.2275833333333333 0.36026041666666664 0.007027777777777781 0.006692708333333286
0 0.21724999999999997 0.37004166666666666 0.018805555555555582 0.005770833333333325
0 0.23627777777777778 0.3767083333333333 0.015101851851851854 0.005609374999999961
0 0.2741018518518518 0.38430729166666666 0.013472222222222207 0.006817708333333261
0 0.2886111111111111 0.39180208333333333 0.0069537037037036955 0.008322916666666647
0 0.29689814814814813 0.385328125 0.011990740740740809 0.004109375000000082
0 0.3138888888888889 0.3800572916666667 0.01799074074074072 0.005317708333333382
0 0.32965740740740734 0.36895833333333333 0.016657407407407416 0.005848958333333343
0 0.33295370370370364 0.3544635416666667 0.011694444444444467 0.0038385416666666394
0 0.3529351851851852 0.35840104166666664 0.0063703703703703795 0.0049687500000000105
0 0.35860185185185184 0.35569270833333333 0.011027777777777735 0.006046874999999919
0 0.38672222222222224 0.3512552083333333 0.013546296296296292 0.005921874999999943
0 0.39727777777777773 0.359046875 0.017324074074074106 0.006010416666666618
0 0.4121203703703703 0.3428072916666667 0.015472222222222203 0.006505208333333368
0 0.42684259259259255 0.37712500000000004 0.012064814814814737 0.00369791666666659
0 0.38276851851851845 0.38445312499999995 0.014953703703703683 0.005369791666666668
0 0.4852129629629629 0.40070833333333333 0.019981481481481468 0.0039010416666666716
0 0.5109722222222222 0.38398958333333333 0.011101851851851861 0.009177083333333247
0 0.5151203703703704 0.3975260416666666 0.01095370370370369 0.007770833333333327
0 0.526 0.4044739583333333 0.007398148148148209 0.006057291666666664
0 0.536175925925926 0.3982291666666667 0.013990740740740647 0.008932291666666713
0 0.5436944444444445 0.3863802083333333 0.010805555555555676 0.00546875
0 0.48928703703703696 0.39202604166666666 0.005037037037037035 0.007015625000000014
0 0.48839814814814814 0.3863802083333333 0.014805555555555511 0.00596874999999999
0 0.766898148148148 0.2955625 0.010166666666666577 0.005630208333333275
0 0.7917037037037037 0.30809374999999994 0.02375000000000019 0.008234374999999971
0 0.8042314814814814 0.31100520833333334 0.019407407407407443 0.010270833333333318
0 0.8000648148148147 0.3236927083333333 0.00942592592592588 0.012296874999999919
0 0.8215185185185185 0.3295208333333333 0.014768518518518665 0.008687500000000004
0 0.8131851851851852 0.3323541666666666 0.006490740740740838 0.008296875000000004
0 0.8039537037037036 0.3323854166666666 0.008379629629629588 0.007005208333333357
0 0.7958425925925926 0.33677604166666664 0.008629629629629676 0.005520833333333286
0 0.7900092592592591 0.33086458333333335 0.010231481481481335 0.0034427083333333107
0 0.780324074074074 0.3329010416666666 0.009935185185185307 0.005854166666666672
0 0.7793055555555555 0.338796875 0.006787037037036864 0.006609375000000028
0 0.7593888888888889 0.335203125 0.012074074074074145 0.0042239583333333105
0 0.769425925925926 0.33593229166666666 0.008185185185185004 0.005348958333333353
0 0.7621574074074075 0.3400208333333333 0.013722222222222058 0.004593749999999996
0 0.7584444444444444 0.3440364583333333 0.011379629629629701 0.0031927083333333607
0 0.7585925925925925 0.3491302083333333 0.009277777777777866 0.004458333333333275
0 0.7722129629629629 0.34615104166666666 0.0053888888888887244 0.007562499999999961
0 0.7728148148148147 0.3540989583333333 0.008981481481481524 0.0068281249999999185
0 0.7860648148148148 0.35266666666666663 0.015416666666666856 0.00546875
0 0.7958703703703703 0.3572239583333333 0.005990740740740661 0.008656249999999944
0 0.7912037037037036 0.3661458333333333 0.013120370370370438 0.004291666666666671
0 0.8044074074074073 0.3642864583333333 0.008685185185185181 0.01171875
0 0.813287037037037 0.36992708333333335 0.01426851851851849 0.005484374999999986
0 0.8007592592592592 0.3729635416666667 0.014768518518518665 0.004807291666666646
0 0.7808518518518519 0.37321875000000004 0.009481481481481384 0.007828124999999986
0 0.8248148148148147 0.34277083333333336 0.010583333333333498 0.005546875000000018
0 0.8399814814814814 0.34067708333333335 0.007083333333333523 0.004901041666666739
0 0.8564074074074073 0.3349947916666667 0.011175925925925867 0.007510416666666675
0 0.8412314814814814 0.33107291666666666 0.008981481481481524 0.0072552083333333964
0 0.8462222222222222 0.3325625 0.0045925925925925214 0.00369791666666659
0 0.8282129629629629 0.3498177083333333 0.011083333333333358 0.00447916666666659
0 0.8327962962962961 0.35774999999999996 0.009481481481481384 0.007713541666666668
0 0.8439537037037037 0.3572447916666667 0.007537037037037129 0.005692708333333396
0 0.8510185185185185 0.3557552083333333 0.0057870370370371425 0.003729166666666739
0 0.8556018518518518 0.360203125 0.0065833333333333455 0.005057291666666686
0 0.8653333333333333 0.3491822916666666 0.006287037037037003 0.005072916666666672
0 0.8658333333333333 0.37234375 0.01148148148148146 0.010968749999999972
0 0.8715462962962963 0.37531770833333333 0.008537037037037168 0.005989583333333303
0 0.8576296296296296 0.3782552083333333 0.010925925925925778 0.005442708333333357
0 0.8376388888888887 0.371359375 0.008379629629629588 0.008328124999999974
0 0.8455462962962963 0.3745052083333333 0.00534259259259247 0.006197916666666714
0 0.827462962962963 0.38657291666666665 0.013175925925925943 0.0032187500000000037
0 0.8146851851851851 0.3916145833333333 0.007981481481481485 0.005385416666666654
0 0.8313055555555555 0.39193749999999994 0.01157407407407397 0.0035000000000000144
0 0.8280555555555554 0.397328125 0.014074074074074221 0.004515625000000067
0 0.8643425925925925 0.3885677083333333 0.010277777777777589 0.005520833333333286
0 0.8602685185185185 0.3964010416666667 0.013925925925925892 0.00475520833333336
0 0.85975 0.40065624999999994 0.008481481481481663 0.004666666666666685
0 0.8749166666666666 0.3939010416666666 0.009277777777777866 0.005578124999999989
0 0.9023703703703703 0.392359375 0.005194444444444457 0.003833333333333311
0 0.8976481481481481 0.395671875 0.012324074074073918 0.0030156250000000105
0 0.9209814814814814 0.3932552083333333 0.012472222222222247 0.004619791666666639
0 0.9224259259259259 0.3999270833333333 0.015370370370370286 0.00633854166666672
0 0.9061111111111111 0.39861979166666667 0.009481481481481384 0.007562500000000005
0 0.8962314814814815 0.40246875 0.013870370370370387 0.004515624999999979
0 0.9058796296296296 0.36376041666666664 0.004675925925925779 0.005354166666666682
0 0.913212962962963 0.41319791666666666 0.008833333333333195 0.00798958333333335
0 0.8940185185185184 0.41609374999999993 0.00635185185185176 0.0023645833333333145
0 0.9342685185185184 0.418375 0.011092592592592609 0.003718749999999993
0 0.9496574074074075 0.43476041666666665 0.0052962962962962165 0.004270833333333357
0 0.9225925925925925 0.4271770833333333 0.007185185185185282 0.004322916666666643
0 0.9298611111111111 0.436234375 0.006296296296296254 0.004036458333333393
0 0.9064166666666665 0.43665104166666663 0.006296296296296254 0.004859375000000022
0 0.9069907407407407 0.42746874999999995 0.003666666666666806 0.002786458333333286
0 0.8745277777777777 0.42381250000000004 0.009648148148148215 0.005239583333333364
0 0.857898148148148 0.4235364583333333 0.013111111111111186 0.008369791666666692
0 0.8473333333333333 0.4276197916666666 0.007398148148148051 0.005744791666666593
0 0.8686759259259258 0.4353802083333333 0.004453703703703758 0.004625000000000057
0 0.8636666666666666 0.43676562499999994 0.007342592592592546 0.006692708333333286
0 0.8794537037037036 0.4459583333333333 0.0058703703703704 0.0050677083333333425
0 0.9205 0.4548489583333333 0.010231481481481335 0.007630208333333321
0 0.9086666666666667 0.45242708333333326 0.006398148148148329 0.004562499999999936
0 0.9095648148148148 0.45530208333333333 0.004407407407407504 0.0043802083333334355
0 0.952824074074074 0.45335937499999995 0.01163888888888904 0.004828125000000049
0 0.9367777777777778 0.46075 0.011009259259259352 0.007828124999999986
0 0.9264999999999999 0.46215104166666665 0.004296296296296494 0.005421875000000043
0 0.8645092592592591 0.4604583333333333 0.018148148148148063 0.009994791666666636
0 0.8202499999999999 0.451734375 0.006083333333333169 0.005828125000000029
0 0.8344629629629629 0.44514062499999996 0.004296296296296494 0.005557291666666764
0 0.8462592592592592 0.4429270833333333 0.005240740740740712 0.004317708333333314
0 0.8245185185185184 0.4301510416666666 0.007398148148148051 0.007442708333333314
0 0.8121666666666667 0.43859375 0.008185185185185004 0.006093749999999965
0 0.785712962962963 0.4400677083333333 0.018509259259259163 0.004442708333333378
0 0.793685185185185 0.42518229166666666 0.01809259259259256 0.00458333333333325
0 0.7817777777777778 0.4260833333333333 0.008759259259259187 0.002666666666666551
0 0.8065092592592592 0.41634374999999996 0.01699074074074076 0.006203125000000043
0 0.8259907407407407 0.41658333333333336 0.012851851851851847 0.004906249999999978
0 0.7565740740740741 0.4357135416666667 0.014685185185185093 0.004057291666666707
0 0.7695833333333332 0.44523437499999996 0.01175000000000005 0.008401041666666664
0 0.739111111111111 0.44098437500000004 0.014999999999999937 0.002734375
0 0.7427314814814815 0.43357812500000004 0.007759259259259466 0.007744791666666551
0 0.728462962962963 0.43186458333333333 0.005666666666666566 0.008213541666666657
0 0.7193981481481482 0.4457604166666666 0.005768518518518641 0.007005208333333357
0 0.7157499999999999 0.44215104166666663 0.005712962962963136 0.0036458333333333924
0 0.7039722222222221 0.43797395833333325 0.012064814814814737 0.0029062500000000212
0 0.6973888888888888 0.42392708333333334 0.006768518518518521 0.007734374999999893
0 0.815074074074074 0.46929687499999995 0.017287037037037104 0.008973958333333342
0 0.7903425925925925 0.46958854166666664 0.010777777777777765 0.004635416666666714
0 0.8394907407407407 0.47857812499999997 0.012666666666666831 0.006666666666666643
0 0.8653981481481481 0.48985416666666665 0.01455555555555558 0.006244791666666671
0 0.8779166666666666 0.4840572916666666 0.008416666666666591 0.006135416666666593
0 0.8824537037037036 0.49052083333333324 0.012953703703703606 0.005343749999999936
0 0.8013055555555555 0.49232812499999995 0.014935185185185182 0.006192708333333385
0 0.8283888888888888 0.49498958333333326 0.009166666666666856 0.006619791666666685
0 0.7582499999999999 0.47381770833333337 0.01749074074074094 0.005119791666666628
0 0.7316851851851851 0.4640625 0.008601851851851923 0.008255208333333286
0 0.7125462962962963 0.471296875 0.008888888888888778 0.0067708333333333925
0 0.7001574074074074 0.48063020833333325 0.006805555555555524 0.009807291666666629
0 0.6476481481481482 0.47089583333333335 0.01237962962962958 0.0024635416666667354
0 0.6703425925925925 0.45034374999999993 0.02145370370370377 0.004744791666666614
0 0.635787037037037 0.45010416666666664 0.02665740740740732 0.005864583333333328
0 0.6284166666666667 0.43359375 0.024953703703703745 0.006020833333333364
0 0.6797407407407406 0.4176145833333333 0.02551851851851852 0.0069270833333332504
0 0.7271018518518518 0.41251041666666666 0.007944444444444483 0.008838541666666621
0 0.6971388888888888 0.41075520833333334 0.010398148148148165 0.007880208333333449
0 0.7226111111111111 0.40240624999999997 0.005194444444444457 0.006494791666666666
0 0.7081481481481481 0.40676562499999996 0.011435185185185048 0.00415624999999995
0 0.6931666666666666 0.39312499999999995 0.01607407407407398 0.005484374999999986
0 0.7182129629629628 0.3911875 0.009453703703703633 0.010218749999999943
0 0.6644259259259259 0.4035520833333333 0.013046296296296273 0.007833333333333314
0 0.6579074074074073 0.37496875 0.012481481481481498 0.005859375
0 0.6292222222222221 0.38409375 0.008981481481481524 0.007838541666666643
0 0.6381481481481482 0.38180208333333326 0.012287037037037072 0.006953124999999982
0 0.7462870370370369 0.3869947916666666 0.007749999999999899 0.008848958333333368
0 0.7596203703703703 0.38803124999999994 0.010583333333333498 0.007411458333333343
0 0.7099907407407406 0.37268749999999995 0.011157407407407366 0.006078125000000068
0 0.7356111111111111 0.362 0.007944444444444483 0.007036458333333329
0 0.7221851851851853 0.3780885416666666 0.007185185185185282 0.008270833333333361
0 0.7239351851851852 0.3582239583333333 0.005574074074074057 0.00809895833333334
0 0.7346666666666667 0.3700052083333333 0.008694444444444432 0.008369791666666604
0 0.7285185185185185 0.37510937499999997 0.008509259259259414 0.008692708333333332
0 0.7172685185185185 0.3551197916666667 0.009833333333333232 0.0069947916666666995
0 0.7219537037037036 0.3323854166666666 0.008416666666666591 0.005869791666666657
0 0.7400555555555555 0.33977604166666664 0.006620370370370349 0.004703124999999986
0 0.7417037037037036 0.33228125 0.004824074074074107 0.005020833333333386
0 0.7373148148148146 0.33477604166666663 0.004537037037037016 0.0036354166666666466
0 0.5872499999999999 0.3862291666666666 0.0073055555555557004 0.005458333333333343
0 0.5823425925925926 0.39021875 0.010518518518518425 0.0025729166666667246
0 0.5680740740740741 0.40181249999999996 0.01225925925925932 0.0031614583333333
0 0.4317037037037037 0.412796875 0.01364814814814821 0.007656249999999964
0 0.383037037037037 0.4276770833333333 0.012101851851851898 0.005697916666666636
0 0.3446018518518519 0.4101145833333333 0.010175925925925908 0.007937500000000064
0 0.3283148148148148 0.415546875 0.010046296296296317 0.004026041666666735
0 0.37144444444444447 0.43528124999999995 0.013907407407407391 0.007197916666666693
0 0.44174074074074066 0.447046875 0.011333333333333289 0.007500000000000106
0 0.44432407407407404 0.45628124999999997 0.01596296296296297 0.007062499999999972
0 0.42095370370370366 0.45986979166666664 0.012231481481481567 0.009239583333333279
0 0.3862499999999999 0.448640625 0.011583333333333378 0.010250000000000092
0 0.37537037037037035 0.45628124999999997 0.016870370370370345 0.0068489583333333215
0 0.37672222222222224 0.46475520833333334 0.01570370370370379 0.0074895833333334496
0 0.2951018518518518 0.407828125 0.01545370370370378 0.004234375000000057
0 0.2640648148148148 0.4043489583333333 0.018796296296296255 0.007500000000000106
0 0.1901296296296296 0.3575 0.00866666666666668 0.007307291666666682
0 0.20248148148148148 0.36788541666666663 0.011249999999999953 0.005442708333333357
0 0.207 0.37930729166666666 0.005499999999999972 0.004354166666666615
0 0.20918518518518517 0.38514583333333335 0.0058611111111110704 0.005630208333333275
0 0.21730555555555553 0.385984375 0.007916666666666652 0.005916666666666614
0 0.22793518518518516 0.3818645833333333 0.016240740740740733 0.0023593749999999856
0 0.22788888888888886 0.3847864583333333 0.012231481481481489 0.003249999999999975
0 0.17804629629629629 0.36490625 0.007703703703703704 0.0052083333333333036
0 0.18528703703703703 0.37354166666666666 0.005546296296296304 0.0042604166666667
0 0.19371296296296295 0.37135416666666665 0.00637037037037034 0.006640625
0 0.16796296296296298 0.37702604166666664 0.015037037037037059 0.00944270833333336
0 0.1811759259259259 0.39618749999999997 0.026620370370370378 0.0049947916666666535
0 0.17956481481481482 0.40110416666666665 0.01567592592592594 0.003031249999999952
0 0.19394444444444442 0.4037916666666666 0.007453703703703714 0.007713541666666624
0 0.1678425925925926 0.39085416666666667 0.01567592592592592 0.0035104166666666712
0 0.1591574074074074 0.38575 0.010018518518518526 0.0056197916666666185
0 0.14824074074074073 0.385546875 0.008222222222222205 0.005213541666666632
0 0.1366851851851852 0.38282812499999996 0.014083333333333314 0.004286458333333343
0 0.13062037037037036 0.3773229166666667 0.0068888888888889 0.0041979166666666675
0 0.14043518518518516 0.39275000000000004 0.009249999999999996 0.010593749999999957
0 0.1295648148148148 0.39948437499999995 0.018648148148148122 0.003947916666666584
0 0.11823148148148148 0.3950885416666667 0.015416666666666658 0.004177083333333354
0 0.13200925925925924 0.40397395833333327 0.007194444444444415 0.0060260416666666925
0 0.1489074074074074 0.4109166666666667 0.011407407407407415 0.0053072916666666355
0 0.15882407407407406 0.4090208333333333 0.0063703703703703795 0.0038593750000000425
0 0.1967962962962963 0.413671875 0.008222222222222244 0.006140624999999922
0 0.957435185185185 0.47660937499999995 0.013611111111111048 0.012833333333333386
0 0.9539629629629628 0.49596874999999996 0.012777777777777841 0.010609374999999944
0 0.9214629629629628 0.5057083333333333 0.01555555555555562 0.00696354166666655
0 0.9594259259259259 0.5158906249999999 0.02259259259259257 0.004828125000000049
0 0.9582222222222223 0.521359375 0.009814814814814731 0.007359375000000057
0 0.948962962962963 0.5294895833333333 0.012777777777777841 0.005776041666666565
0 0.926185185185185 0.5273541666666667 0.0161111111111113 0.0036822916666666926
0 0.8715092592592593 0.5066354166666667 0.016824074074074248 0.009968749999999993
0 0.8986851851851851 0.5047916666666666 0.0161111111111113 0.006380208333333392
0 0.831824074074074 0.5064583333333333 0.02129629629629619 0.00575520833333325
0 0.8353425925925925 0.5197447916666667 0.007222222222222285 0.005656250000000007
0 0.8878425925925926 0.5303958333333333 0.017777777777777715 0.005401041666666551
0 0.8824722222222222 0.5352135416666666 0.019074074074074094 0.0024687499999998864
0 0.9098888888888887 0.5398229166666667 0.012962962962962859 0.003937499999999971
0 0.9183611111111112 0.5454739583333332 0.006203703703703746 0.0072604166666666355
0 0.9265092592592592 0.5453958333333333 0.009907407407407556 0.004145833333333293
0 0.9310462962962962 0.5501145833333333 0.011944444444444634 0.0038906249999998365
0 0.932574074074074 0.554328125 0.013888888888888888 0.003614583333333421
0 0.9327592592592592 0.5596458333333333 0.013518518518518539 0.0038906249999998365
0 0.911324074074074 0.5748802083333333 0.01083333333333327 0.00998437499999998
0 0.92975 0.5678489583333333 0.006574074074074095 0.0077916666666666854
0 0.9260925925925926 0.5815729166666666 0.009259259259259365 0.0061822916666665504
0 0.944935185185185 0.5728437499999999 0.01083333333333327 0.010291666666666721
0 0.9512777777777779 0.5755520833333333 0.01148148148148146 0.0049218749999999645
0 0.9531296296296297 0.5806354166666666 0.01555555555555562 0.003677083333333364
0 0.9539629629629628 0.5832656249999999 0.01722222222222203 0.003666666666666707
0 0.9556296296296296 0.5929270833333333 0.012777777777777841 0.009203124999999979
0 0.9097962962962962 0.5546093749999998 0.014999999999999937 0.0050677083333333425
0 0.8626574074074073 0.5579166666666666 0.015740740740740635 0.0038697916666665224
0 0.8398333333333332 0.5645364583333333 0.017314814814814856 0.007109375000000107
0 0.8682129629629628 0.5634635416666666 0.011296296296296443 0.003406249999999922
0 0.8862685185185184 0.5690677083333332 0.006296296296296254 0.005546875000000106
0 0.8736296296296296 0.5764166666666666 0.008240740740740824 0.005864583333333506
0 0.8615925925925925 0.5793854166666667 0.007499999999999811 0.003677083333333364
0 0.8652037037037036 0.5819635416666665 0.008611111111111173 0.005854166666666494
0 0.8637685185185184 0.566125 0.012962962962962859 0.0031041666666666856
0 0.8423796296296296 0.548703125 0.01018518518518508 0.008260416666666793
0 0.8291851851851851 0.5536770833333333 0.016574074074074158 0.0035208333333335063
0 0.8244166666666666 0.5349010416666666 0.012037037037037143 0.004093750000000007
0 0.8574259259259258 0.47127083333333336 0.010277777777777589 0.004968749999999922
0 0.7889999999999999 0.5118489583333333 0.01453703703703708 0.005807291666666714
0 0.7602407407407406 0.5191979166666666 0.008703703703703682 0.006750000000000078
0 0.7389444444444444 0.525734375 0.007222222222222285 0.00639062500000005
0 0.706537037037037 0.5310989583333333 0.018518518518518493 0.005557291666666764
0 0.7770925925925926 0.5518802083333332 0.011296296296296443 0.0093020833333334
0 0.6732962962962963 0.5679531250000001 0.015370370370370286 0.005510416666666629
0 0.9418148148148147 0.5934583333333333 0.018527777777777664 0.004968749999999922
0 0.8739166666666667 0.6055833333333334 0.017138888888888777 0.006734374999999915
0 0.8251666666666665 0.6025833333333332 0.013185185185185194 0.008390625000000007
0 0.8154814814814815 0.61025 0.016740740740740674 0.006973958333333208
0 0.9440185185185185 0.6208072916666667 0.019157407407407352 0.006687500000000135
0 0.9120555555555555 0.6311770833333332 0.011222222222222121 0.005171874999999914
0 0.9539074074074073 0.635296875 0.017370370370370362 0.005286458333333322
0 0.9584537037037038 0.6415052083333334 0.012249999999999912 0.00454687499999995
0 0.934574074074074 0.6501614583333333 0.01415740740740748 0.004567708333333265
0 0.9212777777777776 0.6499583333333334 0.007407407407407302 0.005723958333333279
0 0.9098981481481482 0.6532708333333332 0.010055555555555568 0.00475520833333345
0 0.9333055555555556 0.6845572916666666 0.008814814814814692 0.010598958333333287
0 0.9379444444444444 0.707265625 0.019481481481481447 0.007218750000000007
0 0.8907407407407406 0.7020729166666666 0.009972222222222311 0.010026041666666607
0 0.887787037037037 0.7082083333333333 0.007768518518518716 0.007458333333333478
0 0.9179351851851851 0.6758072916666666 0.012175925925925904 0.0025000000000000356
0 0.9350462962962963 0.6559062499999999 0.012296296296296166 0.004968749999999922
0 0.8767685185185184 0.665890625 0.014027777777777967 0.003802083333333428
0 0.8739814814814815 0.6548645833333333 0.007074074074074272 0.007578125000000035
0 0.8689444444444444 0.6590416666666666 0.007425925925925804 0.006536458333333428
0 0.8602407407407406 0.6785208333333334 0.013685185185185054 0.005963541666666572
0 0.9263425925925927 0.7097708333333334 0.01299074074074061 0.004276041666666686
0 0.929074074074074 0.7140729166666666 0.008694444444444432 0.0035520833333334777
0 0.9167222222222222 0.7171093749999999 0.015999999999999976 0.004479166666666678
0 0.9188055555555555 0.7216770833333332 0.013222222222222198 0.004135416666666636
0 0.9016481481481481 0.717796875 0.015074074074073943 0.008588541666666494
0 0.8974722222222221 0.7282708333333333 0.010898148148148027 0.007223958333333336
0 0.8785648148148147 0.7242239583333333 0.010666666666666755 0.0061770833333334
0 0.8507962962962962 0.727453125 0.01148148148148146 0.0036354166666667355
0 0.880537037037037 0.736875 0.012064814814814894 0.005130208333333286
0 0.8892314814814815 0.74353125 0.012296296296296166 0.0043541666666667925
0 0.8330648148148148 0.6770260416666667 0.007240740740740787 0.009640625000000114
0 0.8074629629629628 0.6839739583333333 0.008796296296296191 0.010880208333333207
0 0.7853518518518517 0.66821875 0.018879629629629826 0.00337499999999995
0 0.7574166666666665 0.6842656249999999 0.008018518518518489 0.009718749999999865
0 0.7472037037037037 0.67684375 0.015518518518518615 0.007385416666666522
0 0.7328425925925925 0.663125 0.014740740740740913 0.0054114583333332075
0 0.7159722222222222 0.693140625 0.01694444444444443 0.009723958333333371
0 0.685324074074074 0.699 0.01823148148148148 0.005578125000000078
0 0.819361111111111 0.722671875 0.015518518518518615 0.007531250000000078
0 0.765435185185185 0.7327135416666666 0.013194444444444444 0.009286458333333237
0 0.6943055555555555 0.7330364583333333 0.016814814814814838 0.005135416666666792
0 0.7414444444444444 0.7747968749999999 0.010990740740740534 0.012708333333333321
0 0.8546666666666666 0.7770885416666666 0.016296296296296316 0.008124999999999893
0 0.8458703703703704 0.7825833333333333 0.012675925925926082 0.005583333333333229
0 0.8293148148148147 0.7922604166666667 0.00905555555555553 0.009229166666666622
0 0.8146388888888888 0.7861458333333333 0.011509259259259212 0.004859375000000022
0 0.8031111111111111 0.772484375 0.009481481481481384 0.005145833333333449
0 0.7495092592592593 0.7846666666666666 0.012509259259259251 0.006088541666666636
0 0.7353055555555555 0.788828125 0.007064814814815021 0.007500000000000106
0 0.7273981481481482 0.7892812499999999 0.010685185185185258 0.007911458333333421
0 0.7162962962962963 0.7813645833333334 0.01605555555555548 0.0057864583333333995
0 0.6778981481481481 0.7662083333333333 0.006870370370370438 0.007468750000000135
0 0.6464907407407408 0.7733281249999999 0.009916666666666648 0.007177083333333378
0 0.6494166666666666 0.7838645833333333 0.014314814814814902 0.006546875000000086
0 0.6819166666666667 0.7917552083333333 0.011796296296296305 0.00568229166666665
0 0.6725833333333333 0.80103125 0.0091851851851852 0.009000000000000074
0 0.6795462962962963 0.8137864583333332 0.014222222222222077 0.00976041666666667
0 0.6934444444444444 0.8056249999999998 0.010398148148148165 0.006161458333333414
0 0.6995648148148147 0.8091770833333332 0.008222222222222323 0.0052916666666664725
0 0.6366944444444443 0.7990520833333333 0.01209259259259249 0.003302083333333439
0 0.6197037037037036 0.8192812499999998 0.010009259259259155 0.005078125
0 0.5940925925925926 0.8207239583333333 0.010731481481481352 0.006333333333333258
0 0.5716111111111111 0.825796875 0.012472222222222247 0.007338541666666742
0 0.5517037037037037 0.8255260416666665 0.013879629629629638 0.006796875000000213
0 0.5608703703703704 0.8194062499999999 0.009861111111111143 0.0056510416666665005
0 0.5557685185185185 0.8134062499999999 0.014462962962962915 0.0071979166666668705
0 0.5409444444444444 0.8007291666666667 0.007444444444444464 0.0066510416666666575
0 0.5476666666666666 0.796890625 0.00870370370370384 0.005510416666666629
0 0.5177314814814815 0.80121875 0.014407407407407409 0.004692708333333418
0 0.5222037037037037 0.7906093750000001 0.014074074074074064 0.0063229166666666
0 0.5053055555555556 0.799203125 0.01044444444444442 0.007526041666666572
0 0.5104074074074074 0.8147499999999999 0.008175925925925911 0.006463541666666473
0 0.5240462962962963 0.8341614583333332 0.007398148148148209 0.006432291666666501
0 0.5301666666666667 0.836171875 0.007157407407407372 0.005208333333333215
0 0.5193796296296296 0.846703125 0.020601851851851906 0.007036458333333329
0 0.5008611111111111 0.8330989583333333 0.006194444444444495 0.007578125000000213
0 0.5095648148148147 0.8355364583333333 0.007157407407407372 0.0040156249999999
0 0.4737777777777778 0.8322187499999998 0.005416666666666635 0.0056510416666665005
0 0.4601388888888888 0.8319010416666666 0.010833333333333427 0.0049687500000001
0 0.44364814814814807 0.8391666666666666 0.015379629629629694 0.007640625000000156
0 0.4204074074074074 0.8188437499999999 0.01823148148148148 0.004859374999999844
0 0.37681481481481477 0.8177708333333331 0.01605555555555564 0.004505208333333499
0 0.358 0.80865625 0.02127777777777781 0.005536458333333272
0 0.4087777777777778 0.8002239583333333 0.010055555555555568 0.008255208333333286
0 0.4173148148148148 0.8061822916666666 0.015333333333333282 0.006270833333333314
0 0.3735277777777778 0.8003072916666666 0.015861111111111055 0.007932291666666647
0 0.4209629629629629 0.7843385416666667 0.017018518518518513 0.008802083333333321
0 0.4558333333333333 0.7904739583333333 0.015379629629629694 0.009156250000000022
0 0.42324074074074075 0.7790729166666666 0.014027777777777809 0.004307291666666657
0 0.418787037037037 0.7720572916666666 0.00687037037037028 0.0067552083333332295
0 0.3186759259259259 0.8202083333333332 0.005574074074074057 0.007755208333333386
0 0.3094537037037037 0.821125 0.010222222222222162 0.008916666666666729
0 0.32083333333333336 0.8068333333333332 0.007898148148148149 0.006104166666666444
0 0.28482407407407406 0.80853125 0.007962962962962984 0.0097291666666667
0 0.2722037037037037 0.8086458333333333 0.009027777777777777 0.005921874999999943
0 0.26964814814814814 0.78621875 0.00829629629629633 0.008343750000000049
0 0.2906574074074074 0.7890937499999999 0.011685185185185215 0.0037864583333332646
0 0.28558333333333336 0.7770885416666666 0.006703703703703686 0.007109375000000107
0 0.29391666666666666 0.7829166666666667 0.00942592592592588 0.004875000000000007
0 0.30719444444444444 0.7679218750000001 0.008101851851851825 0.009166666666666679
0 0.28302777777777777 0.7681979166666666 0.01951851851851853 0.005020833333333208
0 0.3189444444444444 0.751671875 0.008898148148148186 0.009609374999999965
0 0.3544351851851852 0.7699010416666667 0.010157407407407447 0.007973958333333364
0 0.4182685185185185 0.7308333333333333 0.01274999999999993 0.0060260416666666925
0 0.4103333333333333 0.7240729166666666 0.00843518518518525 0.007291666666666608
0 0.43381481481481476 0.6940572916666665 0.012611111111111168 0.0077395833333333995
0 0.47966666666666663 0.6539322916666667 0.013361111111111117 0.008536458333333208
0 0.6214722222222223 0.8406302083333334 0.020314814814814813 0.008187500000000014
0 0.5698055555555556 0.8389374999999999 0.01237037037037033 0.0104739583333334
0 0.6875 0.8259166666666665 0.01404629629629631 0.006791666666666529
0 0.7114814814814815 0.8279583333333334 0.01060185185185192 0.0108645833333334
0 0.7295462962962963 0.8180156249999999 0.010157407407407327 0.006484374999999787
0 0.778611111111111 0.8105781249999999 0.01557407407407412 0.005885416666666643
0 0.813648148148148 0.8041666666666666 0.007787037037037218 0.006770833333333215
0 0.6248055555555555 0.7667083333333332 0.011962962962962977 0.009171875000000006
0 0.5733518518518519 0.780046875 0.020083333333333384 0.006890624999999951
0 0.5449722222222222 0.7744583333333332 0.018166666666666567 0.0060000000000000496
0 0.5826574074074073 0.7385885416666665 0.012296296296296324 0.01043229166666677
0 0.5582314814814814 0.74475 0.016925925925925848 0.0067552083333332295
0 0.6022962962962962 0.7148645833333334 0.019601851851851867 0.005963541666666572
0 0.5706944444444444 0.6408333333333334 0.008824074074074102 0.010458333333333236
0 0.20587037037037037 0.7841979166666666 0.018064814814814808 0.011171874999999965
0 0.21464814814814812 0.776140625 0.02027777777777773 0.01001562499999995
0 0.22291666666666668 0.7877447916666667 0.009203703703703702 0.00934895833333318
0 0.23262962962962963 0.787265625 0.008175925925925911 0.009156250000000022
0 0.27785185185185185 0.8203333333333334 0.016537037037037076 0.006744791666666572
0 0.17808333333333334 0.7594791666666667 0.008148148148148158 0.008984375
0 0.16099999999999998 0.7570520833333333 0.014101851851851855 0.009463541666666764
0 0.13437037037037036 0.7402291666666667 0.009000000000000025 0.007010416666666686
0 0.15956481481481483 0.7023645833333333 0.013083333333333317 0.008427083333333307
0 0.11649074074074074 0.7230624999999999 0.011185185185185197 0.008375000000000021
0 0.17576851851851852 0.7092760416666666 0.016657407407407416 0.0050156250000000565
0 0.0980648148148148 0.6872864583333332 0.012277777777777783 0.007411458333333343
0 0.10980555555555556 0.6834895833333332 0.011675925925925925 0.005151041666666601
0 0.08639814814814814 0.684140625 0.0079074074074074 0.010145833333333344
0 0.13558333333333333 0.6782916666666666 0.006324074074074046 0.0078854166666666
0 0.14610185185185184 0.6781874999999999 0.01058333333333334 0.0089114583333334
0 0.1115648148148148 0.6705260416666666 0.008629629629629636 0.010421875000000113
0 0.11053703703703703 0.6582135416666667 0.011675925925925925 0.01452083333333345
0 0.12864814814814815 0.6615624999999999 0.014351851851851866 0.008088541666666772
0 0.11724999999999998 0.6650833333333332 0.006259259259259251 0.004421874999999886
0 0.1841759259259259 0.6710729166666667 0.013120370370370378 0.0069583333333334
0 0.19955555555555557 0.6479166666666666 0.014194444444444404 0.005515625000000135
0 0.20915740740740738 0.6581510416666667 0.007629629629629638 0.0067968750000000355
0 0.2191111111111111 0.6612031249999999 0.014425925925925911 0.005526041666666792
0 0.1971388888888889 0.7599114583333333 0.004472222222222181 0.008604166666666658
0 0.31375925925925924 0.7072708333333333 0.016129629629629567 0.005140624999999943
0 0.31148148148148147 0.6901875000000001 0.011138888888888863 0.009781250000000163
0 0.33285185185185184 0.6923020833333333 0.010490740740740752 0.005713541666666622
0 0.35997222222222214 0.7001718749999999 0.010194444444444449 0.0060000000000000496
0 0.28409259259259256 0.6467031249999999 0.008333333333333333 0.009697916666666551
0 0.14639814814814814 0.6349114583333333 0.01808333333333331 0.005166666666666764
0 0.11533333333333332 0.6357291666666666 0.0102037037037037 0.006406250000000035
0 0.12953703703703703 0.6167031249999999 0.014259259259259239 0.004213541666666742
0 0.11643518518518518 0.622390625 0.007185185185185163 0.003401041666666771
0 0.16570370370370371 0.6171770833333333 0.00764814814814814 0.007442708333333314
0 0.19977777777777775 0.6068125 0.0069537037037036955 0.00783854166666682
0 0.2134907407407407 0.6114427083333334 0.01107407407407403 0.004973958333333428
0 0.22568518518518518 0.6075104166666667 0.009388888888888875 0.007479166666666792
0 0.1321388888888889 0.6059947916666666 0.010777777777777765 0.003078124999999865
0 0.12550925925925926 0.6026875 0.004814814814814818 0.006041666666666679
0 0.08113888888888889 0.6152708333333333 0.013101851851851858 0.007744791666666551
0 0.07426851851851851 0.6246770833333334 0.009796296296296308 0.006213541666666522
0 0.09769444444444444 0.5841562499999999 0.020361111111111115 0.0068489583333333215
0 0.0993611111111111 0.5787291666666666 0.008814814814814812 0.006083333333333307
0 0.10766666666666666 0.5745260416666665 0.007796296296296272 0.005708333333333293
0 0.09346296296296294 0.568984375 0.01453703703703703 0.005052083333333179
0 0.10769444444444444 0.5619635416666666 0.009972222222222231 0.007072916666666628
0 0.07502777777777778 0.560921875 0.015444444444444452 0.003796874999999922
0 0.0825462962962963 0.5331197916666667 0.010435185185185188 0.00681770833333335
0 0.07125925925925924 0.5292291666666666 0.007296296296296292 0.004338541666666629
0 0.0980462962962963 0.5160416666666666 0.015898148148148137 0.004796875000000078
0 0.08330555555555555 0.5147604166666666 0.008101851851851844 0.0055364583333334496
0 0.10725925925925925 0.5117239583333333 0.013064814814814814 0.004369791666666778
0 0.12088888888888888 0.5043906249999999 0.00931481481481483 0.005593750000000064
0 0.09911111111111111 0.4998333333333333 0.0070925925925925766 0.006046875000000007
0 0.14227777777777778 0.486703125 0.012916666666666642 0.004223958333333222
0 0.1767685185185185 0.47986979166666666 0.009574074074074032 0.006114583333333279
0 0.20069444444444445 0.467703125 0.016407407407407405 0.005026041666666714
0 0.19462037037037036 0.4883333333333333 0.0054722222222222195 0.0035572916666666288
0 0.12858333333333333 0.4723177083333333 0.007092592592592616 0.005026041666666714
0 0.12757407407407406 0.46425520833333334 0.006277777777777753 0.0068489583333333215
0 0.14737037037037035 0.461375 0.01185185185185185 0.004854166666666692
0 0.18213888888888888 0.4540520833333333 0.0069351851851851935 0.007473958333333286
0 0.12280555555555554 0.4512760416666667 0.020462962962962985 0.005510416666666629
0 0.10275925925925926 0.44935937499999995 0.005574074074074097 0.005770833333333236
0 0.09839814814814815 0.4413958333333333 0.010231481481481492 0.007104166666666778
0 0.10867592592592593 0.44380208333333326 0.0076944444444444334 0.0038854166666666854
0 0.13960185185185187 0.4310677083333333 0.011796296296296305 0.0052552083333333496
0 0.12452777777777778 0.427703125 0.01175000000000001 0.005708333333333293
0 0.11982407407407407 0.41847395833333334 0.006277777777777753 0.0026302083333332505
0 0.11290740740740739 0.41401562499999994 0.009166666666666658 0.0037916666666665934
0 0.20980555555555555 0.395296875 0.009629629629629636 0.008151041666666714
0 0.22776851851851854 0.39978645833333337 0.015138888888888936 0.004968749999999966
0 0.19602777777777775 0.43103645833333337 0.016750000000000004 0.005401041666666551
0 0.20205555555555554 0.41353124999999996 0.009990740740740734 0.008161458333333371
0 0.22362037037037036 0.41185416666666663 0.007712962962962974 0.007041666666666657
0 0.23747222222222225 0.41706249999999995 0.013814814814814804 0.004562499999999936
0 0.2643611111111111 0.4151614583333333 0.012935185185185185 0.005223958333333378
0 0.22847222222222222 0.404703125 0.012120370370370321 0.004640625000000042
0 0.24349074074074073 0.4077395833333333 0.009990740740740734 0.004020833333333407
0 0.38585185185185183 0.4218020833333333 0.0060185185185185714 0.0035208333333333285
0 0.41124999999999995 0.3929947916666666 0.009138888888888946 0.003666666666666618
0 0.27051851851851855 0.4439739583333333 0.008962962962962943 0.008260416666666614
0 0.25412037037037033 0.4528333333333333 0.010138888888888904 0.004880208333333335
0 0.2238148148148148 0.4531354166666667 0.013203703703703695 0.005078125
0 0.22239814814814815 0.4712447916666666 0.018037037037037053 0.008286458333333436
0 0.1767037037037037 0.501859375 0.01174074074074074 0.009041666666666615
0 0.17124999999999999 0.522359375 0.013703703703703714 0.0053854166666665645
0 0.2631851851851852 0.5147604166666666 0.008018518518518489 0.008421874999999978
0 0.25862037037037033 0.5270572916666667 0.007824074074074143 0.007536458333333407
0 0.21258333333333335 0.5337656249999999 0.008574074074074092 0.009640625000000114
0 0.18089814814814814 0.5301770833333334 0.015657407407407436 0.005911458333333286
0 0.24021296296296293 0.5503854166666666 0.010157407407407407 0.0076458333333333075
0 0.29114814814814816 0.5338125 0.010814814814814768 0.0065833333333333854
0 0.2918425925925926 0.5592708333333333 0.010527777777777756 0.01126041666666655
0 0.168037037037037 0.5568281249999999 0.01006481481481482 0.005119791666666628
0 0.33462037037037035 0.552609375 0.00829629629629633 0.004854166666666692
0 0.35088888888888886 0.5390260416666667 0.00447222222222226 0.005369791666666579
0 0.3536851851851852 0.5321041666666666 0.00894444444444444 0.0034791666666667
0 0.3500462962962963 0.5229791666666667 0.00726851851851854 0.004734374999999957
0 0.3060555555555556 0.6060104166666667 0.017148148148148103 0.009114583333333393
0 0.33812037037037035 0.6266302083333334 0.010814814814814768 0.0050677083333333425
0 0.3756296296296296 0.6443802083333333 0.0069907407407406984 0.006911458333333264
0 0.4490833333333333 0.5888177083333332 0.008925925925925862 0.00841666666666665
0 0.450574074074074 0.61846875 0.01711111111111118 0.005765625000000085
0 0.48133333333333334 0.6185729166666667 0.0057037037037037264 0.005552083333333258
0 0.44747222222222216 0.5703958333333333 0.012898148148148101 0.00603645833333335
0 0.5216388888888889 0.5410989583333333 0.01339814814814812 0.008406249999999994
0 0.5886759259259259 0.528609375 0.015259259259259276 0.009796874999999972
0 0.5692037037037037 0.5100104166666666 0.016990740740740605 0.006505208333333279
0 0.4854259259259259 0.47223437500000004 0.011657407407407384 0.00713541666666675
0 0.4964629629629629 0.460265625 0.006944444444444444 0.006218750000000028
0 0.48988888888888893 0.4612083333333333 0.008685185185185339 0.002661458333333222
0 0.5233796296296296 0.45960416666666665 0.008685185185185339 0.0036354166666667355
0 0.37150925925925926 0.49819791666666663 0.014509259259259168 0.004645833333333372
0 0.38695370370370374 0.4911510416666666 0.010416666666666666 0.009244791666666608
0 0.32475 0.4848020833333333 0.021453703703703694 0.0058958333333333
0 0.3117962962962963 0.4779947916666666 0.009675925925925968 0.009453125000000107
0 0.2960462962962963 0.48291666666666666 0.010916666666666606 0.008828124999999964
0 0.3111759259259259 0.4650833333333333 0.012898148148148101 0.0070677083333333
0 0.42137037037037034 0.49101041666666667 0.007814814814814813 0.007432291666666657
0 0.4885833333333333 0.49324479166666657 0.014259259259259397 0.0035260416666666574
0 0.4366851851851851 0.5049322916666666 0.006453703703703676 0.0047239583333333005
0 0.4361851851851851 0.5320364583333334 0.006944444444444444 0.004937499999999951
0 0.4335185185185185 0.5146614583333333 0.009796296296296386 0.0045104166666666504
0 0.47612037037037036 0.5390052083333334 0.006453703703703676 0.003807291666666579
0 0.7287407407407407 0.6245416666666666 0.013888888888888888 0.007895833333333258
0 0.8662777777777778 0.7218072916666666 0.01530555555555553 0.006046875000000007
0 0.26135185185185184 0.7346197916666666 0.008324074074074083 0.009213541666666636
0 0.2028333333333333 0.74803125 0.004425925925925927 0.007000000000000029
0 0.07537037037037037 0.6794010416666667 0.014638888888888897 0.006984374999999865
0 0.07766666666666666 0.6664375 0.021962962962962962 0.010328125000000021
0 0.5973425925925926 0.41863020833333325 0.007092592592592616 0.005046875000000029
0 0.5477129629629629 0.44388541666666664 0.01199074074074073 0.006140624999999922
0 0.7614537037037037 0.3961354166666667 0.010805555555555518 0.0071614583333333036
0 0.6034907407407407 0.5580833333333333 0.011101851851851861 0.008124999999999893
0 0.5712592592592592 0.590328125 0.008953703703703771 0.007338541666666742
0 0.6958888888888889 0.6101666666666666 0.006805555555555524 0.008338541666666721
0 0.6593611111111112 0.5763072916666666 0.008953703703703771 0.007109375000000107
0 0.4868148148148148 0.76390625 0.013731481481481466 0.004578124999999922
0 0.6366481481481482 0.6940312499999999 0.009092592592592534 0.002770833333333478
0 0.6277407407407408 0.6919166666666666 0.0052592592592593706 0.003614583333333421
0 0.8724259259259259 0.569125 0.009722222222222222 0.005036458333333371
0 0.8811388888888888 0.44173437499999996 0.013064814814814616 0.004375000000000106
0 0.8926851851851852 0.3894947916666667 0.005592592592592559 0.005854166666666672
0 0.7882592592592592 0.41504166666666664 0.005398148148147976 0.005911458333333286
0 0.6562407407407408 0.3565 0.009731481481481473 0.00422916666666664
0 0.5381759259259259 0.28421875 0.006416666666666673 0.004166666666666696
0 0.4706203703703703 0.44259375 0.004620370370370432 0.0038281249999998932
0 0.4235555555555555 0.4471354166666666 0.006435185185185175 0.003354166666666636
0 0.4189074074074074 0.47802604166666657 0.004879629629629613 0.003218750000000092
0 0.17377777777777778 0.37363541666666666 0.009953703703703711 0.0046718750000000146
0 0.16429629629629627 0.3541770833333333 0.010898148148148145 0.008041666666666725
0 0.2792685185185185 0.29890625 0.006324074074074085 0.006322916666666689
0 0.7851018518518518 0.6389687499999999 0.0058425925925926474 0.004015625000000078
0 0.3510648148148148 0.7884322916666666 0.010685185185185138 0.0076875000000001135
0 0.2927222222222222 0.8159895833333334 0.009000000000000025 0.0029739583333334707
0 0.2460185185185185 0.8093802083333334 0.010129629629629653 0.0044739583333335275
0 0.0724074074074074 0.6047760416666667 0.014407407407407409 0.008588541666666494
0 0.3986018518518519 0.5650364583333333 0.012703703703703677 0.002781250000000135