0 0.3214722222222222 0.23176041666666664 0.01710185185185185 0.006927083333333339
0 0.33664814814814814 0.22888541666666665 0.014083333333333394 0.009390624999999986
0 0.3404074074074074 0.2368333333333333 0.010740740740740762 0.009453125000000017
0 0.3271018518518518 0.2393020833333333 0.011685185185185215 0.00969270833333331
0 0.3059351851851852 0.24138541666666663 0.011888888888888892 0.009750000000000014
0 0.37153703703703705 0.22348437499999996 0.012101851851851898 0.007979166666666693
0 0.3510462962962963 0.23419270833333333 0.01032407407407404 0.00639583333333329
0 0.36731481481481476 0.23730208333333333 0.015333333333333282 0.008385416666666678
0 0.3494259259259259 0.24276041666666667 0.010435185185185169 0.00568229166666665
0 0.3441111111111111 0.24763020833333332 0.014814814814814841 0.006505208333333368
0 0.3666388888888889 0.2534739583333333 0.013555555555555543 0.008114583333333324
0 0.38640740740740737 0.23122916666666665 0.016796296296296337 0.009390624999999986
0 0.39928703703703705 0.22368749999999998 0.019194444444444514 0.005109374999999972
0 0.3463981481481481 0.27245833333333336 0.014814814814814841 0.011468749999999962
0 0.40856481481481477 0.2393020833333333 0.011055555555555607 0.00969270833333331
0 0.4618148148148148 0.21570312499999997 0.01824999999999998 0.009338541666666611
0 0.4520648148148148 0.22688541666666664 0.011268518518518534 0.010093749999999967
0 0.4404351851851852 0.2329895833333333 0.01199074074074073 0.008218749999999986
0 0.43266666666666664 0.23395833333333332 0.010009259259259155 0.007223958333333336
0 0.43177777777777776 0.25408854166666667 0.013453703703703626 0.008760416666666692
0 0.4431481481481481 0.25549999999999995 0.01324999999999995 0.00922916666666671
0 0.3942777777777778 0.2777395833333333 0.016685185185185167 0.00795312499999996
0 0.40402777777777776 0.2851354166666667 0.012833333333333346 0.008661458333333361
0 0.3590277777777778 0.29534895833333336 0.01710185185185189 0.010312499999999947
0 0.4930092592592593 0.24963020833333333 0.025342592592592438 0.00922916666666671
0 0.5023888888888889 0.23847916666666666 0.010740740740740605 0.010395833333333382
0 0.4906574074074074 0.2267708333333333 0.013351851851851866 0.012208333333333331
0 0.5136018518518519 0.2269739583333333 0.013351851851851866 0.008510416666666654
0 0.531962962962963 0.23935937499999999 0.012518518518518502 0.010984375000000046
0 0.5637222222222222 0.24217708333333335 0.012416666666666742 0.009572916666666664
0 0.49170370370370364 0.27389583333333334 0.02628703703703713 0.009713541666666714
0 0.5905277777777778 0.27674479166666666 0.019509259259259202 0.00947916666666666
0 0.5720185185185185 0.2246302083333333 0.016481481481481493 0.01555208333333331
0 0.6023148148148147 0.22210416666666663 0.015750000000000045 0.011677083333333282
0 0.6244814814814815 0.22157812500000001 0.019194444444444514 0.007098958333333361
0 0.6491018518518518 0.22333854166666667 0.02336111111111118 0.008270833333333361
0 0.6737685185185185 0.23566145833333332 0.016583333333333408 0.011802083333333347
0 0.6246944444444444 0.2302604166666667 0.019611111111111117 0.0056927083333333075
0 0.6329351851851852 0.24226562499999998 0.011888888888888813 0.010338541666666678
0 0.6224999999999999 0.24038541666666666 0.01313888888888894 0.008927083333333297
0 0.6102962962962962 0.24203124999999998 0.011685185185185137 0.0075208333333333325
0 0.5999166666666665 0.249421875 0.010740740740740605 0.0058802083333333146
0 0.689 0.26924479166666665 0.019712962962962877 0.01373958333333336
0 0.7162222222222222 0.27127083333333335 0.029935185185185117 0.007927083333333317
0 0.7336944444444444 0.26980208333333333 0.01481481481481492 0.009687499999999983
0 0.5957962962962964 0.29275 0.015231481481481523 0.007208333333333261
0 0.6538981481481482 0.29521875 0.0154351851851852 0.011807291666666674
0 0.6707962962962963 0.3043125 0.02169444444444445 0.006380208333333304
0 0.4708888888888889 0.2960364583333333 0.024092592592592627 0.011104166666666604
0 0.5241388888888889 0.30122916666666666 0.03129629629629625 0.011958333333333382
0 0.5900648148148148 0.31740104166666666 0.016268518518518408 0.009541666666666605
0 0.6735092592592592 0.33509374999999997 0.016268518518518408 0.01111979166666659
0 0.746787037037037 0.29571354166666663 0.016796296296296493 0.008911458333333311
0 0.7546574074074073 0.28782291666666665 0.016685185185185167 0.011098958333333275
0 0.7778148148148147 0.259296875 0.016268518518518564 0.008401041666666664
0 0.8037314814814814 0.2622291666666666 0.015537037037037116 0.009578124999999993
0 0.8199537037037036 0.27649479166666663 0.011268518518518691 0.013088541666666753
0 0.8333611111111111 0.286765625 0.010324074074074159 0.011333333333333329
0 0.7866759259259258 0.28057291666666667 0.007722222222222146 0.012442708333333385
0 0.7783888888888888 0.2810729166666667 0.006777777777777614 0.010505208333333372
0 0.7927314814814814 0.29917708333333326 0.013555555555555543 0.006234375000000014
0 0.811037037037037 0.2985885416666666 0.0176296296296297 0.0066770833333333005
0 0.8416018518518518 0.301640625 0.01700000000000001 0.007614583333333247
0 0.8617777777777778 0.3051041666666666 0.008972222222222272 0.005182291666666661
0 0.8662129629629629 0.30384374999999997 0.013666666666666553 0.007322916666666668
0 0.812648148148148 0.311765625 0.01168518518518498 0.009703125000000057
0 0.7516296296296295 0.30859895833333334 0.008555555555555669 0.012755208333333368
0 0.8500462962962962 0.3381770833333333 0.01470370370370391 0.010890625000000043
0 0.8505648148148148 0.3178125 0.007407407407407302 0.008885416666666668
0 0.906324074074074 0.3526145833333333 0.013768518518518312 0.009260416666666682
0 0.8182314814814815 0.36380729166666664 0.013666666666666553 0.012276041666666604
0 0.8091574074074073 0.35077604166666665 0.01721296296296278 0.006744791666666661
0 0.5898518518518517 0.34710416666666666 0.020861111111111087 0.006453125000000082
0 0.5378055555555556 0.3149739583333333 0.014814814814814762 0.01732812499999996
0 0.5180370370370371 0.34898437499999996 0.021592592592592535 0.007390625000000028
0 0.5636203703703704 0.3638020833333333 0.02012962962962964 0.006505208333333368
0 0.44111111111111106 0.32078124999999996 0.017944444444444388 0.00922916666666671
0 0.4283333333333333 0.33739062499999994 0.017416666666666615 0.0076927083333333535
0 0.8664814814814813 0.36777604166666666 0.013546296296296292 0.004812499999999975
0 0.858712962962963 0.3139427083333333 0.008759259259259187 0.01171354166666667
0 0.871175925925926 0.37381770833333333 0.006962962962962946 0.007098958333333361
0 0.8904814814814814 0.37501562499999996 0.013453703703703784 0.007317708333333339
0 0.9126851851851852 0.37909375 0.012583333333333257 0.009557291666666589
0 0.8844537037037037 0.399296875 0.015629629629629625 0.011249999999999982
0 0.833537037037037 0.3888177083333333 0.0168333333333335 0.008249999999999957
0 0.8367314814814814 0.4145520833333333 0.009675925925925968 0.007744791666666551
0 0.8463518518518517 0.41476041666666663 0.006870370370370438 0.0073385416666665645
0 0.8912962962962964 0.42325 0.01470370370370391 0.010515625000000028
0 0.8764444444444444 0.43453645833333326 0.017324074074074106 0.007984375000000021
0 0.9161944444444444 0.43638541666666664 0.012824074074074095 0.013359375000000107
0 0.931361111111111 0.44102604166666665 0.011027777777777853 0.01196874999999995
0 0.8957777777777778 0.4565885416666666 0.014953703703703683 0.008541666666666715
0 0.9163611111111111 0.46395833333333325 0.01006481481481482 0.012661458333333365
0 0.8289907407407406 0.481421875 0.01645370370370358 0.004958333333333264
0 0.7514351851851852 0.411296875 0.011898148148148064 0.0074895833333334496
0 0.7406481481481482 0.4075104166666666 0.01006481481481482 0.007000000000000029
0 0.6950925925925926 0.45691145833333324 0.011842592592592559 0.011807291666666764
0 0.6439166666666666 0.43115625 0.011648148148148133 0.005395833333333222
0 0.6821759259259259 0.5221979166666666 0.009379629629629783 0.007177083333333378
0 0.7913518518518519 0.5297135416666666 0.016583333333333408 0.005531249999999943
0 0.7993518518518518 0.531765625 0.008537037037037168 0.006406250000000035
0 0.8217962962962962 0.5495104166666666 0.012740740740740837 0.008557291666666522
0 0.8766666666666666 0.5354947916666667 0.01313888888888894 0.00703125
0 0.858175925925926 0.5585572916666667 0.012518518518518502 0.007994791666666678
0 0.8202777777777777 0.5646927083333333 0.01313888888888894 0.010067708333333236
0 0.9008333333333332 0.55365625 0.014333333333333245 0.0072864583333332785
0 0.9311111111111111 0.5436249999999999 0.016583333333333408 0.006942708333333237
0 0.9240092592592593 0.552375 0.014416666666666503 0.0068229166666666785
0 0.9408148148148148 0.5499479166666668 0.014416666666666503 0.008687499999999914
0 0.9406388888888889 0.5195364583333333 0.008222222222222323 0.009567708333333336
0 0.9350462962962963 0.4999635416666666 0.009601851851851646 0.007979166666666693
0 0.9261574074074073 0.5017916666666666 0.008805555555555442 0.006906249999999936
0 0.9201666666666667 0.49742187499999996 0.008842592592592445 0.005062500000000014
0 0.9181944444444443 0.5015520833333333 0.007027777777777702 0.004760416666666778
0 0.9061018518518519 0.49015624999999996 0.009018518518518526 0.007276041666666622
0 0.8996388888888889 0.49974999999999997 0.012740740740740837 0.0058125000000000425
0 0.9071481481481481 0.5720885416666667 0.010601851851852 0.008848958333333278
0 0.9298055555555556 0.5916197916666667 0.016694444444444418 0.006546875000000086
0 0.9242129629629628 0.6043489583333332 0.012851851851851847 0.012343749999999964
0 0.8983425925925925 0.609328125 0.021203703703703683 0.009635416666666608
0 0.8787222222222222 0.5969791666666666 0.015361111111111036 0.007921875000000078
0 0.858148148148148 0.5857083333333333 0.012268518518518413 0.009796874999999972
0 0.8272685185185185 0.5868333333333333 0.019444444444444445 0.004536458333333293
0 0.7604074074074074 0.5880520833333333 0.029129629629629665 0.006171874999999894
0 0.7624166666666666 0.5994635416666666 0.02178703703703712 0.008703125000000079
0 0.8957129629629629 0.6437291666666667 0.013601851851851797 0.013630208333333371
0 0.8692499999999999 0.6513333333333333 0.02095370370370391 0.008718749999999886
0 0.886398148148148 0.6584739583333332 0.01586111111111121 0.009322916666666714
0 0.8512592592592593 0.6664114583333334 0.021037037037037166 0.005796875000000057
0 0.8337314814814815 0.6744635416666667 0.012685185185185332 0.006119791666666608
0 0.7921296296296295 0.6772864583333333 0.011768518518518551 0.005151041666666601
0 0.7938425925925925 0.6705677083333332 0.011018518518518603 0.007682291666666607
0 0.7537314814814814 0.688484375 0.014944444444444432 0.006723958333333257
0 0.7458425925925926 0.6588697916666666 0.01652777777777759 0.011015625000000107
0 0.7617870370370371 0.6465677083333333 0.016361111111111073 0.00933333333333337
0 0.7842407407407407 0.6531458333333333 0.01652777777777759 0.011338541666666656
0 0.7120833333333333 0.6498802083333333 0.01644444444444441 0.00997395833333332
0 0.7045277777777778 0.6323177083333332 0.012685185185185174 0.010526041666666685
0 0.7442222222222221 0.6226197916666667 0.020620370370370247 0.012260416666666708
0 0.656037037037037 0.6049635416666665 0.0217037037037037 0.006989583333333371
0 0.6688888888888889 0.6075 0.012685185185185174 0.015817708333333336
0 0.6419351851851851 0.656640625 0.011518518518518622 0.008432291666666637
0 0.6875462962962963 0.5695729166666667 0.01210185185185174 0.008984375
0 0.6557037037037037 0.6970572916666666 0.01569444444444454 0.006942708333333237
0 0.7780648148148147 0.7112187499999999 0.018027777777777802 0.0063229166666666
0 0.7597037037037038 0.7071822916666666 0.00867592592592593 0.008140625000000058
0 0.7489351851851852 0.7084010416666666 0.012185185185185157 0.0068229166666666785
0 0.7508148148148147 0.714859375 0.008425925925925842 0.009843750000000106
0 0.7429259259259259 0.7219270833333333 0.01018518518518508 0.009463541666666764
0 0.7288611111111111 0.7244635416666666 0.012935185185185105 0.0070208333333333425
0 0.7238518518518517 0.7164322916666667 0.013768518518518312 0.008802083333333321
0 0.6948888888888889 0.7354062499999999 0.013435185185185125 0.009187499999999993
0 0.6704351851851852 0.7335312500000001 0.01627777777777766 0.011067708333333393
0 0.6320370370370371 0.7383177083333333 0.01711111111111118 0.005651041666666678
0 0.6032037037037037 0.7399270833333333 0.01886111111111101 0.004776041666666763
0 0.5937685185185185 0.7473229166666666 0.014018518518518559 0.008296874999999915
0 0.5725740740740741 0.7439895833333333 0.015027777777777846 0.008390625000000007
0 0.5552962962962963 0.7479374999999999 0.01886111111111101 0.007015624999999836
0 0.5989444444444445 0.7200416666666667 0.01569444444444454 0.00756250000000005
0 0.5927685185185185 0.7083906249999999 0.022037037037037046 0.004927083333333293
0 0.6087962962962963 0.6958749999999999 0.012685185185185174 0.006494791666666622
0 0.5509537037037037 0.7152499999999999 0.023537037037037103 0.009250000000000114
0 0.5253333333333333 0.7348072916666666 0.016027777777777728 0.0046875
0 0.497787037037037 0.7329999999999999 0.01235185185185183 0.007192708333333364
0 0.48560185185185184 0.7444843750000001 0.01135185185185179 0.006218750000000028
0 0.4742962962962963 0.7423958333333334 0.014601851851851835 0.008145833333333208
0 0.41236111111111107 0.726125 0.010935185185185187 0.006114583333333279
0 0.42066666666666663 0.7048020833333333 0.015027777777777846 0.008546874999999865
0 0.47859259259259257 0.673546875 0.019361111111111187 0.009421875000000135
0 0.3685833333333333 0.734578125 0.01235185185185183 0.011755208333333479
0 0.35689814814814813 0.7411979166666666 0.014351851851851866 0.0052812499999999925
0 0.32735185185185184 0.7253229166666666 0.017027777777777767 0.005458333333333343
0 0.3237592592592593 0.732671875 0.01185185185185181 0.006609375000000028
0 0.4033888888888889 0.6809479166666667 0.012851851851851847 0.011536458333333322
0 0.3503888888888889 0.7195937499999999 0.013685185185185134 0.0041249999999999785
0 0.33169444444444446 0.68578125 0.011018518518518523 0.007124999999999914
0 0.4013055555555555 0.6695104166666667 0.012018518518518482 0.008052083333333293
0 0.37500925925925926 0.6582395833333333 0.012851851851851847 0.008848958333333278
0 0.5457407407407406 0.649875 0.01777777777777787 0.0060000000000000496
0 0.4585555555555555 0.6462135416666667 0.014351851851851904 0.005812499999999865
0 0.4139907407407407 0.644953125 0.018361111111111147 0.00951041666666672
0 0.3992962962962963 0.640234375 0.014351851851851904 0.008052083333333293
0 0.3774722222222222 0.6259374999999999 0.017944444444444388 0.009968749999999993
0 0.3632407407407407 0.6377239583333333 0.017027777777777767 0.010067708333333236
0 0.5859722222222222 0.590828125 0.014101851851851817 0.011588541666666608
0 0.5999537037037037 0.5513541666666666 0.012018518518518482 0.00447395833333335
0 0.594361111111111 0.548890625 0.008509259259259256 0.003770833333333279
0 0.469287037037037 0.5613385416666666 0.010435185185185169 0.005187500000000078
0 0.5142685185185185 0.5557708333333332 0.011435185185185048 0.005479166666666657
0 0.46536111111111106 0.5570625 0.0191111111111111 0.004302083333333507
0 0.4150277777777778 0.5830572916666666 0.012935185185185263 0.008718749999999886
0 0.39504629629629623 0.58246875 0.015527777777777708 0.006135416666666771
0 0.26599999999999996 0.71175 0.010351851851851833 0.010234375000000106
0 0.290962962962963 0.7142864583333333 0.01185185185185181 0.004041666666666721
0 0.2569444444444444 0.7105052083333334 0.013101851851851858 0.006338541666666764
0 0.24305555555555555 0.6971458333333332 0.009518518518518466 0.008255208333333286
0 0.23466666666666663 0.6983645833333332 0.010268518518518495 0.006942708333333237
0 0.2336574074074074 0.681203125 0.011768518518518473 0.009703125000000057
0 0.263 0.691484375 0.011018518518518523 0.0067968750000000355
0 0.2690925925925926 0.682 0.011518518518518542 0.006604166666666522
0 0.288287037037037 0.6856354166666667 0.013518518518518539 0.011942708333333307
0 0.2803148148148148 0.6726302083333333 0.009768518518518477 0.009932291666666693
0 0.29200000000000004 0.6699531249999999 0.02027777777777773 0.005755208333333428
0 0.2960925925925926 0.6459791666666665 0.01376851851851855 0.010041666666666772
0 0.2456388888888889 0.6489999999999999 0.01135185185185187 0.010562500000000164
0 0.1811574074074074 0.6453854166666667 0.013435185185185184 0.013661458333333343
0 0.23729629629629626 0.6219739583333334 0.01135185185185187 0.00486458333333335
0 0.21955555555555553 0.6213645833333332 0.00993518518518523 0.010218749999999943
0 0.3003055555555555 0.6111979166666666 0.01786111111111105 0.009130208333333379
0 0.3232222222222222 0.6180312499999999 0.012935185185185185 0.010119791666666522
0 0.2937129629629629 0.587515625 0.016027777777777728 0.009656249999999922
0 0.27585185185185185 0.5857760416666666 0.011685185185185215 0.012755208333333278
0 0.26195370370370374 0.59096875 0.011435185185185206 0.00951562500000005
0 0.2184259259259259 0.5977760416666666 0.013685185185185134 0.00905208333333345
0 0.19555555555555554 0.6070520833333333 0.018694444444444416 0.0057343750000001135
0 0.19593518518518518 0.614046875 0.015444444444444452 0.005828125000000029
0 0.1726944444444444 0.6119114583333333 0.012351851851851808 0.008213541666666657
0 0.1524537037037037 0.6206927083333333 0.007259259259259249 0.007937499999999886
0 0.16797222222222222 0.60353125 0.016277777777777776 0.008822916666666635
0 0.1705185185185185 0.594890625 0.00867592592592593 0.006562499999999893
0 0.17352777777777778 0.587609375 0.010685185185185197 0.009843750000000106
0 0.16033333333333333 0.5870677083333333 0.01235185185185183 0.010171875000000163
0 0.2599074074074074 0.5554166666666667 0.011018518518518523 0.00930729166666655
0 0.23862962962962964 0.555109375 0.011518518518518542 0.011041666666666571
0 0.212 0.5538645833333333 0.013351851851851866 0.009020833333333478
0 0.20812037037037037 0.5419114583333333 0.009768518518518555 0.008124999999999893
0 0.22756481481481478 0.5322395833333333 0.01977777777777779 0.013187499999999908
0 0.2959722222222222 0.5268802083333333 0.01569444444444446 0.010671875000000063
0 0.33978703703703705 0.5348177083333333 0.013185185185185194 0.008880208333333427
0 0.38561111111111107 0.5324479166666667 0.013351851851851866 0.007505208333333258
0 0.43343518518518515 0.4920364583333333 0.009518518518518546 0.008999999999999985
0 0.1640925925925926 0.5496145833333334 0.009018518518518526 0.006624999999999837
0 0.1658888888888889 0.5407395833333333 0.012101851851851858 0.00859375
0 0.13634259259259257 0.5561875000000001 0.013101851851851818 0.006630208333333343
0 0.12687037037037036 0.5575989583333333 0.01669444444444446 0.0056927083333333075
0 0.12214814814814813 0.53115625 0.015277777777777777 0.0063333333333334355
0 0.15874999999999997 0.5281510416666666 0.019694444444444414 0.005317708333333293
0 0.1322962962962963 0.5090468749999999 0.013351851851851866 0.012343749999999964
0 0.11234259259259258 0.5007083333333333 0.015194444444444441 0.010229166666666779
0 0.15558333333333332 0.48720833333333335 0.015194444444444481 0.010927083333333342
0 0.1789074074074074 0.48910937499999996 0.014435185185185162 0.008281250000000106
0 0.19055555555555553 0.4839427083333333 0.010351851851851833 0.011104166666666693
0 0.19998148148148145 0.47654687500000004 0.013185185185185194 0.007583333333333364
0 0.24021296296296293 0.4832864583333333 0.012851851851851847 0.010125000000000028
0 0.1748611111111111 0.47180729166666663 0.011685185185185177 0.012041666666666551
0 0.15290740740740738 0.4681197916666666 0.010518518518518545 0.012651041666666706
0 0.13830555555555554 0.472625 0.012018518518518522 0.012276041666666692
0 0.1234074074074074 0.46401041666666665 0.013101851851851858 0.009593749999999979
0 0.1791574074074074 0.451703125 0.015611111111111124 0.007520833333333421
0 0.20357407407407407 0.44825 0.017694444444444457 0.0036093750000000925
0 0.22193518518518518 0.45684895833333333 0.01235185185185183 0.00888541666666658
0 0.32475925925925925 0.4524739583333333 0.012351851851851907 0.010182291666666643
0 0.4340185185185185 0.44694270833333327 0.02002777777777772 0.005046875000000029
0 0.47479629629629627 0.43961458333333325 0.019444444444444445 0.005854166666666672
0 0.5154814814814814 0.43665624999999997 0.0106851851851851 0.007078124999999958
0 0.5068055555555555 0.4225 0.01135185185185179 0.011088541666666707
0 0.518074074074074 0.40095833333333336 0.018027777777777802 0.008052083333333338
0 0.46098148148148144 0.4110104166666666 0.012018518518518482 0.006729166666666763
0 0.44349074074074074 0.39071874999999995 0.011101851851851861 0.013505208333333397
0 0.42174999999999996 0.41948437499999996 0.013685185185185213 0.005270833333333336
0 0.42041666666666666 0.42913541666666666 0.013018518518518521 0.008036458333333307
0 0.35143518518518513 0.40300520833333325 0.01661111111111112 0.013411458333333348
0 0.3873611111111111 0.3691197916666667 0.039064814814814816 0.0109010416666667
0 0.2939259259259259 0.4316041666666666 0.01694444444444443 0.009578124999999993
0 0.2808148148148148 0.4204062499999999 0.012435185185185165 0.00642708333333335
0 0.2736388888888889 0.41615624999999995 0.015277777777777777 0.007786458333333357
0 0.290962962962963 0.39931770833333335 0.013185185185185194 0.008385416666666635
0 0.24663888888888888 0.4106354166666666 0.016694444444444418 0.007546875000000064
0 0.24196296296296294 0.4234583333333333 0.012685185185185174 0.011593749999999936
0 0.17937037037037035 0.42165104166666667 0.0076759259259259515 0.008447916666666621
0 0.17364814814814813 0.43200520833333333 0.011768518518518513 0.00990625000000005
0 0.1755648148148148 0.412421875 0.012768518518518531 0.009239583333333279
0 0.29738888888888887 0.3693854166666667 0.0237037037037037 0.007208333333333261
0 0.22927777777777775 0.37309895833333334 0.017027777777777767 0.00805729166666671
0 0.15912962962962965 0.3879375 0.025620370370370397 0.005458333333333343
0 0.15958333333333333 0.40045312499999997 0.010518518518518545 0.007838541666666643
0 0.12778703703703703 0.41524479166666667 0.014351851851851866 0.0064375000000000075
0 0.12202777777777776 0.41299479166666664 0.018861111111111127 0.015078124999999965
0 0.12019444444444444 0.43043750000000003 0.015861111111111093 0.00912500000000005
0 0.12645370370370368 0.38646354166666663 0.010018518518518526 0.00944270833333336
0 0.12261111111111109 0.380265625 0.005675925925925935 0.012067708333333371
0 0.11610185185185186 0.383390625 0.009351851851851833 0.008453125000000039
0 0.13867592592592592 0.37274999999999997 0.009768518518518517 0.006427083333333261
0 0.13484259259259257 0.3671145833333333 0.01594444444444447 0.006427083333333261
0 0.14914814814814814 0.3660833333333333 0.014694444444444461 0.006911458333333354
0 0.16350925925925924 0.37063541666666666 0.016027777777777766 0.00625
0 0.17151851851851851 0.36326562500000004 0.013351851851851866 0.006911458333333354
0 0.14777777777777776 0.35720833333333335 0.00993518518518519 0.01008333333333331
0 0.1910092592592592 0.36173958333333334 0.013601851851851875 0.0057395833333333535
0 0.21434259259259258 0.362 0.012851851851851847 0.008395833333333247
0 0.18633333333333332 0.3542447916666666 0.019611111111111117 0.006166666666666654
0 0.15791666666666668 0.348046875 0.015527777777777748 0.005421875000000043
0 0.1687685185185185 0.3397864583333333 0.012851851851851847 0.009979166666666739
0 0.16547222222222221 0.32609374999999996 0.00792592592592594 0.006541666666666668
0 0.15328703703703705 0.33177604166666663 0.012268518518518531 0.005703125000000054
0 0.14435185185185187 0.33536979166666664 0.00842592592592596 0.006781249999999961
0 0.25957407407407407 0.3415677083333333 0.017527777777777705 0.009791666666666643
0 0.2722685185185185 0.33508854166666663 0.02053703703703699 0.006218750000000028
0 0.21387962962962964 0.32914583333333336 0.015444444444444452 0.00795312499999996
0 0.23512037037037037 0.31808854166666667 0.009685185185185219 0.007901041666666674
0 0.2962222222222222 0.34051041666666665 0.014351851851851826 0.006270833333333314
0 0.34145370370370365 0.33611979166666667 0.014018518518518479 0.006406249999999947
0 0.36299074074074067 0.33678125 0.014351851851851904 0.009598958333333397
0 0.38686111111111104 0.35603125 0.010018518518518565 0.006796874999999947
0 0.30757407407407406 0.3027916666666667 0.015027777777777768 0.006421874999999933
0 0.27998148148148144 0.3043177083333333 0.014101851851851895 0.010880208333333386
0 0.27493518518518517 0.29575 0.025203703703703756 0.00923437500000004
0 0.2770185185185185 0.28806770833333334 0.016027777777777728 0.0046718750000000146
0 0.2561574074074074 0.28478125 0.01569444444444446 0.005609374999999961
0 0.24087962962962958 0.2760729166666666 0.013518518518518539 0.012135416666666643
0 0.22385185185185183 0.280765625 0.01952777777777778 0.00838020833333326
0 0.2327037037037037 0.26200520833333335 0.012851851851851847 0.013583333333333326
0 0.1920555555555555 0.28447916666666667 0.017694444444444457 0.00546875
0 0.2240648148148148 0.306359375 0.0191111111111111 0.008984375
0 0.18437962962962962 0.30899479166666666 0.022370370370370395 0.007552083333333304
0 0.19468518518518516 0.32047395833333325 0.012935185185185185 0.011265625000000057