0 0.4263888888888889 0.2632604166666666 0.005824074074073988 0.008442708333333293
0 0.46323148148148147 0.262671875 0.013805555555555474 0.004546875000000039
0 0.4630833333333333 0.26726562499999995 0.019694444444444376 0.0043333333333333
0 0.46000925925925923 0.27464583333333337 0.008074074074074152 0.009135416666666618
0 0.4572962962962963 0.2776979166666666 0.01454629629629633 0.0034687500000000425
0 0.4749444444444445 0.28210416666666666 0.012194444444444407 0.0059531250000000036
0 0.4727685185185184 0.2883958333333333 0.009203703703703702 0.0056875000000000675
0 0.42443518518518514 0.28082812500000004 0.016407407407407485 0.0035833333333333607
0 0.40836111111111106 0.27439583333333334 0.007046296296296361 0.007182291666666618
0 0.39539814814814805 0.27483854166666666 0.014000000000000058 0.00933333333333337
0 0.3899444444444444 0.28483854166666667 0.009203703703703702 0.0030937500000000283
0 0.41330555555555554 0.2915572916666666 0.011009259259259194 0.005557291666666675
0 0.4330925925925926 0.2923020833333333 0.006824074074074026 0.00788020833333336
0 0.42242592592592587 0.29559375 0.01045370370370367 0.005781249999999983
0 0.41103703703703703 0.3055364583333333 0.01824999999999998 0.010817708333333353
0 0.38579629629629625 0.2923541666666667 0.010555555555555587 0.009796874999999972
0 0.3655648148148148 0.27348958333333334 0.006407407407407422 0.006093750000000053
0 0.3580555555555555 0.2735260416666666 0.010425925925925918 0.0032708333333332897
0 0.36207407407407405 0.27908333333333335 0.010101851851851822 0.004614583333333311
0 0.3558518518518518 0.2657291666666666 0.012972222222222227 0.007411458333333343
0 0.3466018518518518 0.27852083333333333 0.007333333333333295 0.0062864583333333
0 0.3431666666666666 0.28417708333333336 0.008722222222222185 0.004562500000000025
0 0.3291759259259259 0.280875 0.010268518518518574 0.005661458333333247
0 0.34038888888888885 0.27384895833333334 0.010490740740740752 0.006817708333333261
0 0.307 0.2856458333333333 0.01225925925925924 0.006875000000000053
0 0.33398148148148143 0.29842708333333334 0.008750000000000016 0.00565104166666659
0 0.34471296296296294 0.30780729166666665 0.008851851851851776 0.006312499999999943
0 0.35555555555555557 0.31455208333333334 0.008333333333333333 0.007312500000000011
0 0.3760277777777778 0.3146510416666667 0.014509259259259168 0.005515624999999957
0 0.43437037037037035 0.31015625 0.007629629629629638 0.007932291666666647
0 0.4740277777777777 0.3039895833333333 0.01454629629629633 0.005197916666666647
0 0.46873148148148147 0.3140052083333333 0.011166666666666616 0.006760416666666646
0 0.48942592592592593 0.3120104166666666 0.011555555555555624 0.008567708333333358
0 0.4996759259259259 0.30585416666666665 0.00855555555555551 0.008562500000000028
0 0.49080555555555555 0.28018229166666664 0.013351851851851866 0.005723958333333367
0 0.4981296296296296 0.2849791666666667 0.007398148148148209 0.0069947916666666995
0 0.5062685185185185 0.28828645833333333 0.007203703703703625 0.007630208333333411
0 0.5175185185185185 0.2822552083333333 0.007564814814814882 0.008968750000000015
0 0.5384444444444444 0.27946875000000004 0.011074074074074108 0.007197916666666604
0 0.5090648148148148 0.2595677083333333 0.013833333333333383 0.00486458333333335
0 0.5369537037037037 0.2678802083333333 0.013287037037036953 0.012437500000000056
0 0.5562314814814815 0.27314062499999997 0.0067222222222222665 0.005401041666666639
0 0.5468611111111111 0.2622291666666666 0.004796296296296355 0.006208333333333283
0 0.5572592592592593 0.27743749999999995 0.005953703703703815 0.004401041666666661
0 0.5812962962962962 0.26365104166666664 0.006148148148148241 0.009953125000000007
0 0.5808425925925925 0.270828125 0.013481481481481379 0.00411458333333341
0 0.6076296296296296 0.2747239583333333 0.019175925925926013 0.00983333333333336
0 0.6350462962962963 0.275734375 0.013518518518518381 0.007515625000000003
0 0.5775277777777778 0.28732291666666665 0.009814814814814731 0.005348958333333353
0 0.5655092592592592 0.286734375 0.010879629629629682 0.005078125
0 0.5340925925925926 0.29166145833333335 0.008851851851851854 0.0033385416666667387
0 0.5509629629629629 0.29476562500000003 0.00881481481481485 0.006838541666666753
0 0.5540185185185185 0.29049479166666664 0.008879629629629607 0.006255208333333329
0 0.5806203703703704 0.29451041666666666 0.013092592592592685 0.004880208333333247
0 0.5741018518518518 0.30357291666666664 0.006046296296296324 0.011958333333333382
0 0.5942314814814814 0.3116822916666666 0.011805555555555555 0.004406249999999989
0 0.6404351851851852 0.292046875 0.005629629629629563 0.007911458333333333
0 0.6348518518518518 0.3010364583333333 0.01376851851851847 0.009781249999999986
0 0.6267592592592592 0.31158854166666666 0.007879629629629568 0.006630208333333343
0 0.6055925925925926 0.3206145833333333 0.0205648148148149 0.003505208333333343
0 0.62675 0.3232708333333333 0.010425925925925918 0.0038437500000000568
0 0.6438055555555555 0.3188229166666666 0.01210185185185174 0.00824479166666663
0 0.6489814814814815 0.321265625 0.011388888888888794 0.006255208333333329
0 0.6575555555555554 0.31343229166666664 0.0067222222222222665 0.005255208333333261
0 0.6616944444444444 0.31035416666666665 0.014675925925925842 0.007427083333333329
0 0.6772314814814814 0.27323437500000003 0.008750000000000095 0.0059531250000000036
0 0.6857962962962962 0.27117187499999995 0.014027777777777809 0.0032447916666666467
0 0.6868703703703704 0.27627604166666664 0.006472222222222178 0.006244791666666671
0 0.6850092592592592 0.287 0.01045370370370367 0.010307291666666617
0 0.6770277777777778 0.28975 0.004796296296296355 0.007843749999999972
0 0.6822592592592593 0.29924999999999996 0.00560185185185181 0.007484374999999943
0 0.6914907407407407 0.3084427083333333 0.007018518518518451 0.005083333333333329
0 0.7124907407407407 0.3004583333333333 0.01264814814814825 0.008270833333333361
0 0.7003055555555556 0.3173333333333333 0.009138888888888788 0.0072135416666665895
0 0.7150648148148147 0.31266145833333325 0.009749999999999974 0.004973958333333339
0 0.7281759259259258 0.32185416666666666 0.0061759259259259935 0.00852083333333331
0 0.7396111111111111 0.3122916666666667 0.010009259259259313 0.005328125000000039
0 0.7264074074074074 0.29042708333333334 0.016796296296296493 0.003828124999999982
0 0.7413703703703703 0.28360416666666666 0.015833333333333144 0.008229166666666643
0 0.7541388888888889 0.28990104166666664 0.014092592592592722 0.010307291666666617
0 0.7632037037037037 0.29071354166666663 0.009814814814814731 0.005604166666666632
0 0.7655648148148148 0.295921875 0.011194444444444368 0.007135416666666661
0 0.7810740740740739 0.2930364583333333 0.006240740740740749 0.006276041666666643
0 0.7834444444444444 0.2936979166666666 0.01406481481481497 0.005614583333333289
0 0.752324074074074 0.30559375 0.008398148148148089 0.004239583333333385
0 0.7489814814814815 0.31415624999999997 0.008657407407407428 0.007234375000000082
0 0.7723055555555555 0.31226562499999994 0.008981481481481524 0.007218749999999918
0 0.7937037037037038 0.31276041666666665 0.010583333333333498 0.006041666666666589
0 0.7673240740740741 0.323453125 0.01315740740740744 0.00575000000000001
0 0.7851018518518518 0.3268125 0.010101851851851822 0.006901041666666696
0 0.7307962962962963 0.33171354166666667 0.010907407407407277 0.0034374999999999822
0 0.8156666666666667 0.3094166666666667 0.00726851851851854 0.005723958333333367
0 0.8245185185185184 0.3109635416666666 0.0065648148148148445 0.0068281249999999185
0 0.8195462962962962 0.32776041666666667 0.008462962962963162 0.0078489583333333
0 0.79575 0.337671875 0.016472222222222083 0.00834895833333329
0 0.8396111111111111 0.33831249999999996 0.013064814814814616 0.009968750000000082
0 0.7700092592592592 0.340703125 0.007462962962962807 0.0044635416666666036
0 0.73675 0.33789583333333334 0.012518518518518502 0.004046874999999961
0 0.7514259259259259 0.3495989583333333 0.01406481481481497 0.0069947916666666995
0 0.7569722222222222 0.35385416666666664 0.009722222222222222 0.004406249999999989
0 0.771685185185185 0.3530833333333333 0.007981481481481485 0.0072135416666665895
0 0.7212870370370369 0.353046875 0.007083333333333523 0.007197916666666604
0 0.7427222222222222 0.36076041666666664 0.007981481481481485 0.00596354166666666
0 0.7986111111111112 0.359421875 0.01653703703703684 0.0038385416666666394
0 0.7606111111111111 0.3659583333333333 0.007203703703703783 0.007348958333333311
0 0.7692685185185184 0.3656510416666666 0.007148148148148278 0.004708333333333314
0 0.775611111111111 0.3661458333333333 0.00887962962962945 0.007874999999999943
0 0.7835833333333333 0.36992708333333335 0.013768518518518312 0.004567708333333353
0 0.8304722222222222 0.36978125 0.009462962962962883 0.0051354166666666146
0 0.8404814814814815 0.37096874999999996 0.01454629629629633 0.003937499999999971
0 0.856824074074074 0.3721458333333333 0.011453703703703707 0.005203124999999975
0 0.84775 0.37947395833333336 0.018018518518518552 0.0035781249999999433
0 0.8628888888888888 0.3751302083333333 0.007370370370370299 0.006473958333333396
0 0.8696296296296296 0.369625 0.007722222222222146 0.008494791666666668
0 0.8734814814814814 0.3628541666666666 0.008722222222222185 0.0058125000000000425
0 0.887462962962963 0.356625 0.015833333333333144 0.0027656249999999717
0 0.8707407407407407 0.38023437499999996 0.008398148148148089 0.0050937499999999854
0 0.8576666666666667 0.388609375 0.005916666666666654 0.0064583333333334105
0 0.8424259259259259 0.388328125 0.013546296296296292 0.0037031249999999183
0 0.8423611111111111 0.39580729166666667 0.011101851851851861 0.006552083333333325
0 0.8716759259259258 0.389578125 0.012324074074073918 0.005677083333333411
0 0.8795092592592593 0.39750520833333336 0.009527777777777639 0.0061510416666666675
0 0.9079907407407407 0.365015625 0.011129629629629613 0.005796875000000057
0 0.913287037037037 0.3754375 0.008592592592592672 0.007260416666666725
0 0.9072870370370371 0.3889583333333333 0.016731481481481424 0.004072916666666604
0 0.793962962962963 0.37830208333333337 0.007175925925926031 0.0039427083333333
0 0.7923888888888888 0.39769791666666665 0.010972222222222033 0.007036458333333284
0 0.7582962962962964 0.38851562500000003 0.0061111111111109215 0.008437500000000053
0 0.7429907407407407 0.3888489583333333 0.007435185185185054 0.005307291666666725
0 0.748925925925926 0.39990625 0.005407407407407226 0.009317708333333386
0 0.7203703703703703 0.39380729166666667 0.015990740740740726 0.0034583333333333853
0 0.717648148148148 0.37936458333333334 0.007851851851851974 0.008786458333333247
0 0.7055648148148148 0.38055729166666663 0.0052407407407408695 0.006932291666666668
0 0.6820833333333333 0.3554375 0.010712962962962851 0.0027395833333333287
0 0.6730833333333333 0.334546875 0.0052777777777778725 0.007479166666666615
0 0.661175925925926 0.3364270833333333 0.00881481481481485 0.006859375000000068
0 0.6426759259259259 0.33759374999999997 0.01210185185185174 0.004703124999999986
0 0.6204444444444445 0.3324270833333333 0.007018518518518451 0.007223958333333247
0 0.6283888888888888 0.34376562499999996 0.010814814814814926 0.0068437500000000815
0 0.6024166666666667 0.3309270833333333 0.006824074074074026 0.01182291666666666
0 0.5729166666666666 0.34081770833333336 0.016472222222222242 0.0025989583333333676
0 0.5540833333333333 0.3376614583333333 0.012166666666666812 0.007192708333333275
0 0.5534722222222223 0.31404166666666666 0.012870370370370508 0.00447916666666659
0 0.5450648148148147 0.31172395833333333 0.0060185185185185714 0.005635416666666604
0 0.5216666666666666 0.31761458333333337 0.010518518518518425 0.006744791666666661
0 0.5059814814814815 0.332625 0.012592592592592508 0.004760416666666689
0 0.4810555555555555 0.33232291666666663 0.01033333333333341 0.010286458333333304
0 0.4758148148148148 0.32744791666666667 0.017027777777777767 0.0046302083333333854
0 0.46009259259259255 0.33741666666666664 0.005972222222222317 0.010244791666666675
0 0.5306203703703704 0.34349479166666663 0.023296296296296426 0.009124999999999961
0 0.5046388888888889 0.3555364583333333 0.013537037037036884 0.0051354166666666146
0 0.530074074074074 0.35686979166666666 0.018564814814814826 0.005718750000000039
0 0.4691944444444444 0.3569739583333333 0.01979629629629629 0.008822916666666725
0 0.46212962962962967 0.3711041666666667 0.010333333333333252 0.010057291666666668
0 0.45198148148148143 0.36282812499999995 0.015212962962962864 0.00649479166666671
0 0.4389814814814815 0.3567083333333333 0.0154351851851852 0.003781250000000025
0 0.4239907407407407 0.3548020833333333 0.017472222222222278 0.006937499999999997
0 0.3893055555555555 0.3364114583333333 0.01913888888888885 0.004458333333333275
0 0.34617592592592594 0.32128125 0.013972222222222226 0.007447916666666643
0 0.33868518518518514 0.3308020833333333 0.019944444444444383 0.005036458333333371
0 0.3167407407407407 0.32598958333333333 0.008222222222222244 0.007859374999999957
0 0.2993796296296296 0.32295833333333335 0.014990740740740765 0.006713541666666689
0 0.30421296296296296 0.33280729166666667 0.015212962962962944 0.004713541666666643
0 0.2853981481481482 0.335796875 0.012518518518518502 0.006598958333333372
0 0.28671296296296295 0.34243229166666667 0.012231481481481489 0.006338541666666675
0 0.2603611111111111 0.3371875 0.01717592592592586 0.0037239583333334102
0 0.25534259259259257 0.2919791666666667 0.01557407407407412 0.006526041666666682
0 0.2708055555555556 0.2948697916666666 0.011574074074074047 0.010312499999999947
0 0.2590925925925926 0.3046770833333333 0.02190740740740738 0.007333333333333325
0 0.2335 0.30428645833333334 0.019361111111111107 0.010161458333333328
0 0.26116666666666666 0.3112708333333333 0.01645370370370366 0.003401041666666682
0 0.25472222222222224 0.3109010416666666 0.01885185185185184 0.006755208333333318
0 0.24442592592592594 0.32073437499999996 0.014990740740740765 0.008401041666666753
0 0.26563888888888887 0.3208333333333333 0.014481481481481494 0.0032812499999999465
0 0.269574074074074 0.32490625 0.018416666666666654 0.004536458333333382
0 0.18138888888888888 0.331625 0.00829629629629627 0.010536458333333342
0 0.19514814814814813 0.33615104166666665 0.009314814814814791 0.010989583333333285
0 0.1876111111111111 0.340796875 0.018564814814814826 0.005510416666666629
0 0.1909259259259259 0.35079166666666667 0.017175925925925935 0.009562499999999918
0 0.2155648148148148 0.3480104166666666 0.02205555555555555 0.003994791666666675
0 0.24391666666666667 0.34792708333333333 0.012518518518518502 0.005999999999999961
0 0.22476851851851848 0.35322916666666665 0.013537037037037042 0.004807291666666646
0 0.20948148148148146 0.355765625 0.014990740740740765 0.009557291666666589
0 0.28933333333333333 0.35236979166666665 0.01019444444444441 0.00575520833333334
0 0.29610185185185184 0.361359375 0.025185185185185255 0.007770833333333371
0 0.32725925925925925 0.35865625 0.01761111111111112 0.0040000000000000036
0 0.3365 0.35126562499999997 0.023000000000000003 0.0076406250000000675
0 0.15714814814814815 0.3606302083333333 0.020962962962962964 0.0058958333333333
0 0.13702777777777778 0.37430729166666665 0.019287037037037023 0.010328124999999933
0 0.16610185185185183 0.3745364583333333 0.017027777777777767 0.009552083333333261
0 0.17247222222222222 0.38237499999999996 0.013027777777777772 0.004354166666666615
0 0.18728703703703703 0.37953125 0.014851851851851845 0.004802083333333318
0 0.1947037037037037 0.3872083333333333 0.01455555555555558 0.004192708333333339
0 0.1444074074074074 0.38931770833333335 0.014416666666666661 0.007557291666666632
0 0.15722222222222224 0.39097395833333326 0.015287037037037028 0.003010416666666682
0 0.12119444444444444 0.396484375 0.013101851851851858 0.0055052083333333
0 0.15467592592592594 0.40041666666666664 0.013101851851851818 0.00910937500000002
0 0.20981481481481482 0.40696875 0.016379629629629654 0.010552083333333328
0 0.2279351851851852 0.39824479166666665 0.02744444444444443 0.007026041666666672
0 0.24431481481481482 0.38249999999999995 0.009685185185185219 0.01033333333333326
0 0.23259259259259255 0.383625 0.010990740740740771 0.005026041666666714
0 0.2155277777777778 0.38960416666666664 0.025333333333333347 0.0028906249999999466
0 0.30254629629629626 0.37477604166666667 0.013611111111111128 0.004703124999999986
0 0.33140740740740743 0.37940625 0.011935185185185146 0.010291666666666633
0 0.34552777777777777 0.3704375 0.024453703703703648 0.005192708333333318
0 0.3065833333333333 0.3889479166666666 0.021398148148148187 0.007479166666666615
0 0.28471296296296295 0.39681249999999996 0.016231481481481482 0.008130208333333267
0 0.36189814814814814 0.3804270833333333 0.01557407407407412 0.011416666666666676
0 0.33082407407407405 0.3969739583333333 0.018925925925926002 0.004526041666666725
0 0.2853981481481482 0.41104166666666664 0.025333333333333347 0.005458333333333343
0 0.2423148148148148 0.4180260416666666 0.016592592592592582 0.004828125000000049
0 0.3164814814814815 0.411515625 0.02373148148148145 0.010661458333333406
0 0.33187962962962964 0.41565104166666667 0.014629629629629588 0.0066250000000000146
0 0.3604814814814814 0.40770312499999994 0.023657407407407367 0.007630208333333321
0 0.14332407407407408 0.4147395833333333 0.01659259259259262 0.006255208333333329
0 0.11493518518518518 0.41308333333333336 0.012231481481481489 0.008854166666666607
0 0.11489814814814814 0.427578125 0.018703703703703705 0.006369791666666735
0 0.1461574074074074 0.42368749999999994 0.02081481481481483 0.008421874999999978
0 0.1389537037037037 0.4369375 0.01659259259259262 0.0060781249999999785
0 0.12606481481481482 0.43894270833333326 0.01557407407407408 0.006161458333333236
0 0.12464814814814815 0.44860937500000003 0.009101851851851825 0.00976041666666667
0 0.15482407407407406 0.4474635416666667 0.019212962962962977 0.005499999999999972
0 0.22043518518518515 0.44076562499999994 0.014342592592592575 0.00947916666666675
0 0.26392592592592595 0.4335364583333333 0.011787037037037054 0.005510416666666629
0 0.2849629629629629 0.43218749999999995 0.01455555555555558 0.00575520833333325
0 0.365287037037037 0.42274479166666656 0.0128796296296296 0.009489583333333407
0 0.12588888888888888 0.459609375 0.018851851851851877 0.006916666666666594
0 0.11052777777777778 0.46114062499999997 0.009972222222222231 0.005484374999999986
0 0.12498148148148146 0.4684114583333333 0.020092592592592596 0.008921875000000056
0 0.19234259259259257 0.4828072916666667 0.018564814814814826 0.009203124999999979
0 0.24708333333333335 0.4779375 0.019722222222222207 0.005026041666666714
0 0.24260185185185182 0.46769791666666666 0.009027777777777777 0.008890624999999907
0 0.10834259259259259 0.4893229166666666 0.0118611111111111 0.0068229166666666785
0 0.09975925925925924 0.490921875 0.00880555555555556 0.00866145833333345
0 0.09553703703703703 0.49477083333333327 0.012009259259259272 0.0048958333333333215
0 0.08552777777777777 0.4936614583333333 0.011648148148148163 0.011244791666666564
0 0.10248148148148148 0.5021822916666666 0.009166666666666658 0.007307291666666593
0 0.08239814814814814 0.5126458333333332 0.012666666666666673 0.008895833333333237
0 0.10179629629629629 0.5175572916666666 0.018703703703703705 0.007255208333333307
0 0.12500925925925926 0.5070104166666667 0.008370370370370377 0.007468749999999957
0 0.14794444444444443 0.5026927083333332 0.011277777777777784 0.003416666666666579
0 0.13305555555555554 0.5017708333333333 0.017907407407407386 0.0033437499999999787
0 0.17498148148148146 0.5075833333333333 0.008592592592592574 0.011234374999999908
0 0.19419444444444445 0.5046354166666667 0.017907407407407386 0.007307291666666593
0 0.26269444444444445 0.5068489583333333 0.019509259259259278 0.008588541666666671
0 0.20463888888888884 0.5250989583333333 0.016231481481481482 0.006864583333333308
0 0.1628611111111111 0.5304635416666666 0.02292592592592592 0.006776041666666721
0 0.11569444444444446 0.5347447916666667 0.013027777777777772 0.007927083333333229
0 0.1257777777777778 0.5305052083333333 0.017027777777777767 0.004239583333333385
0 0.13232407407407407 0.5330208333333333 0.0164537037037037 0.006979166666666714
0 0.07329629629629629 0.5283333333333333 0.010481481481481482 0.01026041666666675
0 0.06889814814814814 0.5379583333333333 0.014046296296296291 0.009036458333333285
0 0.08862037037037036 0.5432812499999999 0.01492592592592593 0.004885416666666665
0 0.08777777777777776 0.5480104166666667 0.0144074074074074 0.0048437500000000355
0 0.10623148148148148 0.5467812499999999 0.011722222222222219 0.008937499999999866
0 0.12654629629629627 0.5627812499999999 0.015796296296296298 0.0036354166666667355
0 0.08326851851851852 0.5582552083333333 0.026055555555555544 0.009921875000000035
0 0.105 0.5733697916666666 0.028027777777777787 0.0063854166666667215
0 0.24827777777777776 0.5601197916666667 0.015138888888888936 0.007322916666666579
0 0.31888888888888883 0.5651354166666666 0.013685185185185134 0.008755208333333365
0 0.3181574074074074 0.5394583333333334 0.013972222222222226 0.005755208333333428
0 0.3299074074074074 0.5090885416666666 0.0178333333333333 0.014989583333333379
0 0.31510185185185186 0.47677604166666665 0.016592592592592582 0.005223958333333378
0 0.34617592592592594 0.4728854166666666 0.01324999999999995 0.006447916666666664
0 0.3463981481481481 0.458609375 0.020962962962962923 0.010229166666666779
0 0.35556481481481483 0.4661666666666666 0.02183333333333337 0.004479166666666678
0 0.10434259259259258 0.4689895833333333 0.007787037037037021 0.008708333333333406
0 0.38712037037037034 0.5344583333333334 0.016231481481481402 0.012473958333333358
0 0.41598148148148145 0.5684114583333333 0.023296296296296266 0.009260416666666771
0 0.43636111111111103 0.5373645833333333 0.017472222222222278 0.007479166666666792
0 0.4291203703703703 0.4789010416666667 0.01812037037037047 0.01345312500000002
0 0.3788240740740741 0.45021354166666666 0.01375925925925922 0.0049218749999999645
0 0.3659074074074074 0.45388020833333337 0.0069907407407406984 0.00610937499999995
0 0.37576851851851845 0.45324479166666665 0.018564814814814826 0.007036458333333329
0 0.4272685185185185 0.45097916666666665 0.010916666666666686 0.009312500000000057
0 0.39443518518518517 0.43942708333333336 0.008148148148148158 0.009140625000000036
0 0.37751851851851853 0.43580208333333326 0.006333333333333416 0.007213541666666679
0 0.4487407407407407 0.45826562499999995 0.016009259259259227 0.0055885416666667355
0 0.4101574074074074 0.4378020833333333 0.01455555555555558 0.007109375000000107
0 0.4100185185185185 0.42971354166666664 0.01135185185185179 0.008541666666666715
0 0.41816666666666663 0.40947395833333333 0.02183333333333337 0.010640625000000093
0 0.45466666666666666 0.42442708333333334 0.01506481481481485 0.006124999999999936
0 0.5023425925925925 0.4065833333333333 0.009972222222222153 0.01100520833333345
0 0.49197222222222226 0.38505729166666663 0.013685185185185213 0.00625
0 0.45827777777777773 0.3932083333333333 0.023435185185185187 0.0055052083333333
0 0.4084166666666666 0.38078124999999996 0.021250000000000095 0.005255208333333261
0 0.3893425925925926 0.38616666666666666 0.013972222222222304 0.00649479166666671
0 0.5608333333333333 0.374296875 0.013101851851851936 0.0060729166666667386
0 0.5919814814814816 0.3829375 0.01135185185185179 0.0109010416666667
0 0.6146944444444444 0.3934427083333333 0.018925925925925922 0.005036458333333371
0 0.5656759259259259 0.4098020833333333 0.009972222222222153 0.009572916666666664
0 0.5337500000000001 0.42252604166666663 0.01775925925925937 0.008906249999999893
0 0.5299722222222222 0.4344374999999999 0.019509259259259202 0.004114583333333322
0 0.5662222222222222 0.4424479166666666 0.018055555555555554 0.005760416666666579
0 0.5837592592592593 0.4321041666666666 0.009462962962963041 0.005140624999999943
0 0.6441388888888888 0.43161458333333336 0.01608333333333323 0.005671874999999993
0 0.6393703703703704 0.43869791666666663 0.011787037037037054 0.003781249999999936
0 0.6598240740740741 0.41834375 0.016009259259259227 0.006005208333333378
0 0.6678333333333333 0.395328125 0.020379629629629567 0.005281250000000082
0 0.6855925925925926 0.4080052083333333 0.02562037037037044 0.004989583333333237
0 0.6439907407407407 0.35557812499999997 0.010555555555555587 0.005020833333333386
0 0.6316944444444444 0.36469270833333334 0.02205555555555555 0.0035781249999999433
0 0.6365277777777778 0.3741979166666667 0.013101851851851936 0.005598958333333304
0 0.6425740740740741 0.37026041666666665 0.019944444444444463 0.00390625
0 0.7085555555555555 0.39874479166666665 0.018268518518518562 0.007125000000000048
0 0.7519351851851852 0.4149895833333333 0.010259259259259086 0.0167604166666667
0 0.709537037037037 0.41439062499999996 0.010629629629629593 0.013505208333333307
0 0.7304259259259259 0.4189375 0.016009259259259227 0.011781249999999943
0 0.7238055555555556 0.42440625 0.016157407407407554 0.005348958333333265
0 0.7187777777777777 0.4276197916666666 0.01019444444444433 0.0075156250000000925
0 0.7251851851851852 0.43206249999999996 0.014851851851851923 0.0039531249999999575
0 0.7234722222222222 0.4401093749999999 0.010259259259259086 0.00955729166666668
0 0.709287037037037 0.44056249999999997 0.008083333333333324 0.006906249999999936
0 0.6892685185185184 0.45609374999999996 0.020305555555555563 0.00625
0 0.6839166666666666 0.47653645833333336 0.014703703703703752 0.010880208333333386
0 0.6606944444444444 0.47759895833333327 0.018629629629629583 0.006458333333333321
0 0.5911851851851851 0.4901510416666667 0.010629629629629593 0.004953124999999936
0 0.770824074074074 0.44421874999999994 0.015287037037037028 0.007072916666666628
0 0.6303796296296296 0.40183333333333326 0.011574074074074127 0.007234375000000038
0 0.713287037037037 0.4713489583333333 0.01608333333333323 0.005625000000000035
0 0.7703888888888888 0.4727447916666666 0.01033333333333341 0.006114583333333279
0 0.7791574074074075 0.46580208333333334 0.010990740740740534 0.0089479166666667
0 0.6065833333333334 0.4895677083333333 0.011138888888888863 0.00521875000000005
0 0.8081296296296295 0.4574375 0.013462962962963034 0.006838541666666665
0 0.7935370370370369 0.44259375 0.009898148148148303 0.004828125000000049
0 0.8039814814814813 0.44013541666666656 0.014481481481481574 0.006640625
0 0.8365925925925924 0.44188020833333325 0.013324074074074273 0.007895833333333435
0 0.8637777777777778 0.4582395833333333 0.013537037037037042 0.0033645833333332932
0 0.833861111111111 0.4784062499999999 0.006694444444444356 0.0042031249999999075
0 0.778537037037037 0.42387499999999995 0.007861111111111225 0.007223958333333336
0 0.8057314814814814 0.4284427083333333 0.01389814814814814 0.008874999999999921
0 0.7922592592592592 0.408703125 0.01900000000000009 0.005421875000000043
0 0.8112592592592591 0.42080208333333335 0.02030555555555572 0.009276041666666578
0 0.8458333333333333 0.412921875 0.006620370370370349 0.008124999999999893
0 0.8400092592592592 0.4065729166666666 0.012444444444444496 0.002796874999999943
0 0.8808425925925925 0.41337499999999994 0.012157407407407403 0.006572916666666551
0 0.885287037037037 0.41853125 0.009824074074073982 0.007677083333333279
0 0.9083981481481481 0.4190677083333333 0.01019444444444433 0.0073124999999999215
0 0.9190555555555556 0.3975833333333333 0.0128796296296296 0.004062499999999946
0 0.9047222222222222 0.405671875 0.008083333333333245 0.004270833333333357
0 0.8954351851851853 0.403625 0.007574074074074133 0.004739583333333286
0 0.9063888888888888 0.4100208333333333 0.009824074074073982 0.004364583333333449
0 0.9195277777777777 0.41182291666666665 0.007574074074074133 0.0063333333333334355
0 0.9386388888888888 0.3954791666666667 0.00793518518518523 0.008864583333333353
0 0.9303425925925924 0.4026875 0.0128796296296296 0.004567708333333265
0 0.9426018518518517 0.3853229166666667 0.012370370370370488 0.004927083333333382
0 0.877898148148148 0.4334791666666666 0.011064814814814857 0.0029687499999999645
0 0.8728055555555555 0.431265625 0.009611111111111213 0.003463541666666714
0 0.9399074074074074 0.4321041666666666 0.010481481481481423 0.006369791666666735
0 0.8669074074074073 0.44609375 0.015287037037037028 0.008546875000000042
0 0.9553425925925925 0.43462499999999993 0.011648148148147975 0.005265625000000007
0 0.9491203703703702 0.44072395833333333 0.010259259259259086 0.004640625000000042
0 0.943111111111111 0.45002604166666665 0.009898148148148303 0.0049479166666666075
0 0.942824074074074 0.4590729166666666 0.01630555555555557 0.003973958333333449
0 0.9116666666666666 0.45862499999999995 0.008731481481481436 0.004130208333333307
0 0.9157129629629629 0.4566354166666667 0.01157407407407397 0.002708333333333357
0 0.9326666666666666 0.46491145833333325 0.01696296296296301 0.0025416666666666643
0 0.9351759259259258 0.4761354166666666 0.009749999999999974 0.006807291666666692
0 0.9021018518518519 0.4735729166666666 0.005314814814814718 0.0044583333333333645
0 0.876148148148148 0.4698645833333333 0.012814814814814845 0.004916666666666636
0 0.9576759259259259 0.46953645833333335 0.006990740740741014 0.005567708333333421
0 0.969898148148148 0.47842708333333334 0.008731481481481436 0.004989583333333237
0 0.9419537037037036 0.49697916666666664 0.018055555555555554 0.004734374999999957
0 0.9218981481481481 0.48534895833333336 0.012305555555555417 0.004760416666666778
0 0.8834999999999998 0.4891562499999999 0.00829629629629633 0.0066510416666666575
0 0.8886666666666666 0.5017916666666666 0.016888888888889002 0.006942708333333237
0 0.8975092592592592 0.49720312499999997 0.013027777777777614 0.007145833333333407
0 0.9084629629629628 0.5151041666666666 0.0151388888888887 0.006541666666666579
0 0.8528611111111111 0.49572916666666667 0.007574074074074133 0.012838541666666713
0 0.8332037037037037 0.4995208333333333 0.01426851851851849 0.0069010416666666075
0 0.8395370370370371 0.5054166666666666 0.01470370370370391 0.0072343749999999925
0 0.824324074074074 0.5096302083333333 0.011648148148147975 0.008083333333333265
0 0.8062685185185186 0.515453125 0.012814814814814845 0.008468749999999936
0 0.7912407407407407 0.5023645833333333 0.007351851851851797 0.004812500000000064
0 0.7793425925925926 0.5006875 0.011935185185185384 0.005552083333333435
0 0.7778518518518518 0.511640625 0.009685185185185219 0.011494791666666693
0 0.8048148148148149 0.5283229166666666 0.027370370370370427 0.006734375000000093
0 0.8623888888888889 0.5282812499999999 0.012666666666666831 0.004359374999999943
0 0.8935833333333333 0.525640625 0.012157407407407403 0.0075937500000000215
0 0.9561111111111109 0.5231614583333333 0.019583333333333522 0.0039531249999999575
0 0.9630555555555553 0.5258645833333333 0.015435185185185357 0.006734375000000093
0 0.9272499999999998 0.4695520833333333 0.009611111111111213 0.005927083333333449
0 0.8985277777777777 0.5414479166666666 0.010990740740740534 0.006010416666666707
0 0.9089074074074074 0.548390625 0.01426851851851849 0.007203125000000021
0 0.8684722222222222 0.5432708333333333 0.020166666666666642 0.005968750000000078
0 0.8052499999999999 0.5449739583333333 0.01426851851851849 0.009781250000000163
0 0.6957777777777778 0.5334427083333333 0.027074074074074084 0.009239583333333279
0 0.6475925925925926 0.5171197916666667 0.01572222222222229 0.006619791666666685
0 0.6161481481481481 0.5314947916666666 0.011648148148148133 0.008203125
0 0.9201111111111111 0.56265625 0.018055555555555554 0.008895833333333237
0 0.9509722222222221 0.5564739583333334 0.011648148148147975 0.008979166666666493
0 0.967648148148148 0.566796875 0.01470370370370391 0.004713541666666821
0 0.9627685185185184 0.5779375 0.01426851851851849 0.0061041666666666215
0 0.9088703703703703 0.5816197916666667 0.013611111111111048 0.002901041666666693
0 0.9725555555555554 0.5997864583333332 0.0104074074074071 0.005994791666666721
0 0.952212962962963 0.6027760416666667 0.010629629629629751 0.005223958333333378
0 0.9605462962962963 0.6073020833333332 0.015064814814814692 0.004770833333333257
0 0.9756851851851852 0.61315625 0.008083333333333245 0.005343750000000114
0 0.9634907407407406 0.6005052083333333 0.0075740740740738175 0.006197916666666714
0 0.8798981481481482 0.6052135416666666 0.013324074074074273 0.008250000000000136
0 0.8231574074074074 0.585265625 0.01223148148148141 0.006843749999999993
0 0.9524351851851852 0.6273072916666667 0.011648148148147975 0.0069947916666665225
0 0.9630555555555553 0.6310781249999999 0.013685185185185371 0.007979166666666693
0 0.9307407407407408 0.6334895833333333 0.011351851851851948 0.007666666666666622
0 0.9247314814814814 0.6388125 0.01389814814814814 0.006843749999999993
0 0.8395370370370371 0.6207916666666666 0.014416666666666503 0.008489583333333429
0 0.761898148148148 0.576953125 0.021490740740740776 0.004052083333333378
0 0.8708148148148148 0.6313385416666667 0.015722222222222134 0.009916666666666707
0 0.8415555555555555 0.641109375 0.028240740740740636 0.007166666666666721
0 0.8619351851851851 0.6503645833333334 0.010768518518518514 0.009713541666666714
0 0.9074629629629628 0.6424010416666667 0.012157407407407403 0.005651041666666678
0 0.9562685185185185 0.6495468750000001 0.008444444444444343 0.006671874999999971
0 0.9638333333333334 0.6628124999999999 0.013685185185185371 0.016166666666666708
0 0.913287037037037 0.6612604166666666 0.012157407407407403 0.004536458333333293
0 0.901898148148148 0.6667239583333332 0.013833333333333383 0.007932291666666735
0 0.9100833333333334 0.6782968749999999 0.009824074074073982 0.006489583333333293
0 0.9331944444444444 0.6734635416666667 0.015287037037037028 0.00841666666666665
0 0.9269537037037037 0.6672604166666667 0.013833333333333383 0.003994791666666764
0 0.933212962962963 0.6642499999999999 0.0202314814814814 0.0038750000000000286
0 0.8762222222222222 0.6787291666666666 0.012814814814814845 0.005625000000000035
0 0.8921944444444444 0.6967187499999999 0.018564814814814666 0.005380208333333236
0 0.9058425925925925 0.6932395833333332 0.013833333333333383 0.007317708333333428
0 0.933037037037037 0.6939583333333333 0.01404629629629647 0.009270833333333428
0 0.9150185185185185 0.6973541666666667 0.010046296296296317 0.0044062500000000785
0 0.9187314814814815 0.7023489583333333 0.024453703703703884 0.004239583333333208
0 0.9231666666666666 0.7194895833333333 0.012083333333333397 0.009677083333333236
0 0.890962962962963 0.7150260416666666 0.019583333333333522 0.006786458333333379
0 0.8446666666666667 0.7101354166666667 0.01900000000000009 0.0031406250000001633
0 0.835898148148148 0.6954895833333332 0.015435185185185357 0.006203124999999865
0 0.8409907407407408 0.6880364583333333 0.00931481481481487 0.00930729166666655
0 0.8099814814814814 0.670796875 0.011351851851851948 0.013312499999999972
0 0.7787222222222222 0.662359375 0.02278703703703684 0.004625000000000057
0 0.7385462962962963 0.6468333333333334 0.015796296296296142 0.005947916666666764
0 0.7545925925925925 0.6896718749999999 0.019361111111111187 0.00870833333333323
0 0.7946296296296296 0.6936249999999999 0.012083333333333397 0.006125000000000114
0 0.7834537037037036 0.69309375 0.014342592592592495 0.005093750000000163
0 0.8035462962962963 0.6985625 0.00793518518518523 0.006494791666666622
0 0.81275 0.7059739583333333 0.00931481481481487 0.0055885416666667355
0 0.8074351851851851 0.7165208333333333 0.009749999999999974 0.010291666666666721
0 0.7798888888888889 0.7173229166666666 0.020453703703703734 0.009734375000000028
0 0.7413425925925926 0.70628125 0.012370370370370172 0.007843749999999972
0 0.7194351851851852 0.6979270833333333 0.01659259259259266 0.004932291666666621
0 0.8253796296296296 0.719359375 0.01389814814814814 0.006244791666666494
0 0.8491111111111109 0.7218802083333333 0.01885185185185176 0.010625000000000107
0 0.8382222222222222 0.7290677083333332 0.018055555555555554 0.0056666666666666645
0 0.8874722222222222 0.7386927083333333 0.010555555555555745 0.010166666666666657
0 0.8713796296296296 0.7502812499999999 0.009240740740740864 0.004182291666666771
0 0.8538796296296296 0.7422187499999999 0.00887962962962945 0.008348958333333378
0 0.8719629629629628 0.7393906250000001 0.016814814814814998 0.006317708333333449
0 0.7532499999999999 0.7366354166666665 0.01913888888888885 0.007723958333333236
0 0.7853055555555555 0.750828125 0.02562037037037044 0.004317708333333314
0 0.7633981481481481 0.7551666666666667 0.018490740740740662 0.010374999999999978
0 0.679074074074074 0.7522395833333333 0.02336111111111118 0.0035416666666668204
0 0.7944814814814815 0.77515625 0.016009259259259227 0.004796875000000078
0 0.8219907407407406 0.7755624999999999 0.007574074074074133 0.007255208333333307
0 0.864648148148148 0.758671875 0.028240740740740636 0.008505208333333236
0 0.7942592592592591 0.7810052083333333 0.017907407407407226 0.004562500000000113
0 0.7691481481481481 0.7832552083333333 0.01717592592592578 0.0041510416666666215
0 0.7729351851851851 0.8019114583333333 0.015435185185185357 0.0061510416666666675
0 0.7209999999999999 0.789703125 0.006481481481481587 0.009270833333333428
0 0.6887592592592592 0.8257552083333334 0.017833333333333378 0.0055416666666666
0 0.6996759259259259 0.8222135416666667 0.013462962962962876 0.007307291666666771
0 0.7025092592592592 0.8157604166666665 0.01798148148148147 0.00915104166666687
0 0.7238055555555556 0.8191197916666667 0.0151388888888887 0.0057083333333334705
0 0.5983888888888889 0.7575260416666667 0.01659259259259266 0.010307291666666708
0 0.5970462962962962 0.7207083333333333 0.019287037037037023 0.007911458333333421
0 0.6221944444444445 0.79803125 0.017027777777777923 0.0069739583333332964
0 0.5789166666666666 0.7795364583333333 0.012592592592592508 0.010770833333333308
0 0.562287037037037 0.7855989583333333 0.010194444444444489 0.013390625000000078
0 0.5416481481481482 0.76446875 0.0031296296296297833 0.009859374999999915
0 0.5324444444444444 0.758734375 0.01747222222222212 0.011437500000000078
0 0.5141759259259259 0.7459166666666667 0.008879629629629607 0.01779687499999998
0 0.522148148148148 0.7850260416666666 0.0242407407407408 0.006760416666666736
0 0.5329907407407407 0.789859375 0.007638888888888889 0.011421874999999915
0 0.6014444444444444 0.8117916666666666 0.010481481481481423 0.004812499999999886
0 0.61575 0.8110729166666666 0.017546296296296286 0.005020833333333386
0 0.617574074074074 0.8149218749999999 0.01084259259259268 0.007145833333333229
0 0.602361111111111 0.8207604166666667 0.015212962962963022 0.0057083333333334705
0 0.5953703703703703 0.82659375 0.014629629629629588 0.005911458333333286
0 0.5954444444444444 0.8308958333333333 0.013027777777777772 0.007958333333333557
0 0.6028333333333333 0.8317552083333333 0.009166666666666698 0.005416666666666714
0 0.6112407407407408 0.8309791666666666 0.012009259259259232 0.006156250000000085
0 0.506861111111111 0.8098645833333332 0.01987037037037046 0.009484374999999901
0 0.45754629629629623 0.7857447916666667 0.014703703703703752 0.009416666666666629
0 0.42362962962962963 0.7891458333333333 0.009462962962963041 0.00803124999999998
0 0.42679629629629623 0.803171875 0.01987037037037046 0.006906250000000114
0 0.45149999999999996 0.8055625 0.022129629629629555 0.010713541666666871
0 0.4927037037037037 0.8242604166666666 0.007861111111111067 0.008125000000000071
0 0.5083518518518518 0.8259791666666667 0.011787037037037054 0.007958333333333557
0 0.5221111111111111 0.8262291666666666 0.01135185185185179 0.007468749999999957
0 0.49612037037037027 0.8368125 0.02169444444444445 0.006354166666666572
0 0.3884722222222222 0.8089479166666667 0.014851851851851765 0.005463541666666671
0 0.37849999999999995 0.8026406249999999 0.01674074074074083 0.005953124999999915
0 0.32558333333333334 0.8057083333333332 0.02067592592592599 0.008380208333333528
0 0.2853333333333333 0.8068333333333332 0.0181944444444444 0.005718750000000128
0 0.3239814814814815 0.7890416666666666 0.013972222222222226 0.006505208333333279
0 0.30439814814814814 0.7743958333333333 0.017027777777777767 0.009994791666666636
0 0.2956296296296296 0.7616249999999999 0.011425925925925956 0.010312500000000035
0 0.3332222222222222 0.7776510416666665 0.009749999999999974 0.011265625000000057
0 0.3457037037037037 0.77759375 0.01608333333333331 0.011796875000000106
0 0.36474074074074075 0.7861302083333332 0.013972222222222304 0.006588541666666714
0 0.38075 0.7796614583333333 0.018055555555555554 0.009953125000000007
0 0.3647037037037037 0.7557812499999998 0.02627777777777776 0.012421874999999893
0 0.3884722222222222 0.73278125 0.027953703703703703 0.00544270833333318
0 0.31229629629629624 0.7490364583333333 0.013175925925925943 0.007078125000000135
0 0.30833333333333335 0.7388385416666666 0.026351851851851887 0.010281249999999886
0 0.42224074074074075 0.7245260416666666 0.028537037037037135 0.004906249999999978
0 0.3291851851851852 0.7214947916666666 0.020740740740740747 0.012624999999999886
0 0.31080555555555556 0.720328125 0.013833333333333383 0.01455208333333342
0 0.2837314814814815 0.7208802083333332 0.014990740740740765 0.016312500000000084
0 0.2526851851851851 0.7539739583333334 0.011138888888888863 0.0074479166666668204
0 0.2449722222222222 0.7508020833333333 0.01900000000000001 0.0038125000000000854
0 0.2373611111111111 0.7451666666666666 0.02780555555555553 0.005244791666666693
0 0.2164722222222222 0.7475416666666665 0.013685185185185134 0.01130208333333318
0 0.22025925925925924 0.7556302083333333 0.0154351851851852 0.0078125
0 0.20362037037037034 0.7643125 0.0178333333333333 0.006828125000000007
0 0.2016574074074074 0.7373072916666666 0.012444444444444416 0.005895833333333478
0 0.21181481481481482 0.7226874999999999 0.01019444444444441 0.008588541666666494
0 0.2222962962962963 0.7208645833333333 0.0154351851851852 0.005354166666666771
0 0.18124074074074076 0.7313958333333332 0.016009259259259286 0.008796874999999992
0 0.252462962962963 0.7030937500000001 0.015064814814814772 0.010765624999999978
0 0.1953611111111111 0.686015625 0.018055555555555554 0.01111458333333335
0 0.279287037037037 0.6803645833333333 0.01557407407407412 0.013619791666666714
0 0.3098240740740741 0.6748125 0.015796296296296218 0.01427604166666665
0 0.19899999999999995 0.6623541666666666 0.009611111111111133 0.007255208333333307
0 0.32888888888888884 0.6679270833333334 0.012592592592592588 0.009218749999999965
0 0.3661203703703704 0.6698697916666667 0.013101851851851778 0.009833333333333449
0 0.38864814814814813 0.6876666666666666 0.023944444444444456 0.012317708333333321
0 0.3452314814814815 0.655109375 0.018490740740740738 0.008546874999999865
0 0.46467592592592594 0.695328125 0.01979629629629629 0.010374999999999978
0 0.5071851851851851 0.6885052083333333 0.01338888888888887 0.011046875000000077
0 0.46569444444444436 0.6589583333333333 0.02067592592592591 0.009697916666666551
0 0.49059259259259264 0.651296875 0.01747222222222212 0.012994791666666571
0 0.5123888888888888 0.6487135416666666 0.016814814814814838 0.015703125000000106
0 0.422787037037037 0.6358541666666666 0.01506481481481485 0.011942708333333307
0 0.5257499999999999 0.6329947916666666 0.009749999999999974 0.011812499999999915
0 0.5326666666666666 0.6276041666666666 0.014851851851851765 0.012479166666666685
0 0.35840740740740734 0.6324375 0.020962962962962964 0.005380208333333236
0 0.30622222222222223 0.6436354166666666 0.014990740740740765 0.012755208333333278
0 0.2744814814814815 0.6460156249999999 0.026351851851851887 0.01001562499999995
0 0.26290740740740737 0.6291822916666666 0.024453703703703648 0.0066510416666666575
0 0.3428333333333333 0.6118177083333334 0.027657407407407398 0.006312499999999943
0 0.4203518518518518 0.603984375 0.013833333333333383 0.0073124999999999215
0 0.3278333333333333 0.5955885416666666 0.012518518518518502 0.01111458333333335
0 0.5582499999999999 0.6239114583333334 0.016814814814814838 0.005927083333333449
0 0.5763333333333334 0.6347604166666667 0.02154629629629628 0.007578125000000035
0 0.5655648148148147 0.5999739583333333 0.02911111111111116 0.005958333333333421
0 0.5227592592592593 0.5961822916666667 0.01338888888888887 0.009406249999999972
0 0.5574074074074074 0.5778333333333333 0.018629629629629583 0.004671874999999837
0 0.4807685185185185 0.5768906250000001 0.015287037037037028 0.004583333333333428
0 0.5881296296296296 0.5759114583333333 0.018925925925925922 0.009833333333333449
0 0.6469444444444444 0.5705677083333333 0.009027777777777777 0.005354166666666771
0 0.6548703703703703 0.5748697916666666 0.014990740740740844 0.007401041666666686
0 0.4987407407407407 0.553859375 0.011935185185185226 0.010359374999999994
0 0.4948148148148148 0.5312916666666667 0.010481481481481423 0.009395833333333315
0 0.4819629629629629 0.5287760416666666 0.01404629629629631 0.006453124999999993
0 0.531787037037037 0.531453125 0.012231481481481567 0.007427083333333329
0 0.5315370370370369 0.518390625 0.016379629629629733 0.006572916666666551
0 0.679 0.6677656249999999 0.01186111111111106 0.00806770833333328
0 0.24949074074074074 0.5809479166666667 0.01546296296296303 0.014786458333333207
0 0.20830555555555555 0.5813541666666666 0.014888888888888847 0.010718750000000022
0 0.18865740740740738 0.5834322916666667 0.02182407407407406 0.015682291666666792
0 0.19082407407407406 0.596515625 0.011416666666666625 0.008541666666666715
0 0.18309259259259258 0.6098541666666667 0.017916666666666695 0.011135416666666665
0 0.2589814814814814 0.8013697916666667 0.022333333333333313 0.009171875000000097
0 0.1358148148148148 0.7353020833333332 0.015361111111111075 0.007213541666666679
0 0.1439537037037037 0.72259375 0.012268518518518531 0.005026041666666714
0 0.11829629629629629 0.7274062499999999 0.008064814814814822 0.00847916666666677
0 0.09805555555555555 0.7120052083333333 0.007231481481481497 0.008177083333333179
0 0.10222222222222221 0.7051197916666666 0.018527777777777782 0.011479166666666707
0 0.14579629629629628 0.6989270833333333 0.014009259259259268 0.004906249999999978
0 0.08875925925925926 0.6838177083333333 0.015490740740740734 0.007526041666666572
0 0.10932407407407406 0.6835052083333333 0.018916666666666672 0.007781250000000029
0 0.09718518518518518 0.675734375 0.008453703703703713 0.004447916666666707
0 0.10857407407407407 0.6742812499999999 0.015879629629629636 0.004447916666666707
0 0.09940740740740739 0.6681979166666666 0.017425925925925907 0.0053593749999999215
0 0.14708333333333332 0.66134375 0.01659259259259262 0.004531249999999964
0 0.13433333333333333 0.6626666666666666 0.016268518518518526 0.0082760416666666
0 0.10092592592592592 0.6577447916666666 0.010777777777777765 0.00532812499999995
0 0.11361111111111111 0.6485052083333334 0.008388888888888878 0.010442708333333429
0 0.14078703703703704 0.6300833333333333 0.013685185185185174 0.006281249999999972
0 0.12562037037037035 0.6275052083333332 0.0102037037037037 0.007661458333333293
0 0.12245370370370369 0.6212187499999999 0.007999999999999988 0.013250000000000029
0 0.10932407407407406 0.6236354166666667 0.01723148148148148 0.010453125000000086
0 0.07052777777777777 0.6243645833333333 0.008064814814814822 0.006098958333333293
0 0.0866574074074074 0.6235625 0.011296296296296285 0.007124999999999914
0 0.15602777777777777 0.6221614583333333 0.015231481481481485 0.005197916666666735
0 0.1583148148148148 0.6142447916666666 0.020333333333333314 0.008015624999999993
0 0.13630555555555557 0.6145208333333334 0.016981481481481472 0.011828125000000078
0 0.12752777777777777 0.6039114583333334 0.012333333333333326 0.0036875000000000215
0 0.12445370370370369 0.6001874999999999 0.013296296296296322 0.005322916666666622
0 0.10863888888888888 0.6043489583333332 0.02168518518518516 0.006010416666666707
0 0.08324074074074074 0.6182604166666665 0.009101851851851863 0.005510416666666629
0 0.08113888888888889 0.6156822916666667 0.013166666666666672 0.005437500000000028
0 0.06762037037037037 0.6136666666666667 0.011296296296296285 0.00685416666666665
0 0.11599999999999999 0.5959583333333333 0.015750000000000004 0.007140625000000078
0 0.08024074074074074 0.608578125 0.014462962962962974 0.004770833333333257
0 0.0664537037037037 0.6068177083333333 0.0063888888888889005 0.006593749999999865
0 0.14165740740740743 0.5814843749999999 0.016074074074074098 0.009583333333333322
0 0.1164537037037037 0.5796666666666667 0.013037037037037062 0.004499999999999993
0 0.11019444444444446 0.5887447916666667 0.013944444444444433 0.0037656249999999504
0 0.10273148148148148 0.5830833333333333 0.011814814814814806 0.008145833333333208
0 0.08330555555555555 0.578921875 0.020722222222222225 0.007453124999999972
0 0.06438888888888888 0.5875104166666667 0.012583333333333337 0.009140625000000036
0 0.07659259259259259 0.59165625 0.009879629629629625 0.006406250000000035
0 0.09395370370370369 0.5941041666666667 0.014907407407407399 0.005859375
0 0.08169444444444444 0.597390625 0.013620370370370378 0.0053593749999999215
0 0.07142592592592592 0.5992291666666667 0.012462962962962978 0.006661458333333314
0 0.9546296296296295 0.44849999999999995 0.00856481481481492 0.004770833333333435
0 0.9099629629629629 0.4536666666666666 0.010907407407407277 0.0047916666666667496