0 0.4728981481481482 0.2380677083333333 0.0072870370370370415 0.010994791666666703
0 0.31223148148148144 0.26321874999999995 0.007518518518518549 0.0094114583333333
0 0.2986759259259259 0.31645833333333334 0.009564814814814878 0.012130208333333314
0 0.272037037037037 0.257671875 0.014574074074074083 0.006161458333333325
0 0.22649074074074071 0.25479166666666664 0.014574074074074083 0.004729166666666717
0 0.22973148148148148 0.2619635416666667 0.011953703703703727 0.006541666666666668
0 0.2069537037037037 0.2590520833333333 0.011953703703703727 0.01004687500000001
0 0.2624722222222223 0.23659375 0.01822222222222215 0.006046875000000007
0 0.26924074074074067 0.22570312499999998 0.02835185185185188 0.005479166666666657
0 0.22141666666666665 0.23723437499999997 0.01719444444444444 0.008046875000000054
0 0.651787037037037 0.25988541666666665 0.021861111111110967 0.007869791666666704
0 0.7448796296296295 0.2523229166666666 0.01514814814814795 0.008119791666666654
0 0.7818333333333333 0.27721874999999996 0.015027777777777689 0.006020833333333276
0 0.7073611111111111 0.29621354166666664 0.016398148148148235 0.007505208333333346
0 0.19549999999999998 0.328921875 0.016370370370370403 0.00994791666666659
0 0.20062037037037037 0.3112291666666666 0.010601851851851841 0.010145833333333344
0 0.11616666666666665 0.31175520833333337 0.016925925925925928 0.009098958333333318
0 0.8707407407407407 0.3516302083333333 0.020092592592592634 0.005317708333333382
0 0.904037037037037 0.37549479166666666 0.016740740740740674 0.008927083333333386
0 0.06463888888888888 0.3701875 0.017675925925925935 0.010875000000000056
0 0.09561111111111112 0.42016666666666663 0.011537037037037044 0.011427083333333421
0 0.14174074074074075 0.426078125 0.016000000000000014 0.007093749999999943
0 0.03962037037037037 0.4333541666666666 0.014138888888888878 0.008505208333333236
0 0.0957962962962963 0.4715572916666666 0.014879629629629626 0.007479166666666615
0 0.04343518518518518 0.4685729166666667 0.009861111111111114 0.010932291666666672
0 0.03589814814814815 0.5272239583333332 0.01376851851851852 0.007901041666666764
0 0.025296296296296292 0.5336562499999999 0.013388888888888888 0.009265624999999921
0 0.09337962962962962 0.5339218750000001 0.014138888888888899 0.008739583333333379
0 0.07580555555555556 0.5494635416666667 0.012092592592592589 0.009484375000000078
0 0.06436111111111112 0.5711666666666667 0.0171111111111111 0.007895833333333258
0 0.03850925925925926 0.5797291666666666 0.013768518518518524 0.00933333333333337
0 0.05068518518518517 0.6021822916666666 0.017675925925925914 0.011333333333333506
0 0.2974351851851852 0.5116979166666666 0.018231481481481557 0.011385416666666615
0 0.2195 0.6099270833333332 0.014879629629629597 0.010083333333333399
0 0.10993518518518519 0.606109375 0.014509259259259248 0.01185937500000005
0 0.07263888888888889 0.6322708333333333 0.016925925925925928 0.009781250000000163
0 0.05226851851851852 0.6438385416666667 0.010787037037037036 0.0109375
0 0.08863888888888888 0.6654427083333333 0.010601851851851831 0.01019791666666663
0 0.10082407407407408 0.6717187499999999 0.014138888888888899 0.006541666666666579
0 0.17103703703703704 0.6921302083333334 0.013203703703703695 0.009671875000000085
0 0.15895370370370368 0.7112343749999999 0.01134259259259258 0.010749999999999992
0 0.12295370370370369 0.7233750000000001 0.011537037037037044 0.0057343750000001135
0 0.149 0.7456145833333332 0.018972222222222217 0.007317708333333428
0 0.17569444444444443 0.7355104166666667 0.015064814814814791 0.007656249999999964
0 0.18052777777777776 0.7405729166666667 0.012833333333333346 0.005911458333333286
0 0.3947222222222222 0.6986041666666666 0.015629629629629625 0.016880208333333258
0 0.1875925925925926 0.7618697916666666 0.01618518518518523 0.008442708333333293
0 0.20637962962962958 0.7595156249999999 0.009490740740740715 0.008963541666666686
0 0.21299074074074073 0.7707135416666666 0.016740740740740754 0.008343750000000049
0 0.24033333333333332 0.7718645833333333 0.010416666666666666 0.008192708333333344
0 0.25512037037037033 0.76940625 0.01618518518518523 0.0057864583333333995
0 0.3862592592592593 0.7933229166666667 0.01618518518518515 0.009229166666666622
0 0.3970462962962963 0.790078125 0.016925925925925848 0.009437499999999942
0 0.503824074074074 0.7231458333333334 0.019157407407407512 0.010510416666666522
0 0.2862777777777778 0.7301041666666667 0.009675925925925968 0.006645833333333506
0 0.5149259259259259 0.7955781249999999 0.013833333333333383 0.00625
0 0.3067407407407407 0.773421875 0.009740740740740723 0.0035781249999999433
0 0.566675925925926 0.7134479166666666 0.01800000000000005 0.007760416666666714
0 0.6447962962962963 0.7173593749999999 0.009509259259259295 0.0060781249999999785
0 0.678861111111111 0.7537291666666667 0.016027777777777728 0.00627604166666682
0 0.6708425925925926 0.7650729166666667 0.013203703703703695 0.008895833333333237
0 0.7423240740740741 0.7579999999999999 0.010925925925925778 0.007124999999999914
0 0.7439351851851852 0.735265625 0.008490740740740913 0.006510416666666607
0 0.7698703703703703 0.7464114583333332 0.010055555555555568 0.00544270833333318
0 0.8345462962962962 0.7147083333333333 0.013518518518518539 0.004536458333333293
0 0.8831203703703703 0.6584218749999999 0.008175925925925753 0.007781250000000029
0 0.6991388888888889 0.6643437499999999 0.02499074074074075 0.007255208333333307
0 0.7127314814814815 0.6424791666666666 0.011944444444444554 0.006401041666666707
0 0.7243703703703703 0.6159895833333333 0.014462962962962757 0.0055885416666667355
0 0.7344259259259259 0.5883854166666667 0.00943518518518513 0.00696354166666655
0 0.8125462962962963 0.598421875 0.010370370370370412 0.008468750000000113
0 0.6609074074074074 0.5259010416666666 0.018157407407407313 0.00798958333333335