0 0.33192592592592596 0.242296875 0.01643518518518516 0.009312499999999968
0 0.3599444444444444 0.23605729166666664 0.014620370370370337 0.01069270833333329
0 0.31484259259259256 0.25274479166666663 0.00854629629629634 0.00986979166666666
0 0.3072777777777778 0.24493229166666666 0.01314814814814819 0.006260416666666657
0 0.3490185185185185 0.25575000000000003 0.015120370370370435 0.011260416666666639
0 0.3715277777777778 0.24349479166666663 0.012814814814814845 0.004927083333333382
0 0.38467592592592587 0.23720833333333333 0.012814814814814845 0.008385416666666678
0 0.3956018518518518 0.242296875 0.012324074074074076 0.009312499999999968
0 0.4094907407407407 0.246640625 0.013805555555555474 0.008760416666666692
0 0.4327407407407407 0.2552395833333333 0.016925925925925848 0.009317708333333296
0 0.45656481481481476 0.25782812499999996 0.011999999999999981 0.010802083333333368
0 0.34827777777777774 0.27202083333333327 0.014953703703703683 0.010531250000000015
0 0.28025 0.26933854166666665 0.01987962962962963 0.007015625000000014
0 0.362574074074074 0.26925 0.009370370370370374 0.008682291666666675
0 0.4660185185185185 0.24247916666666666 0.015120370370370355 0.009682291666666653
0 0.46502777777777776 0.228796875 0.01314814814814819 0.008192708333333344
0 0.4984722222222222 0.22810416666666664 0.016925925925925848 0.0058802083333333146
0 0.5008518518518518 0.23272395833333331 0.013805555555555632 0.004036458333333303
0 0.5180277777777778 0.23771874999999998 0.01889814814814817 0.01402604166666661
0 0.4925555555555555 0.2419739583333333 0.015611111111110966 0.01143749999999999
0 0.5830925925925926 0.23328124999999997 0.017583333333333288 0.008843750000000039
0 0.5300555555555555 0.252359375 0.011712962962963046 0.00372916666666665
0 0.5735185185185184 0.24072395833333332 0.00852777777777776 0.004958333333333354
0 0.5896018518518519 0.24470312499999997 0.010768518518518672 0.006192708333333297
0 0.6005925925925926 0.245265625 0.01121296296296287 0.0028281250000000034
0 0.5946574074074074 0.2563020833333333 0.010120370370370483 0.0038750000000000286
0 0.5650185185185185 0.26027083333333334 0.008870370370370355 0.0031197916666666713
0 0.5534074074074073 0.25997916666666665 0.008574074074074014 0.00841666666666665
0 0.5733240740740742 0.268671875 0.010916666666666686 0.003375000000000039
0 0.6465277777777778 0.25609374999999995 0.007379629629629707 0.006536458333333339
0 0.6677222222222222 0.2399375 0.011064814814814857 0.005630208333333275
0 0.6676388888888888 0.2602864583333333 0.009722222222222222 0.006229166666666686
0 0.6983518518518519 0.25871354166666666 0.01530555555555553 0.006453124999999993
0 0.6679444444444443 0.29365625 0.013611111111111206 0.006791666666666618
0 0.7217777777777777 0.28605729166666666 0.010314814814814907 0.006734375000000003
0 0.7184166666666667 0.2754947916666667 0.007083333333333523 0.008328124999999974
0 0.6063703703703703 0.2885677083333333 0.013805555555555632 0.0075468749999999755
0 0.5563518518518519 0.2930833333333333 0.01495370370370384 0.0070468749999999854
0 0.5699351851851852 0.3103854166666667 0.018194444444444475 0.0037708333333333678
0 0.647 0.324890625 0.007629629629629638 0.0078489583333333
0 0.733148148148148 0.27588541666666666 0.016796296296296493 0.005473958333333329
0 0.7418240740740739 0.26668749999999997 0.008527777777777917 0.007536458333333318
0 0.745611111111111 0.26253125 0.011814814814814806 0.006380208333333304
0 0.7450648148148147 0.2544166666666666 0.017898148148147976 0.004020833333333318
0 0.7742037037037036 0.28683854166666667 0.009972222222222311 0.008302083333333331
0 0.7557037037037035 0.30822916666666667 0.009870370370370552 0.005932291666666689
0 0.7343425925925926 0.31357291666666665 0.010416666666666666 0.0027291666666666714
0 0.734148148148148 0.31691145833333334 0.008824074074073944 0.003348958333333396
0 0.74 0.3239791666666666 0.0065833333333333455 0.005182291666666661
0 0.7947407407407407 0.32088020833333336 0.009768518518518477 0.004104166666666753
0 0.8491018518518517 0.31169270833333335 0.013212962962962945 0.005291666666666739
0 0.8056296296296296 0.32790625 0.01440740740740725 0.004906250000000068
0 0.7504259259259258 0.3393125 0.009666666666666717 0.005281250000000082
0 0.8226851851851851 0.32967708333333334 0.012212962962962908 0.0047968749999999895
0 0.8376666666666666 0.3317916666666666 0.012666666666666831 0.007072916666666628
0 0.8573333333333333 0.33430208333333333 0.013712962962962807 0.009010416666666642
0 0.8677962962962962 0.32784895833333333 0.01470370370370391 0.005020833333333386
0 0.87525 0.3337552083333333 0.0132592592592592 0.004270833333333357
0 0.8271944444444443 0.3480729166666666 0.0076759259259258925 0.0032708333333332897
0 0.8195185185185184 0.3518072916666667 0.011064814814814857 0.005343750000000025
0 0.828861111111111 0.36282812499999995 0.013805555555555632 0.004046874999999961
0 0.8809814814814814 0.3668125 0.007175925925926031 0.00841145833333341
0 0.8000277777777778 0.36422395833333326 0.017148148148148027 0.00575000000000001
0 0.779685185185185 0.37410937499999997 0.009972222222222311 0.005057291666666686
0 0.7660277777777778 0.37230208333333337 0.009370370370370374 0.006203125000000043
0 0.7967870370370369 0.38227083333333334 0.02063888888888875 0.004979166666666668
0 0.8503796296296297 0.3744166666666667 0.008175925925925753 0.0051145833333333
0 0.898287037037037 0.3804322916666666 0.01405555555555572 0.00781770833333333
0 0.8874907407407407 0.38465625 0.01072222222222226 0.007083333333333286
0 0.8999537037037038 0.39180729166666667 0.01620370370370381 0.007218749999999918
0 0.8569814814814815 0.40024999999999994 0.005537037037037054 0.005744791666666638
0 0.7783888888888888 0.4029166666666667 0.008379629629629588 0.0071458333333333625
0 0.8170000000000001 0.41096354166666665 0.01261111111111101 0.008723958333333393
0 0.8401018518518517 0.41500520833333326 0.0077777777777779675 0.012817708333333223
0 0.8571018518518517 0.41828645833333333 0.012666666666666831 0.004739583333333286
0 0.8664259259259258 0.4177239583333333 0.008972222222222272 0.010348958333333335
0 0.8728611111111112 0.4206302083333333 0.011064814814814857 0.00696354166666655
0 0.8834537037037036 0.419546875 0.008324074074074083 0.0072604166666666355
0 0.8819814814814815 0.41202083333333334 0.006185185185185244 0.007125000000000092
0 0.9035185185185185 0.4111041666666667 0.01654629629629609 0.004515624999999979
0 0.9002777777777777 0.41661979166666663 0.00587962962962965 0.009593749999999979
0 0.8792870370370369 0.43235416666666665 0.00877777777777769 0.012218750000000079
0 0.8000277777777778 0.4296302083333333 0.026120370370370297 0.007000000000000029
0 0.9079537037037038 0.4399635416666666 0.00867592592592593 0.004963541666666594
0 0.9012222222222223 0.4430052083333333 0.01275925925925934 0.007406250000000014
0 0.823435185185185 0.45056250000000003 0.012712962962963086 0.005239583333333364
0 0.8911574074074073 0.4578125 0.01735185185185186 0.006723958333333435
0 0.9174999999999999 0.46256770833333327 0.009027777777777777 0.008151041666666714
0 0.8985833333333334 0.47039583333333324 0.01146296296296296 0.005395833333333222
0 0.8179259259259258 0.4723593749999999 0.011268518518518691 0.0086302083333333
0 0.8960648148148148 0.48497395833333334 0.01201851851851864 0.0055364583333334496
0 0.9035185185185185 0.4895312499999999 0.0065833333333333455 0.006942708333333237
0 0.9191944444444443 0.49303645833333326 0.007629629629629638 0.007223958333333336
0 0.9273703703703703 0.49375 0.00922222222222236 0.005510416666666629
0 0.8778148148148148 0.501375 0.0066296296296296 0.006369791666666735
0 0.8587499999999999 0.5088593749999999 0.016351851851851822 0.00838020833333335
0 0.9088796296296296 0.5148229166666667 0.01530555555555553 0.008874999999999921
0 0.8952685185185184 0.5418125 0.011611111111110971 0.005296874999999979
0 0.8771666666666665 0.5427916666666667 0.010916666666666528 0.008447916666666621
0 0.8604722222222222 0.5439999999999999 0.020490740740740736 0.005812499999999865
0 0.9004259259259259 0.5504791666666666 0.010768518518518514 0.0098385416666666
0 0.9047407407407407 0.5802135416666666 0.014611111111111085 0.011213541666666771
0 0.7973055555555555 0.5723020833333333 0.008824074074073944 0.011333333333333506
0 0.9096018518518518 0.5899479166666667 0.024324074074074057 0.005453124999999837
0 0.9050370370370371 0.5875885416666666 0.00802777777777774 0.0048697916666666785
0 0.9252499999999999 0.5972552083333333 0.008972222222222272 0.0074479166666668204
0 0.9034444444444445 0.5966510416666666 0.01121296296296287 0.008624999999999971
0 0.876898148148148 0.6044114583333333 0.013962962962962896 0.006338541666666764
0 0.8948425925925926 0.6127135416666667 0.01595370370370372 0.008468750000000113
0 0.8928703703703702 0.6186875000000001 0.018398148148148153 0.004927083333333293
0 0.9068333333333333 0.6219010416666666 0.010416666666666666 0.005703124999999964
0 0.8677222222222222 0.6168802083333333 0.012361111111110922 0.0040729166666666925
0 0.8880370370370371 0.6342135416666667 0.013111111111111186 0.005093750000000163
0 0.8515462962962962 0.6386354166666667 0.014305555555555492 0.010843750000000086
0 0.8432962962962962 0.6495677083333333 0.015351851851851785 0.005229166666666707
0 0.8828796296296295 0.6616354166666666 0.011962962962963135 0.006093749999999965
0 0.8633333333333332 0.6644010416666667 0.006777777777777614 0.00685416666666665
0 0.854611111111111 0.6720416666666666 0.006277777777777753 0.00728124999999995
0 0.8630833333333333 0.6741875 0.012666666666666831 0.004562500000000113
0 0.8629166666666666 0.6803177083333333 0.013509259259259289 0.006442708333333336
0 0.7964351851851851 0.6826874999999999 0.021333333333333194 0.005296874999999979
0 0.8149351851851852 0.6379322916666667 0.012259259259259163 0.007484374999999943
0 0.7773888888888889 0.6533177083333332 0.009370370370370374 0.010260416666666572
0 0.7772962962962963 0.662984375 0.022731481481481335 0.005421874999999865
0 0.8104907407407407 0.6991666666666667 0.016148148148148304 0.007453124999999972
0 0.7983333333333332 0.7225885416666665 0.018546296296296165 0.004916666666666636
0 0.7495462962962962 0.7009218749999999 0.015907407407407467 0.0042291666666665504
0 0.7340185185185185 0.7004583333333334 0.014361111111110998 0.007468750000000135
0 0.7323796296296295 0.7120833333333334 0.013861111111111137 0.006578125000000057
0 0.7569814814814815 0.7175885416666666 0.010018518518518565 0.007515624999999915
0 0.7687222222222222 0.718765625 0.013962962962962896 0.008750000000000036
0 0.7474537037037037 0.7289479166666666 0.014111111111111225 0.011729166666666657
0 0.7136111111111111 0.7313177083333333 0.01490740740740735 0.006093749999999965
0 0.6835462962962963 0.7538385416666665 0.013111111111111186 0.009072916666666764
0 0.7057314814814815 0.6865416666666666 0.013805555555555632 0.007192708333333364
0 0.6122314814814815 0.74475 0.023527777777777852 0.007994791666666678
0 0.5991944444444444 0.7502135416666667 0.016999999999999856 0.009677083333333236
0 0.5785555555555556 0.7585625 0.011018518518518603 0.010666666666666736
0 0.5565740740740741 0.7575104166666666 0.017898148148148132 0.00603645833333335
0 0.5651759259259259 0.7689791666666667 0.023231481481481353 0.007473958333333286
0 0.5141203703703703 0.759765625 0.017648148148148045 0.004661458333333179
0 0.5940833333333333 0.7324739583333333 0.008675925925925773 0.008968749999999836
0 0.5807777777777777 0.7316510416666666 0.008972222222222272 0.011520833333333336
0 0.6029074074074073 0.7176302083333332 0.011564814814814877 0.0067552083333332295
0 0.6480277777777778 0.6870416666666666 0.01605555555555548 0.011520833333333336
0 0.5974259259259259 0.678859375 0.007879629629629568 0.006890624999999951
0 0.5458796296296295 0.708046875 0.02691666666666666 0.0076458333333333075
0 0.5183611111111112 0.7404166666666666 0.024129629629629633 0.004593750000000086
0 0.5053703703703702 0.7313177083333333 0.024175925925925885 0.0044062500000000785
0 0.5026111111111111 0.7114999999999999 0.01375925925925922 0.006552083333333236
0 0.44993518518518516 0.7180364583333334 0.02487962962962958 0.005604166666666721
0 0.45612037037037034 0.6950885416666666 0.02448148148148148 0.006640625
0 0.4183611111111111 0.6952395833333332 0.026722222222222234 0.0060520833333333355
0 0.49004629629629626 0.7615833333333333 0.018944444444444427 0.004927083333333293
0 0.46862962962962956 0.7608229166666666 0.013509259259259289 0.009583333333333322
0 0.44757407407407407 0.7622291666666666 0.011768518518518551 0.010145833333333344
0 0.4134444444444444 0.7633489583333334 0.01580555555555555 0.004536458333333293
0 0.39617592592592593 0.7523958333333333 0.01225925925925932 0.0064635416666666504
0 0.4022037037037037 0.7426197916666666 0.01315740740740744 0.007385416666666522
0 0.38819444444444445 0.7295885416666665 0.014759259259259257 0.004036458333333393
0 0.37054629629629626 0.747078125 0.016148148148148148 0.007890625000000106
0 0.3770555555555556 0.7580052083333333 0.015601851851851874 0.008119791666666742
0 0.3604814814814814 0.7621249999999999 0.01236111111111112 0.007161458333333393
0 0.32814814814814813 0.75490625 0.009222222222222283 0.008427083333333307
0 0.33278703703703705 0.7421979166666667 0.012907407407407432 0.004859375000000022
0 0.379574074074074 0.7075833333333332 0.017546296296296286 0.004052083333333378
0 0.36000925925925925 0.7059427083333334 0.008324074074074083 0.010026041666666607
0 0.31416666666666665 0.7247083333333333 0.007175925925925952 0.008859375000000114
0 0.32 0.7356874999999999 0.012064814814814816 0.008161458333333371
0 0.2978148148148148 0.7431770833333333 0.017546296296296365 0.004958333333333264
0 0.2917314814814815 0.7183854166666667 0.008175925925925991 0.008265624999999943
0 0.2698981481481481 0.7160729166666666 0.006379629629629591 0.006161458333333236
0 0.25649074074074074 0.7149895833333333 0.008472222222222174 0.0076458333333333075
0 0.2889907407407407 0.6889114583333333 0.014259259259259239 0.0035729166666667923
0 0.34038888888888885 0.6678854166666666 0.013759259259259297 0.005697916666666636
0 0.2467685185185185 0.6780572916666665 0.01146296296296296 0.008927083333333207
0 0.22421296296296298 0.7042239583333332 0.011712962962962968 0.003505208333333343
0 0.21652777777777774 0.7125 0.010314814814814829 0.011640624999999894
0 0.2089537037037037 0.7043958333333333 0.010814814814814848 0.008328124999999886
0 0.19838888888888886 0.6967656249999999 0.009916666666666648 0.007651041666666636
0 0.2057685185185185 0.6712760416666665 0.013212962962962945 0.0037864583333332646
0 0.20404629629629628 0.6588229166666666 0.0141574074074074 0.004953125000000114
0 0.19192592592592592 0.6697916666666666 0.01146296296296296 0.0038958333333333427
0 0.17679629629629628 0.66328125 0.010314814814814808 0.006583333333333208
0 0.17443518518518517 0.6519791666666667 0.007574074074074093 0.008093749999999922
0 0.16007407407407406 0.6590364583333332 0.00637962962962963 0.010145833333333344
0 0.2635462962962963 0.6372760416666666 0.01630555555555557 0.0053333333333332785
0 0.26608333333333334 0.6294895833333333 0.012212962962962988 0.005739583333333265
0 0.23417592592592595 0.610125 0.018194444444444475 0.003177083333333286
0 0.20274999999999999 0.6298020833333333 0.008777777777777768 0.0069166666666667705
0 0.2086296296296296 0.6378645833333334 0.01096296296296294 0.0035937500000001064
0 0.19566666666666666 0.6367864583333334 0.008972222222222194 0.004625000000000057
0 0.13931481481481484 0.6368854166666666 0.010416666666666666 0.008468750000000113
0 0.13863888888888887 0.6208645833333333 0.008574074074074052 0.00728124999999995
0 0.14385185185185187 0.6174843749999999 0.011416666666666665 0.0059322916666666005
0 0.10693518518518517 0.5876614583333333 0.00498148148148149 0.0078854166666666
0 0.12062037037037036 0.5876614583333333 0.00802777777777778 0.006765624999999886
0 0.11652777777777777 0.5822447916666667 0.013712962962962965 0.006593749999999865
0 0.11122222222222222 0.5723177083333333 0.01635185185185186 0.008046874999999964
0 0.11710185185185185 0.5612499999999999 0.010564814814814838 0.008630208333333477
0 0.1517962962962963 0.5637604166666667 0.014953703703703683 0.0060781249999999785
0 0.18788888888888886 0.5558802083333333 0.010564814814814838 0.006578125000000057
0 0.15289814814814814 0.57165625 0.016749999999999963 0.0036510416666667212
0 0.14322222222222222 0.5873802083333333 0.01415740740740744 0.006203124999999865
0 0.1569351851851852 0.5903229166666667 0.01365740740740742 0.0048020833333332295
0 0.15421296296296297 0.5970833333333333 0.018592592592592577 0.004671874999999837
0 0.1864259259259259 0.5823177083333333 0.00802777777777782 0.009817708333333286
0 0.19068518518518518 0.5893177083333333 0.012962962962962937 0.007270833333333293
0 0.24849074074074073 0.5791041666666666 0.012509259259259251 0.003677083333333364
0 0.25437037037037036 0.5870989583333334 0.01072222222222226 0.0056406250000000215
0 0.29324999999999996 0.5885677083333333 0.006731481481481438 0.007401041666666686
0 0.34223148148148147 0.5795260416666667 0.014953703703703683 0.003953125000000135
0 0.34712037037037036 0.5726822916666666 0.00677777777777785 0.007093749999999943
0 0.2958703703703704 0.5531041666666667 0.007972222222222235 0.01392708333333328
0 0.1285185185185185 0.5223229166666666 0.010268518518518495 0.008442708333333293
0 0.11944444444444445 0.5149322916666665 0.019842592592592585 0.007963541666666707
0 0.13933333333333334 0.5014114583333333 0.01096296296296294 0.007843749999999972
0 0.11919444444444444 0.4940885416666666 0.013361111111111117 0.008343750000000049
0 0.10808333333333332 0.4836718749999999 0.0076759259259259315 0.007979166666666693
0 0.10513888888888888 0.46814583333333337 0.013361111111111117 0.009453125000000107
0 0.1280925925925926 0.4606406249999999 0.016898148148148134 0.018843750000000093
0 0.1319074074074074 0.45972916666666663 0.006083333333333327 0.004958333333333264
0 0.13803703703703704 0.4564895833333333 0.010564814814814838 0.009416666666666629
0 0.16685185185185183 0.4663177083333333 0.009175925925925948 0.008609374999999985
0 0.17243518518518516 0.47924999999999995 0.014361111111111116 0.010354166666666664
0 0.20135185185185184 0.5024166666666666 0.01555555555555554 0.005005208333333222
0 0.21982407407407403 0.5074375 0.013009259259259269 0.0056145833333333785
0 0.22012037037037036 0.474203125 0.010416666666666666 0.008109374999999908
0 0.21416666666666664 0.4652135416666667 0.009074074074074111 0.0072343749999999925
0 0.21007407407407408 0.45793229166666666 0.011064814814814777 0.004734374999999957
0 0.21125 0.4301562499999999 0.009222222222222203 0.004989583333333237
0 0.23009259259259257 0.41974999999999996 0.010916666666666686 0.008291666666666763
0 0.20299999999999999 0.4105104166666666 0.005787037037037064 0.007473958333333286
0 0.17533333333333334 0.4055989583333333 0.012259259259259261 0.008312500000000079
0 0.15244444444444444 0.4136770833333333 0.014759259259259257 0.005401041666666551
0 0.14068518518518516 0.42022916666666665 0.015157407407407399 0.005317708333333293
0 0.13021296296296295 0.422671875 0.016148148148148148 0.01076041666666665
0 0.15316666666666665 0.4342395833333333 0.01570370370370367 0.010067708333333236
0 0.1401851851851852 0.4423333333333333 0.010166666666666697 0.005781249999999893
0 0.10646296296296297 0.4247447916666666 0.016898148148148134 0.008182291666666685
0 0.1200648148148148 0.40140624999999996 0.02258333333333332 0.0070885416666666146
0 0.16075 0.392921875 0.013009259259259269 0.009307291666666639
0 0.1169537037037037 0.3901979166666666 0.02233333333333335 0.004427083333333304
0 0.18171296296296294 0.3837604166666667 0.01146296296296296 0.006973958333333386
0 0.16997222222222222 0.37349479166666666 0.015499999999999995 0.004390625000000004
0 0.1539722222222222 0.3637916666666666 0.019296296296296273 0.010776041666666725
0 0.13850925925925925 0.3702239583333333 0.012314814814814825 0.008598958333333328
0 0.24133333333333332 0.3704635416666666 0.015351851851851863 0.007281250000000039
0 0.27019444444444446 0.38649479166666667 0.006481481481481508 0.0082395833333333
0 0.27587962962962964 0.39132291666666663 0.013064814814814854 0.014526041666666689
0 0.31877777777777777 0.40099999999999997 0.009916666666666726 0.012005208333333295
0 0.32214814814814813 0.4146197916666667 0.01275925925925926 0.010359374999999994
0 0.3117777777777778 0.4410729166666666 0.02552777777777785 0.004942708333333279
0 0.4221203703703703 0.5941927083333333 0.022518518518518566 0.011916666666666664
0 0.4695092592592592 0.6361041666666666 0.016888888888888846 0.005354166666666771
0 0.47167592592592594 0.6252812499999999 0.013722222222222216 0.007463541666666629
0 0.3857685185185185 0.5178229166666666 0.02486111111111108 0.009598958333333307
0 0.3246574074074074 0.49089583333333325 0.014777777777777838 0.013802083333333392
0 0.42306481481481484 0.46364062500000003 0.020638888888888908 0.005473958333333329
0 0.44669444444444445 0.4511614583333333 0.014425925925925911 0.00759895833333335
0 0.47689814814814807 0.47614062500000004 0.013842592592592635 0.008442708333333293
0 0.3831851851851852 0.380140625 0.03706481481481474 0.008697916666666661
0 0.3081759259259259 0.3294427083333333 0.01583333333333338 0.005598958333333304
0 0.2636666666666666 0.347625 0.01595370370370372 0.005677083333333411
0 0.2477129629629629 0.34943749999999996 0.011259259259259203 0.009968750000000082
0 0.23926851851851852 0.34396354166666665 0.009379629629629625 0.005609374999999961
0 0.2455462962962963 0.34026562499999996 0.013722222222222295 0.006135416666666682
0 0.1871388888888889 0.3348541666666666 0.013953703703703723 0.008505208333333325
0 0.17475925925925925 0.3460364583333333 0.025805555555555575 0.005411458333333385
0 0.17482407407407408 0.35240625 0.010675925925925906 0.006531250000000011
0 0.12573148148148147 0.35280729166666663 0.011259259259259283 0.010098958333333385
0 0.14637962962962964 0.34149479166666663 0.007361111111111087 0.0062864583333333
0 0.15252777777777776 0.33615625 0.015731481481481503 0.0038906250000000143
0 0.13643518518518516 0.3434895833333333 0.013314814814814824 0.0033906250000000247
0 0.15980555555555556 0.33078124999999997 0.010620370370370382 0.010838541666666668
0 0.16407407407407407 0.31987499999999996 0.01466666666666663 0.007359375000000057
0 0.17480555555555555 0.3133020833333333 0.017018518518518513 0.004317708333333314
0 0.2016296296296296 0.30909895833333334 0.012805555555555515 0.006656249999999986
0 0.2287037037037037 0.311375 0.013037037037037022 0.003619791666666661
0 0.23451851851851852 0.30603125000000003 0.008481481481481505 0.007473958333333286
0 0.23350925925925925 0.31658854166666667 0.007472222222222216 0.0055416666666666895
0 0.24190740740740738 0.31631770833333334 0.008879629629629685 0.0057656249999999964
0 0.26308333333333334 0.32316666666666666 0.0058425925925925685 0.007614583333333247
0 0.2703055555555556 0.31755208333333335 0.00803703703703699 0.011244791666666653
0 0.26971296296296293 0.3059375 0.0141574074074074 0.009182291666666753
0 0.25275000000000003 0.30655208333333334 0.00943518518518521 0.01072916666666659
0 0.19202777777777777 0.29307812499999997 0.011314814814814866 0.005973958333333318
0 0.21957407407407403 0.28932291666666665 0.014870370370370346 0.007427083333333329
0 0.20789814814814814 0.300046875 0.011000000000000022 0.004135416666666725
0 0.19888888888888887 0.30069270833333334 0.00701851851851853 0.0054322916666667
0 0.2332685185185185 0.28638020833333333 0.010944444444444439 0.006854166666666739
0 0.20973148148148146 0.28274479166666666 0.017805555555555547 0.005171875000000004
0 0.3028888888888889 0.2916875 0.00879629629629627 0.009213541666666724
0 0.32661111111111113 0.2861197916666667 0.011203703703703698 0.006911458333333354
0 0.3517222222222222 0.2890208333333333 0.01376851851851851 0.004177083333333354
0 0.3504907407407407 0.30390104166666665 0.0128796296296296 0.007427083333333329
0 0.38845370370370363 0.2941614583333333 0.02701851851851842 0.007093749999999943
0 0.38646296296296295 0.31089583333333326 0.008379629629629588 0.009932291666666603
0 0.42594444444444435 0.29805208333333333 0.015287037037037028 0.004270833333333357
0 0.4550092592592593 0.29563541666666665 0.008277777777777828 0.01121875000000001
0 0.4561111111111111 0.27879687499999994 0.00942592592592588 0.005526041666666615
0 0.4668703703703703 0.27657291666666667 0.014712962962963002 0.004312499999999986
0 0.4747037037037037 0.316984375 0.01571296296296304 0.007932291666666647
0 0.4704351851851852 0.3223489583333333 0.010111111111111072 0.005458333333333343
0 0.5145925925925926 0.3976770833333333 0.01529629629629628 0.00538541666666661
0 0.3257222222222222 0.35971354166666664 0.015037037037037019 0.00553645833333336
0 0.6968981481481481 0.6584270833333333 0.010425925925925918 0.008776041666666679
0 0.7885277777777778 0.5988749999999999 0.015731481481481385 0.006979166666666714
0 0.804648148148148 0.5997083333333333 0.017379629629629613 0.005708333333333293
0 0.8168518518518518 0.6035468749999999 0.014685185185185093 0.00703125
0 0.7101018518518518 0.6049895833333332 0.01529629629629628 0.01040624999999995
0 0.7030648148148148 0.5818125 0.010249999999999993 0.010979166666666628
0 0.7205277777777778 0.5698124999999999 0.011814814814814806 0.00994270833333335
0 0.7516388888888889 0.5078906249999999 0.012166666666666654 0.010749999999999992
0 0.7215277777777778 0.5034687499999999 0.011907407407407315 0.010208333333333286
0 0.7237037037037036 0.5183020833333333 0.02146296296296302 0.006552083333333236
0 0.7131018518518518 0.458890625 0.01416666666666665 0.015390625000000036
0 0.6726944444444444 0.42253645833333325 0.008083333333333402 0.012583333333333436
0 0.6568333333333333 0.4265 0.0158148148148148 0.0077916666666666854
0 0.6631851851851852 0.436640625 0.012509259259259251 0.005109374999999972