0 0.5443055555555555 0.8256979166666666 0.034333333333333216 0.010375000000000157
0 0.36721296296296296 0.7990520833333333 0.013351851851851866 0.013593749999999983
0 0.34082407407407406 0.7935104166666667 0.015259259259259276 0.00822916666666682
0 0.40741666666666665 0.7552604166666665 0.022101851851851803 0.007166666666666721
0 0.7071018518518517 0.7708020833333333 0.01797222222222222 0.007052083333333315
0 0.8013703703703704 0.757046875 0.013379629629629778 0.00681770833333335
0 0.9100833333333334 0.69046875 0.012546296296296253 0.006838541666666665
0 0.26599999999999996 0.721859375 0.01174074074074072 0.015526041666666579
0 0.03749074074074074 0.6142343749999999 0.020990740740740737 0.005062499999999836
0 0.13705555555555557 0.46915104166666666 0.02219444444444443 0.008437499999999964
0 0.2904814814814815 0.30195833333333333 0.021518518518518527 0.005031250000000043
0 0.5116666666666666 0.25786458333333334 0.013972222222222146 0.006130208333333354
0 0.4844166666666666 0.39566145833333327 0.017250000000000102 0.007463541666666629
0 0.42263888888888884 0.5661197916666667 0.02183333333333337 0.01520833333333318