0 0.46475925925925926 0.30184374999999997 0.008444444444444501 0.004833333333333289
0 0.4995185185185185 0.29471875000000003 0.02065740740740741 0.0068697916666667245
0 0.5455092592592592 0.3019322916666667 0.014925925925925771 0.004494791666666753
0 0.5613425925925926 0.2973072916666667 0.01161111111111113 0.007296875000000025
0 0.5703148148148148 0.30914062499999995 0.008444444444444343 0.006192708333333385
0 0.512787037037037 0.2986666666666667 0.00980555555555548 0.004239583333333385
0 0.6087685185185185 0.30383854166666663 0.01598148148148147 0.006109375000000039
0 0.45775 0.2981979166666666 0.0076944444444443936 0.003984375000000017
0 0.4726759259259259 0.2855989583333333 0.014629629629629588 0.0052604166666665895
0 0.458574074074074 0.31579687500000003 0.012972222222222267 0.007296875000000025
0 0.4245 0.30702083333333335 0.010555555555555587 0.006192708333333385
0 0.4238148148148148 0.2995572916666666 0.012814814814814845 0.007890625000000017
0 0.392 0.296078125 0.0107037037037036 0.003140624999999986
0 0.3978796296296296 0.31524479166666663 0.014027777777777809 0.005515624999999957
0 0.41771296296296295 0.33322916666666663 0.02171296296296295 0.004833333333333289
0 0.37171296296296297 0.3184270833333333 0.011157407407407366 0.00983854166666669
0 0.3627407407407407 0.34472395833333336 0.010101851851851822 0.009499999999999975
0 0.35512962962962963 0.32966666666666666 0.011157407407407366 0.007380208333333371
0 0.3904907407407407 0.3569375 0.008898148148148108 0.006109375000000039
0 0.40330555555555553 0.36384895833333336 0.012212962962963066 0.005515624999999957
0 0.3208240740740741 0.32203124999999994 0.012518518518518502 0.0034791666666667
0 0.30053703703703705 0.31880729166666666 0.010555555555555509 0.003817708333333325
0 0.2436111111111111 0.3155885416666666 0.007083333333333286 0.007380208333333371
0 0.25152777777777774 0.3364114583333333 0.007842592592592644 0.008822916666666725
0 0.27075925925925926 0.3406927083333333 0.013120370370370359 0.006192708333333385
0 0.2309444444444444 0.325890625 0.009499999999999965 0.004072916666666604
0 0.2426296296296296 0.3567239583333333 0.0117592592592593 0.003984375000000017
0 0.2369814814814815 0.35859375 0.00829629629629633 0.006020833333333276
0 0.22679629629629627 0.35871875 0.01146296296296296 0.008651041666666614
0 0.2617129629629629 0.3759374999999999 0.013120370370370359 0.0047499999999999435
0 0.30551851851851847 0.3786979166666667 0.012064814814814816 0.005682291666666739
0 0.17824074074074073 0.3729270833333333 0.008444444444444442 0.006531250000000011
0 0.2039537037037037 0.395109375 0.013416666666666702 0.0047499999999999435
0 0.11483333333333333 0.37390104166666666 0.011305555555555576 0.0057656249999999964
0 0.12553703703703703 0.38119791666666664 0.009805555555555519 0.006447916666666753
0 0.13752777777777778 0.39477083333333335 0.018092592592592598 0.006786458333333289
0 0.15532407407407406 0.3987135416666666 0.01146296296296296 0.004666666666666641
0 0.13202777777777777 0.4051197916666666 0.014324074074074112 0.005765624999999908
0 0.11724074074074073 0.39778125 0.013120370370370359 0.003645833333333304
0 0.09787037037037037 0.40231770833333336 0.01417592592592594 0.0059375000000000625
0 0.09190740740740741 0.39960416666666665 0.022768518518518525 0.011026041666666719
0 0.09734259259259258 0.418734375 0.010101851851851862 0.005343749999999936
0 0.11785185185185185 0.42250520833333327 0.01734259259259261 0.0039010416666666716
0 0.10473148148148148 0.4222083333333333 0.011009259259259272 0.005171875000000092
0 0.07630555555555556 0.4205572916666666 0.010249999999999993 0.009838541666666778
0 0.07374074074074075 0.43709895833333334 0.014777777777777779 0.006953124999999893
0 0.08640740740740739 0.44044791666666666 0.011157407407407414 0.0033072916666666784
0 0.11030555555555553 0.43794270833333326 0.010101851851851862 0.005937500000000107
0 0.09492592592592593 0.4331510416666666 0.010703703703703719 0.009244791666666608
0 0.10322222222222222 0.43849479166666666 0.012518518518518542 0.010265625000000079
0 0.15637962962962962 0.4488854166666666 0.010555555555555547 0.007463541666666629
0 0.050666666666666665 0.46534375 0.010249999999999993 0.005765624999999908
0 0.04546296296296296 0.47832291666666665 0.013120370370370374 0.004578124999999922
0 0.07110185185185186 0.49435416666666665 0.010407407407407416 0.007125000000000092
0 0.13059259259259257 0.48803124999999997 0.016888888888888884 0.005854166666666672
0 0.016583333333333332 0.4844687499999999 0.012666666666666668 0.0026302083333332505
0 0.013648148148148147 0.4994427083333333 0.017638888888888888 0.007463541666666629
0 0.030537037037037033 0.5081770833333333 0.017037037037037035 0.009328125000000043
0 0.012888888888888887 0.5143281249999999 0.01191666666666667 0.006020833333333364
0 0.057305555555555554 0.5262447916666666 0.010861111111111101 0.009838541666666778
0 0.01937962962962963 0.5345989583333333 0.009805555555555559 0.007380208333333371
0 0.03506481481481481 0.545078125 0.008296296296296291 0.011197916666666608
0 0.01809259259259259 0.5536041666666667 0.015685185185185184 0.009416666666666629
0 0.0959074074074074 0.5621666666666666 0.018092592592592587 0.005343750000000114
0 0.05262962962962962 0.5772656249999999 0.006935185185185174 0.0063593750000000785
0 0.04101851851851852 0.578328125 0.00663888888888889 0.006786458333333379
0 0.010481481481481482 0.5902447916666667 0.012518518518518516 0.005171874999999914
0 0.07992592592592591 0.6057239583333333 0.006027777777777763 0.005937500000000107
0 0.06325925925925925 0.6136145833333334 0.005879629629629631 0.006786458333333379
0 0.05865740740740741 0.6149270833333333 0.00573148148148148 0.0067031249999999435
0 0.02012962962962963 0.6360104166666667 0.007990740740740744 0.006786458333333379
0 0.013416666666666667 0.6331249999999999 0.008749999999999997 0.007463541666666629
0 0.08768518518518517 0.6229895833333334 0.00919444444444444 0.003479166666666522
0 0.07774074074074074 0.6232864583333333 0.008898148148148127 0.0040729166666666925
0 0.07042592592592592 0.6238802083333332 0.007537037037037031 0.003223958333333421
0 0.1476296296296296 0.6298593749999999 0.008749999999999977 0.008395833333333335
0 0.14959259259259258 0.611875 0.012064814814814777 0.007380208333333371
0 0.1564537037037037 0.6091197916666666 0.011305555555555537 0.008651041666666793
0 0.21609259259259256 0.5676822916666666 0.0141759259259259 0.011453124999999887
0 0.23660185185185187 0.5991510416666666 0.00753703703703705 0.006020833333333364
0 0.1877407407407407 0.5321822916666666 0.008138888888888907 0.007802083333333343
0 0.1474814814814815 0.5431666666666667 0.016888888888888884 0.0050052083333334
0 0.179 0.5258645833333333 0.008138888888888907 0.008057291666666622
0 0.23787962962962964 0.5180624999999999 0.012814814814814845 0.007041666666666657
0 0.2946574074074074 0.5154322916666667 0.008444444444444423 0.007546875000000064
0 0.3423148148148148 0.5268802083333333 0.012064814814814816 0.0029687499999999645
0 0.34600925925925924 0.5329895833333333 0.006481481481481508 0.010604166666666614
0 0.33929629629629626 0.5406666666666666 0.006027777777777743 0.0037343749999999786
0 0.4144629629629629 0.49710937499999996 0.013416666666666622 0.006531249999999922
0 0.42464814814814816 0.482265625 0.015083333333333353 0.00873437500000005
0 0.3007685185185185 0.48816145833333324 0.012814814814814845 0.01068750000000005
0 0.3644814814814814 0.45092187499999997 0.010555555555555587 0.009838541666666778
0 0.5513888888888889 0.5121249999999999 0.009194444444444451 0.005854166666666672
0 0.5835092592592592 0.507921875 0.01010185185185198 0.011197916666666608
0 0.49981481481481477 0.5560625 0.007990740740740894 0.007718750000000085
0 0.6764814814814815 0.5495729166666667 0.01086111111111118 0.007973958333333364
0 0.6852962962962963 0.5645 0.010407407407407416 0.0049218749999999645
0 0.7105555555555554 0.5754427083333333 0.013268518518518372 0.0040729166666666925
0 0.740111111111111 0.558734375 0.009648148148148215 0.005937500000000107
0 0.7435092592592591 0.5420677083333333 0.006185185185185244 0.00822916666666682
0 0.7178703703703703 0.5338802083333333 0.006787037037036864 0.008484374999999923
0 0.7364999999999999 0.5907135416666667 0.009648148148148215 0.007463541666666629
0 0.7 0.6196354166666667 0.008444444444444343 0.010010416666666622
0 0.6825833333333334 0.6216718749999999 0.007388888888888959 0.009328124999999864
0 0.6262592592592592 0.6070416666666667 0.00995370370370365 0.004494791666666664
0 0.6704444444444445 0.6352864583333333 0.006638888888889009 0.008057291666666622
0 0.6484259259259259 0.6573385416666666 0.012064814814814737 0.0050052083333334
0 0.6678055555555555 0.6670104166666666 0.016435185185185237 0.0067031249999999435
0 0.7343888888888889 0.6908489583333333 0.01326851851851845 0.006869791666666636
0 0.7816574074074073 0.6847395833333334 0.024583333333333398 0.011958333333333293
0 0.7545925925925925 0.7059895833333333 0.01146296296296296 0.007973958333333364
0 0.7196851851851851 0.7059427083333334 0.012814814814814845 0.007380208333333371
0 0.7037685185185185 0.7163385416666666 0.020203703703703644 0.005260416666666679
0 0.6822129629629629 0.7088697916666666 0.015083333333333353 0.006614583333333179
0 0.8117407407407407 0.7143437499999999 0.0117592592592593 0.00568229166666665
0 0.7896481481481481 0.7173958333333333 0.01885185185185176 0.006020833333333364
0 0.8172499999999999 0.7209583333333333 0.00889814814814795 0.0050052083333334
0 0.82675 0.7139635416666665 0.00980555555555548 0.005260416666666679
0 0.8032962962962962 0.7311822916666666 0.01719444444444428 0.005427083333333371
0 0.7438888888888887 0.7338072916666667 0.009351851851851873 0.0039010416666664938
0 0.7407962962962962 0.7375833333333334 0.008592592592592672 0.008057291666666622
0 0.7511944444444443 0.7440729166666665 0.01643518518518508 0.005427083333333371
0 0.7085185185185185 0.741484375 0.015231481481481523 0.002630208333333428
0 0.7152314814814815 0.744203125 0.017796296296296296 0.006869791666666636
0 0.7340092592592593 0.7528125 0.01734259259259261 0.005260416666666679
0 0.7447129629629629 0.7579427083333333 0.011916666666666565 0.003479166666666522
0 0.7168148148148147 0.76790625 0.010101851851851822 0.008651041666666793
0 0.6975185185185185 0.7645572916666666 0.0107037037037036 0.003479166666666522
0 0.6697685185185185 0.746234375 0.01010185185185198 0.005171874999999914
0 0.6664537037037037 0.7344895833333334 0.015527777777777708 0.005260416666666679
0 0.6589074074074074 0.7419947916666667 0.014324074074074152 0.005343750000000114
0 0.6466944444444443 0.7519218750000001 0.007083333333333365 0.00822916666666682
0 0.6346296296296295 0.7414010416666666 0.014027777777777809 0.005171874999999914
0 0.6301111111111111 0.7459374999999999 0.01161111111111113 0.0040729166666666925
0 0.6374259259259258 0.7576875 0.01236111111111108 0.004833333333333379
0 0.6601203703703703 0.7684583333333334 0.017944444444444544 0.004328124999999972
0 0.6594351851851852 0.7727864583333333 0.01598148148148147 0.003984375000000107
0 0.6001018518518518 0.7799114583333333 0.014925925925925771 0.004833333333333379
0 0.6183425925925925 0.7371197916666666 0.01161111111111113 0.00610937499999995
0 0.5987407407407407 0.7951770833333333 0.01824999999999998 0.005854166666666494
0 0.5761203703703703 0.7612499999999999 0.014027777777777809 0.007718750000000085
0 0.548148148148148 0.7957708333333333 0.01236111111111108 0.00568229166666665
0 0.5183703703703704 0.773296875 0.013722222222222216 0.007041666666666657
0 0.5400833333333332 0.7408906249999999 0.009194444444444451 0.010604166666666793
0 0.5059259259259259 0.7594270833333333 0.017796296296296372 0.00763541666666665
0 0.4654351851851852 0.7855104166666667 0.017037037037037017 0.009921875000000035
0 0.48436111111111113 0.78559375 0.013870370370370387 0.008395833333333335
0 0.4848888888888888 0.7940781250000001 0.014324074074074152 0.005171874999999914
0 0.4919814814814815 0.8039999999999999 0.0052777777777778725 0.008229166666666732
0 0.4729814814814815 0.79853125 0.014629629629629588 0.00610937499999995
0 0.42562962962962964 0.7935677083333333 0.0107037037037036 0.011109375000000022
0 0.44175925925925924 0.8095989583333333 0.016138888888888894 0.007890624999999929
0 0.42193518518518514 0.8116354166666666 0.012064814814814737 0.002458333333333229
0 0.4172592592592592 0.7740989583333333 0.015379629629629694 0.005427083333333371
0 0.3986296296296296 0.7922552083333334 0.00587962962962965 0.008822916666666635
0 0.385287037037037 0.8044687499999998 0.008138888888888907 0.006109375000000128
0 0.3517314814814815 0.79925 0.011009259259259234 0.004833333333333467
0 0.3449537037037037 0.7837708333333333 0.010101851851851822 0.006786458333333379
0 0.3606296296296296 0.76315625 0.013120370370370319 0.005937500000000107
0 0.3514351851851852 0.7581093749999999 0.011009259259259272 0.009755208333333343
0 0.37835185185185183 0.7409791666666667 0.021416666666666608 0.009921875000000035
0 0.3914722222222222 0.7442864583333333 0.014472222222222166 0.0072083333333333496
0 0.423287037037037 0.7441145833333334 0.012972222222222267 0.005171874999999914
0 0.42299074074074067 0.7252447916666667 0.01899999999999993 0.006447916666666664
0 0.33152777777777775 0.7521718749999999 0.007990740740740736 0.0067031249999999435
0 0.3279814814814815 0.7248177083333334 0.022620370370370325 0.005598958333333392
0 0.3043055555555555 0.752765625 0.01809259259259256 0.010942708333333506
0 0.3141111111111111 0.7724895833333333 0.010555555555555509 0.005260416666666679
0 0.3168240740740741 0.7836458333333333 0.005731481481481559 0.007890625000000106
0 0.32790740740740737 0.7951354166666667 0.014027777777777731 0.009499999999999887
0 0.30324999999999996 0.7895833333333333 0.01598148148148147 0.006531249999999922
0 0.24979629629629624 0.783984375 0.012212962962962988 0.0072083333333333496
0 0.27543518518518517 0.7455989583333332 0.014629629629629588 0.009499999999999887
0 0.23252777777777775 0.772109375 0.014472222222222244 0.004494791666666664
0 0.23780555555555552 0.7499270833333332 0.00995370370370373 0.011026041666666764
0 0.22830555555555554 0.7547604166666667 0.007842592592592644 0.008484374999999923
0 0.2207685185185185 0.7578125 0.007842592592592644 0.005088541666666657
0 0.21036111111111108 0.7596822916666666 0.008750000000000016 0.005765625000000085
0 0.2174537037037037 0.7635833333333333 0.00904629629629628 0.0047499999999999435
0 0.22249999999999998 0.7708802083333333 0.009805555555555559 0.00916145833333335
0 0.3368055555555556 0.7785520833333333 0.009805555555555559 0.007890625000000106
0 0.20968518518518517 0.73109375 0.012814814814814765 0.012723958333333308
0 0.21925925925925926 0.7114166666666667 0.00904629629629628 0.009328124999999864
0 0.2891574074074074 0.6915260416666666 0.009499999999999965 0.005515625000000135
0 0.3922222222222222 0.6695156250000001 0.02080555555555558 0.00627604166666682
0 0.4238148148148148 0.6731197916666667 0.010407407407407416 0.010093750000000058
0 0.32941666666666664 0.6567916666666667 0.00829629629629633 0.008312500000000079
0 0.48262962962962963 0.746578125 0.00829629629629633 0.00873437500000005
0 0.7083703703703703 0.7514114583333333 0.011305555555555616 0.006020833333333364
0 0.8423518518518519 0.6920781249999999 0.012064814814814894 0.004239583333333208
0 0.8618796296296296 0.6874947916666667 0.01341666666666678 0.00763541666666665
0 0.8434074074074074 0.6519114583333334 0.016583333333333408 0.006869791666666636
0 0.8707777777777779 0.6464010416666666 0.010407407407407416 0.009416666666666629
0 0.872361111111111 0.6573854166666667 0.007537037037037129 0.007463541666666629
0 0.8776388888888889 0.6600989583333334 0.010249999999999836 0.007802083333333343
0 0.8894814814814814 0.6450833333333332 0.012518518518518502 0.005598958333333392
0 0.8889537037037036 0.6531822916666666 0.007537037037037129 0.008567708333333179
0 0.9019999999999999 0.648265625 0.010407407407407416 0.0063593750000000785
0 0.8946851851851851 0.6410104166666667 0.009351851851851873 0.006614583333333179
0 0.9026018518518517 0.6260833333333332 0.010407407407407416 0.006614583333333179
0 0.883074074074074 0.6206979166666666 0.013870370370370387 0.003479166666666522
0 0.9128518518518518 0.6140364583333333 0.014324074074073994 0.004578124999999922
0 0.9203888888888888 0.6080989583333333 0.007990740740740736 0.005937500000000107
0 0.9121759259259259 0.6017395833333332 0.019601851851852023 0.005088541666666657
0 0.8725925925925926 0.6015260416666667 0.010703703703703759 0.007380208333333371
0 0.8297685185185184 0.6002135416666666 0.011916666666666565 0.010177083333333314
0 0.881861111111111 0.5870625 0.006027777777777664 0.007973958333333364
0 0.9320833333333332 0.578921875 0.01417592592592598 0.006614583333333179
0 0.9041111111111112 0.5832499999999999 0.013120370370370438 0.008484374999999923
0 0.8985277777777777 0.582359375 0.00980555555555548 0.006869791666666636
0 0.8894074074074072 0.5801927083333334 0.01326851851851845 0.005765625000000085
0 0.9041851851851852 0.5684895833333333 0.006638888888888851 0.006447916666666664
0 0.9209999999999998 0.5579270833333333 0.00829629629629633 0.009078124999999914
0 0.9373611111111111 0.5545781249999999 0.01326851851851845 0.008484374999999923
0 0.9152685185185185 0.5465208333333333 0.011916666666666565 0.007296875000000114
0 0.8946851851851851 0.5604739583333332 0.009351851851851873 0.007380208333333371
0 0.8673148148148149 0.5634010416666666 0.010101851851851822 0.008140625000000058
0 0.8578888888888888 0.5529635416666666 0.00813888888888875 0.008312500000000079
0 0.8418240740740739 0.5589895833333334 0.012212962962962908 0.00610937499999995
0 0.8291574074074074 0.5535572916666667 0.010407407407407416 0.006447916666666664
0 0.8178518518518517 0.5687447916666667 0.011916666666666565 0.007973958333333364
0 0.050111111111111106 0.6654479166666667 0.007333333333333335 0.013750000000000106
0 0.09402777777777777 0.664390625 0.008277777777777788 0.00909895833333323
0 0.1138611111111111 0.6606354166666667 0.0065833333333333455 0.0053958333333334
0 0.15533333333333332 0.6815260416666666 0.008277777777777788 0.0065572916666667425
0 0.15862037037037036 0.6899895833333333 0.007333333333333335 0.005713541666666622
0 0.09581481481481481 0.6760781249999999 0.0069537037037036955 0.009203124999999979
0 0.09148148148148147 0.6844895833333333 0.009212962962962952 0.008250000000000136
0 0.09393518518518518 0.6955937499999999 0.01034259259259258 0.007614583333333336
0 0.10625 0.7118333333333333 0.005638888888888892 0.007510416666666764
0 0.12768518518518518 0.7138958333333333 0.00714814814814816 0.005286458333333322
0 0.1446111111111111 0.7312395833333334 0.010157407407407447 0.00909895833333323
0 0.13163888888888886 0.70659375 0.006768518518518521 0.005499999999999972
0 0.17187962962962963 0.751390625 0.009027777777777777 0.005817708333333371
0 0.3948055555555555 0.6447135416666666 0.005833333333333238 0.005713541666666622
0 0.7708148148148148 0.5304739583333333 0.012407407407407492 0.012057291666666714
0 0.9299074074074074 0.5291510416666666 0.010907407407407277 0.008145833333333385
0 0.8493240740740741 0.5279375 0.01034259259259266 0.011213541666666594
0 0.9280277777777777 0.5224375 0.018425925925925905 0.008249999999999957
0 0.9132592592592592 0.5198958333333333 0.0069537037037036955 0.005286458333333322
0 0.9279259259259258 0.5142916666666666 0.014101851851851975 0.008041666666666636
0 0.9208796296296295 0.5097968749999999 0.01466666666666659 0.007296874999999936
0 0.9171203703703703 0.4998541666666666 0.007898148148148229 0.008354166666666708
0 0.9030092592592592 0.505671875 0.013537037037037042 0.006661458333333314
0 0.8875 0.5043489583333333 0.011092592592592609 0.005921874999999943
0 0.8955833333333333 0.49392708333333335 0.0077129629629628955 0.010046874999999922
0 0.8643703703703702 0.5073124999999999 0.01598148148148147 0.008463541666666607
0 0.8455648148148147 0.507046875 0.01072222222222226 0.009416666666666629
0 0.8401111111111111 0.5058802083333334 0.009592592592592394 0.005604166666666721
0 0.7521018518518519 0.5067291666666666 0.012222222222222159 0.006031250000000021
0 0.7217314814814815 0.4966770833333333 0.011287037037037193 0.005604166666666721
0 0.762074074074074 0.4963645833333333 0.018240740740740887 0.00454687499999995
0 0.867 0.4896979166666666 0.014481481481481574 0.005604166666666721
0 0.913074074074074 0.47367187499999996 0.005833333333333397 0.008041666666666636
0 0.9011296296296295 0.4448489583333333 0.008277777777777828 0.009203124999999979
0 0.9083703703703704 0.4568020833333333 0.00921296296296311 0.003911458333333328
0 0.9110092592592592 0.466796875 0.00921296296296311 0.008249999999999957
0 0.901324074074074 0.46949479166666663 0.011657407407407226 0.006239583333333343
0 0.8941759259259259 0.462671875 0.013916666666666641 0.0042291666666665504
0 0.8951111111111112 0.460078125 0.009777777777777727 0.0041249999999999785
0 0.8783796296296296 0.4563229166666666 0.013166666666666691 0.005499999999999972
0 0.8739629629629629 0.46309374999999997 0.011092592592592609 0.005499999999999972
0 0.8638981481481481 0.46309374999999997 0.006768518518518363 0.007614583333333336
0 0.8402962962962963 0.46198437499999995 0.00996296296296306 0.00962499999999995
0 0.8340000000000001 0.4563229166666666 0.006398148148148329 0.007614583333333336
0 0.8497962962962962 0.45204166666666656 0.013916666666666641 0.005395833333333222
0 0.8618333333333333 0.4414635416666666 0.007148148148148278 0.009203124999999979
0 0.8799722222222222 0.4297760416666666 0.015611111111111124 0.008249999999999957
0 0.8118055555555556 0.46446875 0.017675925925925956 0.007828124999999986
0 0.8021203703703703 0.45675 0.011092592592592609 0.005499999999999972
0 0.8505462962962963 0.43923958333333335 0.013916666666666641 0.005395833333333222
0 0.8616388888888888 0.43527604166666667 0.008277777777777828 0.005713541666666622
0 0.7980833333333331 0.44093229166666664 0.006768518518518363 0.004338541666666629
0 0.786425925925926 0.43146874999999996 0.011287037037037193 0.007828124999999986
0 0.7808703703703704 0.4550052083333333 0.00921296296296311 0.006239583333333343
0 0.7729722222222222 0.46071354166666667 0.00921296296296311 0.005604166666666721
0 0.7728796296296296 0.45547916666666666 0.006768518518518363 0.004656250000000028
0 0.7770185185185184 0.42443229166666663 0.015796296296296142 0.005604166666666721
0 0.7174999999999999 0.455109375 0.0171111111111111 0.0068749999999999645
0 0.6869444444444444 0.45320312499999993 0.015416666666666698 0.005395833333333222
0 0.8471666666666667 0.4128489583333333 0.007148148148148278 0.007406250000000014
0 0.8405833333333333 0.4006875 0.0075185185185183126 0.00804166666666668
0 0.8362592592592591 0.40602604166666667 0.017675925925925956 0.005604166666666721
0 0.8184814814814814 0.38196354166666663 0.008083333333333245 0.009942708333333262
0 0.8025 0.3920677083333333 0.011092592592592609 0.005182291666666661
0 0.7986481481481481 0.37545833333333334 0.007148148148148278 0.00962500000000004
0 0.8122777777777777 0.3794270833333333 0.007333333333333295 0.009098958333333318
0 0.8100185185185186 0.3706458333333333 0.016361111111111073 0.005499999999999972
0 0.7926296296296296 0.3651979166666666 0.010157407407407327 0.0060312499999999325
0 0.7713796296296296 0.349015625 0.012037037037037143 0.005817708333333371
0 0.7611296296296296 0.35657812499999997 0.011842592592592559 0.0057135416666667105
0 0.7537962962962963 0.36255208333333333 0.008462962962963162 0.006875000000000053
0 0.7396944444444443 0.3888385416666667 0.005833333333333397 0.006348958333333332
0 0.7022685185185185 0.4144895833333333 0.012222222222222317 0.006031250000000021
0 0.6562962962962963 0.4368645833333333 0.018805555555555506 0.0042291666666665504
0 0.7002962962962963 0.39312499999999995 0.00751851851851847 0.0060312499999999325
0 0.754175925925926 0.3453645833333333 0.016740740740740674 0.0057135416666667105
0 0.7233333333333333 0.36218229166666666 0.00996296296296306 0.007614583333333247
0 0.7150555555555554 0.3681041666666666 0.006203703703703746 0.006770833333333304
0 0.7046203703703704 0.3625 0.0071481481481481205 0.006135416666666682
0 0.6878888888888889 0.37006249999999996 0.017296296296296355 0.004973958333333339
0 0.7060277777777777 0.3559427083333333 0.007333333333333454 0.0057135416666667105
0 0.7164722222222221 0.35435416666666664 0.006768518518518363 0.006770833333333304
0 0.7237037037037036 0.34764062500000004 0.012222222222222159 0.008145833333333385
0 0.6707685185185184 0.338859375 0.010907407407407435 0.005817708333333371
0 0.6357962962962963 0.3805364583333333 0.02294444444444442 0.006661458333333314
0 0.6016666666666666 0.40179687499999994 0.024638888888888745 0.0056041666666666766
0 0.6384259259259258 0.3584791666666666 0.010157407407407485 0.01036458333333341
0 0.6429444444444444 0.342828125 0.010157407407407485 0.006979166666666714
0 0.6418148148148147 0.33753645833333334 0.010157407407407485 0.00444270833333329
0 0.6401203703703704 0.3318229166666667 0.011287037037037035 0.00444270833333329
0 0.6670092592592592 0.3234166666666667 0.013166666666666691 0.009203125000000067
0 0.6556296296296297 0.30876562500000004 0.010722222222222102 0.002749999999999986
0 0.6289351851851852 0.30495833333333333 0.014481481481481574 0.008249999999999957
0 0.6436018518518518 0.320984375 0.009962962962962903 0.004760416666666689
0 0.6108796296296296 0.32457812500000005 0.012222222222222317 0.004973958333333339
0 0.6011944444444444 0.32891666666666663 0.015416666666666698 0.008354166666666617
0 0.5649907407407407 0.33071354166666667 0.012972222222222267 0.0060312499999999325
0 0.5486296296296296 0.33330729166666667 0.014101851851851817 0.004020833333333318
0 0.544212962962963 0.3395989583333333 0.016546296296296246 0.005604166666666632
0 0.5066944444444444 0.4081458333333333 0.010722222222222102 0.004338541666666629
0 0.4532962962962963 0.41808854166666665 0.0069537037037036955 0.004338541666666629
0 0.36246296296296293 0.40015624999999994 0.008083333333333402 0.006557291666666609
0 0.33491666666666664 0.40914583333333326 0.010157407407407407 0.0033854166666666074