0 0.4857314814814815 0.20470312499999999 0.013879629629629638 0.00607291666666665
0 0.49254629629629626 0.21554166666666666 0.011564814814814877 0.0049166666666667245
0 0.5623148148148147 0.22118229166666667 0.0077129629629628955 0.00607291666666665
0 0.6730648148148147 0.23299479166666667 0.005749999999999981 0.0033437499999999787
0 0.6895092592592592 0.23445312499999998 0.003935185185185238 0.0032343749999999894
0 0.44726851851851845 0.222359375 0.0117592592592593 0.005661458333333336
0 0.3282407407407407 0.20609374999999996 0.0035185185185184764 0.0026041666666666964
0 0.31361111111111106 0.22348958333333332 0.013518518518518539 0.005520833333333375
0 0.8101851851851851 0.24861979166666667 0.010379629629629664 0.004093750000000007
0 0.4067222222222222 0.24930729166666668 0.010999999999999944 0.0068229166666666785
0 0.3827407407407407 0.25168749999999995 0.013074074074074026 0.005343750000000025
0 0.20311111111111113 0.278390625 0.010175925925925908 0.004838541666666618
0 0.16485185185185183 0.2892708333333333 0.0032962962962962985 0.002901041666666604
0 0.2101296296296296 0.2933020833333333 0.007879629629629648 0.005802083333333386
0 0.08960185185185184 0.3046875 0.008259259259259247 0.007375000000000043
0 0.794037037037037 0.27980208333333334 0.0031851851851851304 0.0019479166666666714
0 0.7509537037037036 0.313078125 0.008731481481481436 0.007093749999999943
0 0.7630092592592591 0.314828125 0.005675925925926132 0.003739583333333396
0 0.3127037037037037 0.3180208333333333 0.013111111111111108 0.006359374999999989
0 0.21958333333333332 0.32295833333333335 0.009425925925925959 0.006526041666666682
0 0.3313703703703703 0.33009374999999996 0.013481481481481457 0.0064427083333332465
0 0.9059259259259259 0.34244791666666663 0.009629629629629714 0.005624999999999947
0 0.6068518518518518 0.3653645833333333 0.00444444444444435 0.002395833333333286
0 0.10881481481481481 0.3790364583333333 0.007685185185185183 0.0064166666666666036
0 0.0801111111111111 0.3914375 0.006962962962962966 0.006890625000000039
0 0.05944444444444444 0.4023958333333333 0.008333333333333333 0.006979166666666714
0 0.36620370370370364 0.37635416666666666 0.008518518518518509 0.004166666666666696
0 0.9594814814814814 0.4316197916666667 0.010277777777777589 0.0070208333333333425
0 0.9397499999999999 0.4605416666666667 0.008046296296296242 0.003822916666666565
0 0.6051666666666667 0.5764583333333333 0.006620370370370507 0.0055416666666666
0 0.8329259259259258 0.6534635416666668 0.004685185185185029 0.0025416666666666643
0 0.9396111111111111 0.605953125 0.007888888888888976 0.007359375000000057
0 0.20214814814814813 0.4971927083333333 0.01136111111111112 0.008249999999999957
0 0.17508333333333334 0.5637187499999999 0.005166666666666665 0.004182291666666771
0 0.14533333333333334 0.5809791666666666 0.012601851851851878 0.006624999999999837
0 0.2316851851851852 0.5837552083333333 0.0049722222222222 0.0025000000000000356
0 0.3257129629629629 0.60590625 0.004712962962963019 0.002354166666666657
0 0.18663888888888888 0.6703385416666666 0.010870370370370353 0.006833333333333335
0 0.8713148148148147 0.7161614583333333 0.006805555555555366 0.003458333333333208
0 0.048268518518518516 0.46796875 0.008990740740740735 0.008432291666666637
0 0.076 0.4846666666666666 0.009888888888888895 0.007083333333333286
0 0.03567592592592593 0.5156979166666666 0.010796296296296297 0.007421875
0 0.06475925925925925 0.5218489583333333 0.005999999999999991 0.0028645833333333925
0 0.5449074074074074 0.7281770833333333 0.005000000000000031 0.0033333333333333214
0 0.7544907407407407 0.7732291666666666 0.004351851851851999 0.0036458333333333924
0 0.6775833333333333 0.7535000000000001 0.010879629629629682 0.004791666666666572
0 0.6479074074074074 0.7767291666666666 0.0036203703703703936 0.0022135416666666076
0 0.6542037037037036 0.7988489583333334 0.004879629629629613 0.0022135416666666076
0 0.5419537037037035 0.8069895833333334 0.008175925925925911 0.0057500000000001
0 0.5241388888888889 0.7632656250000001 0.013018518518518521 0.0053750000000000854
0 0.5042037037037037 0.7733333333333332 0.01261111111111101 0.0053750000000000854
0 0.41821296296296295 0.7549739583333333 0.006666666666666762 0.0038229166666667426
0 0.2944259259259259 0.74653125 0.00738888888888888 0.007369791666666714
0 0.3428611111111111 0.7757447916666667 0.00855555555555559 0.00685416666666665
0 0.34149999999999997 0.7865364583333333 0.004796296296296276 0.002770833333333478
0 0.3380648148148148 0.7974791666666666 0.014787037037037088 0.007291666666666696
0 0.3056759259259259 0.7990416666666667 0.012435185185185165 0.0052239583333334675
0 0.20387037037037037 0.7679218750000001 0.0024629629629630122 0.0020468749999999146
0 0.19113888888888889 0.7544322916666666 0.0037499999999999842 0.0020468749999999146
0 0.17384259259259258 0.7520520833333333 0.004500000000000013 0.002348958333333506
0 0.19162037037037033 0.7364270833333333 0.0038518518518519014 0.0020468749999999146
0 0.2381296296296296 0.7368489583333333 0.004814814814814857 0.002531250000000007
0 0.21439814814814817 0.7127343749999999 0.00472222222222227 0.0028645833333333925
0 0.1844907407407407 0.7164843750000001 0.003981481481481492 0.0028645833333333925
0 0.14703703703703705 0.7161979166666665 0.003518518518518516 0.0030208333333334282
0 0.11347222222222221 0.715859375 0.010277777777777785 0.0049479166666666075
0 0.09324074074074074 0.7046875 0.012962962962962966 0.005104166666666821
0 0.07111111111111111 0.6807291666666666 0.012222222222222218 0.0067708333333333925
0 0.09557407407407408 0.6605416666666667 0.012916666666666642 0.006114583333333279
0 0.08066666666666666 0.6549479166666666 0.00817592592592593 0.006953124999999893
0 0.06282407407407406 0.655109375 0.00446296296296295 0.002666666666666551
0 0.05967592592592593 0.6197395833333333 0.006944444444444444 0.006562499999999893
0 0.04652777777777778 0.5905833333333333 0.01046296296296296 0.006364583333333229
0 0.06632407407407406 0.5732708333333333 0.004055555555555558 0.0022812500000000567