0 0.5900092592592593 0.17427604166666666 0.016407407407407485 0.016260416666666666
0 0.6282407407407408 0.17880208333333333 0.01198148148148148 0.006864583333333308
0 0.6992777777777778 0.190671875 0.00984259259259264 0.011286458333333327
0 0.7021018518518518 0.18142187499999998 0.020064814814814882 0.011239583333333369
0 0.7231944444444444 0.19264583333333332 0.01175000000000005 0.013520833333333338
0 0.6948888888888889 0.20346354166666664 0.02105555555555551 0.00596874999999999
0 0.6801574074074075 0.21117187499999995 0.012055555555555486 0.003942708333333389
0 0.7638703703703704 0.20891666666666664 0.014342592592592495 0.011458333333333303
0 0.7494444444444444 0.21909375 0.011138888888888863 0.006322916666666689
0 0.7712314814814815 0.22643229166666665 0.012592592592592508 0.005609374999999961
0 0.7627222222222222 0.23577083333333332 0.009000000000000025 0.010541666666666671
0 0.7279259259259258 0.25111979166666665 0.006870370370370438 0.010291666666666633
0 0.6641018518518518 0.256125 0.016249999999999907 0.01815104166666668
0 0.6174814814814814 0.264390625 0.010296296296296248 0.01193229166666665
0 0.6156851851851852 0.20582291666666666 0.01770370370370355 0.00905729166666669
0 0.5665092592592592 0.2246302083333333 0.008472222222222254 0.009677083333333326
0 0.5478518518518517 0.22411458333333334 0.017546296296296286 0.0050937499999999854
0 0.5293518518518519 0.20404166666666662 0.02326851851851867 0.007895833333333347
0 0.5166481481481482 0.18646354166666665 0.013120370370370438 0.011453125000000019
0 0.5386203703703704 0.18292187499999998 0.007018518518518451 0.010656250000000034
0 0.5314907407407407 0.16847395833333334 0.02067592592592591 0.008953125000000029
0 0.46124999999999994 0.16888020833333334 0.009157407407407447 0.0052552083333333496
0 0.4691111111111111 0.166328125 0.01633333333333332 0.007359375000000013
0 0.42904629629629626 0.17701562499999998 0.015564814814814712 0.005723958333333323
0 0.4219166666666666 0.16999479166666664 0.01824074074074073 0.00989062500000002
0 0.3809074074074074 0.19472916666666668 0.009611111111111055 0.006953125000000027
0 0.4462222222222222 0.20127604166666666 0.01633333333333332 0.006140624999999988
0 0.41668518518518516 0.20880729166666664 0.015870370370370306 0.006088541666666725
0 0.39982407407407405 0.21235416666666668 0.019074074074074094 0.005718750000000039
0 0.44923148148148145 0.22361979166666668 0.012592592592592666 0.015098958333333367
0 0.3838796296296296 0.17011458333333335 0.025027777777777753 0.004937499999999995
0 0.3306944444444444 0.18108333333333332 0.012814814814814845 0.006703124999999988
0 0.3357685185185185 0.189046875 0.0174722222222222 0.007609375000000007
0 0.3198611111111111 0.19587499999999997 0.014953703703703683 0.007067708333333344
0 0.2935 0.184046875 0.019305555555555604 0.004968749999999966
0 0.30696296296296294 0.19941666666666666 0.0180092592592593 0.010322916666666692
0 0.2641574074074074 0.199203125 0.0170925925925926 0.009854166666666653
0 0.26732407407407405 0.21365104166666665 0.012435185185185165 0.015182291666666625
0 0.33375 0.22984374999999999 0.018925925925926002 0.013234374999999955
0 0.3087962962962963 0.24433333333333335 0.02639814814814814 0.010020833333333368
0 0.3416111111111111 0.24686458333333333 0.0187685185185185 0.007359374999999968
0 0.39402777777777775 0.258203125 0.028388888888888807 0.009427083333333374
0 0.2647685185185185 0.2530052083333333 0.012212962962962988 0.015348958333333319
0 0.24027777777777778 0.2615052083333333 0.01999074074074072 0.004880208333333335
0 0.19746296296296295 0.2347395833333333 0.02473148148148149 0.004135416666666725
0 0.17975925925925923 0.24461458333333336 0.019231481481481457 0.004999999999999982
0 0.2090648148148148 0.26933854166666665 0.012509259259259251 0.007354166666666639
0 0.22389814814814812 0.27524479166666665 0.011064814814814777 0.01519270833333337
0 0.4753611111111111 0.28120312499999994 0.011444444444444457 0.013796874999999976
0 0.518324074074074 0.2707239583333333 0.010379629629629664 0.015161458333333312
0 0.5680740740740741 0.2956041666666666 0.015259259259259276 0.010411458333333368
0 0.6885555555555556 0.29435416666666664 0.01770370370370355 0.008395833333333247
0 0.6866851851851852 0.31060937499999997 0.017629629629629544 0.008229166666666643
0 0.735712962962963 0.27465625 0.009462962962962883 0.010578124999999971
0 0.7225833333333334 0.2759635416666667 0.007629629629629638 0.007614583333333247
0 0.8039629629629629 0.24067187499999995 0.01045370370370367 0.009750000000000014
0 0.8002222222222222 0.22043229166666664 0.019453703703703695 0.007713541666666668
0 0.8546666666666666 0.24350520833333328 0.013583333333333296 0.010953124999999985
0 0.8114814814814815 0.2564739583333333 0.009916666666666806 0.014989583333333289
0 0.8919814814814815 0.2616666666666666 0.013731481481481308 0.008109374999999997
0 0.8925925925925925 0.2716927083333333 0.01556481481481487 0.007223958333333247
0 0.8638981481481481 0.28468229166666664 0.011907407407407315 0.008734374999999961
0 0.8773703703703702 0.30518229166666666 0.01426851851851849 0.014114583333333286
0 0.9293240740740739 0.3019166666666666 0.006027777777777664 0.016171874999999947
0 0.8399351851851852 0.3194166666666666 0.014805555555555669 0.007822916666666657
0 0.8670277777777777 0.33671875 0.014037037037037218 0.0089479166666667
0 0.9295925925925925 0.32425 0.023194444444444507 0.0067499999999999895
0 0.9221203703703703 0.33169791666666665 0.016787037037037243 0.0066250000000000146
0 0.9084629629629628 0.35122916666666665 0.012055555555555644 0.00838541666666659
0 0.9321851851851851 0.37067187500000004 0.021055555555555668 0.010703124999999947
0 0.8450092592592592 0.36644270833333337 0.023731481481481687 0.0049947916666666535
0 0.862101851851852 0.37784375 0.0231203703703705 0.0075208333333333325
0 0.7107592592592593 0.32198958333333333 0.018314814814814815 0.0050677083333333425
0 0.7288055555555556 0.3299270833333333 0.01045370370370367 0.012359375000000039
0 0.7024814814814815 0.3019166666666666 0.015796296296296298 0.0061510416666666675
0 0.5673518518518519 0.3479427083333333 0.01747222222222212 0.00809375000000001
0 0.46895370370370365 0.33203645833333334 0.009768518518518477 0.010317708333333276
0 0.4363703703703703 0.3411822916666667 0.021518518518518527 0.008859375000000025
0 0.36923148148148144 0.3363333333333333 0.039833333333333304 0.008598958333333328
0 0.3554907407407407 0.32272395833333334 0.014342592592592613 0.009713541666666714
0 0.29987037037037034 0.33781249999999996 0.018314814814814815 0.009468750000000003
0 0.27575925925925926 0.30385416666666665 0.017703703703703708 0.011036458333333332
0 0.24988888888888888 0.32143229166666665 0.017546296296296365 0.008317708333333318
0 0.19777777777777775 0.305765625 0.009462962962962961 0.01270833333333341
0 0.16679629629629628 0.28858854166666664 0.020750000000000036 0.006192708333333385
0 0.1377685185185185 0.29883333333333334 0.01212962962962965 0.01729687499999999
0 0.16114814814814812 0.29846874999999995 0.014953703703703683 0.006692708333333286
0 0.16382407407407407 0.30260937499999996 0.01724074074074073 0.007682291666666697
0 0.14554629629629628 0.3257083333333333 0.013351851851851866 0.007526041666666661
0 0.114 0.3084270833333333 0.01007407407407407 0.007729166666666653
0 0.09674999999999999 0.3031875 0.010990740740740731 0.007557291666666632
0 0.09041666666666666 0.30921875 0.012972222222222217 0.0048489583333332755
0 0.0888148148148148 0.3300208333333333 0.017703703703703697 0.006593750000000042
0 0.11792592592592592 0.3418072916666667 0.01365740740740742 0.014833333333333342
0 0.15477777777777776 0.3496197916666667 0.020833333333333332 0.006421874999999933
0 0.19445370370370368 0.34139583333333334 0.014722222222222175 0.0070208333333333425
0 0.17057407407407407 0.3409270833333333 0.012287037037037034 0.007104166666666689
0 0.2286018518518518 0.3494479166666667 0.012814814814814765 0.009375
0 0.07054629629629629 0.34481249999999997 0.011370370370370371 0.01182291666666666
0 0.07062037037037036 0.3354270833333333 0.01914814814814816 0.007223958333333247
0 0.11594444444444443 0.35659374999999993 0.02128703703703706 0.013114583333333396
0 0.15974074074074074 0.27858854166666663 0.013203703703703695 0.01200000000000001
0 0.11162962962962963 0.2853020833333333 0.02014814814814814 0.006119791666666696
0 0.11262037037037036 0.27521874999999996 0.022740740740740742 0.01427083333333341
0 0.0898425925925926 0.2904322916666667 0.014879629629629626 0.0072291666666667535
0 0.13349074074074072 0.2750833333333333 0.017629629629629662 0.004989583333333325
0 0.17458333333333334 0.3753333333333333 0.01556481481481483 0.011067708333333304
0 0.12147222222222222 0.37449479166666666 0.02716666666666667 0.008963541666666686
0 0.07927777777777778 0.3723489583333333 0.012361111111111099 0.013255208333333357
0 0.07111111111111111 0.38496874999999997 0.008851851851851854 0.009578125000000081
0 0.06623148148148149 0.37752083333333336 0.014953703703703702 0.0077187499999999964
0 0.11902777777777779 0.3838958333333333 0.022888888888888913 0.0040000000000000036
0 0.11837962962962961 0.3910885416666666 0.011212962962962989 0.008072916666666697
0 0.1762962962962963 0.3955729166666666 0.01289814814814816 0.01326562499999997
0 0.13112962962962962 0.41010937499999994 0.008620370370370386 0.006942708333333237
0 0.1399351851851852 0.4143385416666666 0.014648148148148129 0.005781249999999893
0 0.09125925925925925 0.40286979166666664 0.01923148148148149 0.012401041666666623
0 0.07886111111111112 0.39361979166666666 0.01655555555555556 0.009015624999999972
0 0.07405555555555556 0.39952604166666666 0.009842592592592582 0.005364583333333295
0 0.06718518518518518 0.4054895833333333 0.011370370370370371 0.009739583333333357
0 0.05752777777777777 0.4228802083333333 0.017703703703703708 0.012166666666666614
0 0.07298148148148147 0.4345833333333333 0.005879629629629631 0.012817708333333223
0 0.09122222222222222 0.44035416666666666 0.013657407407407412 0.008484374999999923
0 0.19102777777777777 0.4096770833333333 0.012435185185185165 0.011239583333333237
0 0.1925462962962963 0.4506145833333333 0.015490740740740784 0.009265624999999921
0 0.22387037037037036 0.42927604166666666 0.00854629629629634 0.008520833333333222
0 0.2466111111111111 0.411328125 0.008851851851851776 0.008359375000000035
0 0.23711111111111108 0.3861927083333333 0.011824074074074058 0.010994791666666615
0 0.24569444444444447 0.3647083333333333 0.010685185185185178 0.009989583333333395
0 0.3099074074074074 0.3842395833333333 0.015796296296296218 0.008463541666666696
0 0.407 0.44528645833333336 0.0161759259259259 0.008473958333333264
0 0.3248240740740741 0.4124427083333333 0.014194444444444482 0.00888541666666658
0 0.3659074074074074 0.45811979166666666 0.01824074074074073 0.006203125000000043
0 0.3187129629629629 0.4646041666666666 0.02335185185185185 0.00954687500000002
0 0.26255555555555554 0.48339583333333336 0.010527777777777756 0.011447916666666735
0 0.18800925925925926 0.4867864583333333 0.017703703703703708 0.008958333333333356
0 0.25958333333333333 0.5154010416666667 0.008851851851851776 0.010526041666666685
0 0.2995648148148148 0.50359375 0.008240740740740746 0.009249999999999935
0 0.43534259259259256 0.5026302083333333 0.010759259259259264 0.012468750000000028
0 0.2145648148148148 0.5062395833333333 0.02258333333333332 0.00781770833333333
0 0.19007407407407406 0.51040625 0.015111111111111105 0.01236458333333328
0 0.22901851851851854 0.5264427083333333 0.020370370370370396 0.009046874999999944
0 0.27686111111111106 0.5478645833333333 0.03609259259259261 0.008265624999999943
0 0.2243333333333333 0.5454375 0.021361111111111105 0.007536458333333229
0 0.19434259259259257 0.5355208333333333 0.02182407407407404 0.007624999999999993
0 0.17637037037037034 0.5255416666666666 0.013203703703703695 0.010848958333333237
0 0.06588888888888889 0.4766510416666666 0.012740740740740738 0.01498437500000005
0 0.12559259259259256 0.5192343749999999 0.018157407407407435 0.008296875000000092
0 0.11338888888888887 0.5148333333333334 0.009305555555555579 0.008510416666666566
0 0.10376851851851851 0.5121041666666667 0.014499999999999997 0.004239583333333385
0 0.09552777777777778 0.514234375 0.01633333333333335 0.007307291666666593
0 0.09946296296296296 0.5225833333333333 0.020833333333333332 0.00560937500000005
0 0.07889814814814813 0.5063541666666667 0.022740740740740742 0.007166666666666721
0 0.08149074074074074 0.5154583333333334 0.015722222222222214 0.007609375000000007
0 0.08095370370370371 0.5308229166666665 0.00701851851851853 0.009723958333333371
0 0.13696296296296293 0.5570468749999999 0.009157407407407408 0.008354166666666708
0 0.19510185185185186 0.5582499999999999 0.027777777777777776 0.005953124999999915
0 0.09705555555555555 0.5785416666666666 0.01556481481481483 0.003567708333333286
0 0.09068518518518517 0.5834374999999999 0.01732407407407408 0.0062239583333331796
0 0.07657407407407407 0.5893593749999999 0.00892592592592594 0.007682291666666607
0 0.13555555555555554 0.5996875 0.012435185185185205 0.012541666666666628
0 0.14955555555555555 0.606640625 0.007629629629629638 0.009286458333333237
0 0.1764074074074074 0.5997083333333333 0.018009259259259263 0.007005208333333179
0 0.2411574074074074 0.5950260416666666 0.0174722222222222 0.005369791666666579
0 0.16973148148148148 0.6369322916666667 0.007703703703703684 0.010203125000000136
0 0.13280555555555557 0.6306822916666667 0.011370370370370333 0.011307291666666686
0 0.11727777777777777 0.6261927083333333 0.008694444444444432 0.007833333333333314
0 0.1292222222222222 0.6393749999999999 0.020064814814814844 0.008083333333333265
0 0.11960185185185182 0.6487343749999999 0.008777777777777768 0.008250000000000136
0 0.10198148148148148 0.6310468749999999 0.012435185185185205 0.009291666666666743
0 0.08438888888888889 0.6276822916666667 0.01160185185185186 0.015307291666666601
0 0.23638888888888887 0.6488020833333333 0.016481481481481493 0.007765624999999865
0 0.24287037037037038 0.6438645833333333 0.02090740740740742 0.006406250000000035
0 0.26187037037037036 0.6378958333333333 0.014953703703703683 0.007182291666666707
0 0.3229166666666667 0.6339010416666666 0.014953703703703683 0.010875000000000056
0 0.31253703703703706 0.6044687499999999 0.014342592592592575 0.011796875000000106
0 0.32882407407407405 0.58396875 0.011518518518518542 0.010307291666666708
0 0.431037037037037 0.5544843749999999 0.011296296296296285 0.013057291666666693
0 0.4064629629629629 0.6204947916666665 0.013425925925925872 0.01064583333333342
0 0.41538888888888886 0.642671875 0.015416666666666698 0.009244791666666608
0 0.5068796296296295 0.6410885416666667 0.01709259259259268 0.012078125000000028
0 0.5026018518518518 0.6294947916666667 0.010990740740740692 0.009494791666666735
0 0.5117592592592592 0.6118906249999999 0.02319444444444435 0.006906250000000114
0 0.5638425925925926 0.6544791666666666 0.029833333333333358 0.009682291666666742
0 0.6084722222222222 0.6488125 0.018388888888888743 0.010364583333333321
0 0.6882870370370371 0.6556927083333333 0.02205555555555555 0.01064583333333342
0 0.7106111111111111 0.629546875 0.014805555555555591 0.012291666666666678
0 0.7450185185185185 0.6630572916666666 0.026861111111111 0.007505208333333258
0 0.7904537037037037 0.6735 0.018388888888888903 0.008505208333333236
0 0.7633333333333332 0.6873489583333333 0.015416666666666856 0.010427083333333264
0 0.6730648148148147 0.6985052083333334 0.020453703703703575 0.007166666666666721
0 0.6419351851851851 0.7063802083333333 0.01495370370370384 0.010989583333333285
0 0.6785185185185185 0.7148177083333334 0.024796296296296323 0.008281250000000106
0 0.7237314814814814 0.7060156249999999 0.022888888888888913 0.009572916666666664
0 0.664287037037037 0.7228437499999999 0.009305555555555461 0.010249999999999915
0 0.6211388888888889 0.726796875 0.01975925925925913 0.009218749999999965
0 0.6481111111111111 0.7376145833333333 0.013888888888888888 0.005557291666666764
0 0.6652037037037036 0.7378750000000001 0.013277777777777703 0.007666666666666622
0 0.6863425925925926 0.735359375 0.015259259259259276 0.007109375000000107
0 0.6814999999999999 0.7392447916666666 0.01045370370370367 0.006635416666666494
0 0.6674537037037037 0.750921875 0.020222222222222145 0.009031250000000135
0 0.6498333333333334 0.7584583333333332 0.023425925925925937 0.007265624999999965
0 0.5228981481481482 0.70859375 0.030212962962963115 0.01128645833333337
0 0.5029074074074074 0.7209166666666667 0.025027777777777753 0.004671874999999837
0 0.48032407407407407 0.7260677083333332 0.018314814814814735 0.008098958333333428
0 0.4362222222222222 0.7109791666666666 0.027777777777777776 0.005927083333333449
0 0.18644444444444447 0.6631822916666665 0.020064814814814824 0.0033906250000001136
0 0.14291666666666666 0.6765729166666666 0.008694444444444432 0.012656250000000036
0 0.1759537037037037 0.6747760416666666 0.028388888888888904 0.006057291666666664
0 0.1765648148148148 0.6845625 0.01007407407407407 0.010421875000000113
0 0.1882777777777778 0.6958541666666667 0.019453703703703695 0.009296874999999894
0 0.18869444444444441 0.7027864583333333 0.02396296296296296 0.005302083333333307
0 0.22005555555555556 0.7092916666666665 0.017703703703703708 0.005598958333333392
0 0.25512037037037033 0.6798385416666666 0.013962962962962974 0.009562500000000007
0 0.26412037037037034 0.6979583333333332 0.011212962962962949 0.007666666666666622
0 0.26408333333333334 0.7350468749999999 0.012055555555555566 0.0077395833333333995
0 0.27953703703703703 0.7350885416666666 0.02159259259259261 0.0102291666666666
0 0.28453703703703703 0.716109375 0.013888888888888888 0.006979166666666714
0 0.3064351851851852 0.6935468749999999 0.022740740740740666 0.007895833333333258
0 0.37182407407407403 0.6719739583333333 0.015564814814814712 0.009411458333333478
0 0.37434259259259256 0.6813125 0.02731481481481476 0.009192708333333322
0 0.39719444444444446 0.6981614583333333 0.014416666666666661 0.0068229166666666785
0 0.3736574074074074 0.6991093749999999 0.02105555555555551 0.0066510416666666575
0 0.3549259259259259 0.7116458333333332 0.019611111111111038 0.009046874999999944
0 0.32894444444444443 0.7231093749999999 0.012814814814814845 0.011015625000000107
0 0.3145185185185185 0.7305989583333333 0.012666666666666593 0.008473958333333264
0 0.3356574074074074 0.7339270833333333 0.0116018518518518 0.0031093749999998367
0 0.29643518518518513 0.7474062499999999 0.010685185185185178 0.0053333333333332785
0 0.30318518518518517 0.7450677083333332 0.013203703703703695 0.006151041666666579
0 0.3129907407407407 0.7500260416666666 0.02090740740740742 0.009536458333333364
0 0.34008333333333335 0.7501979166666667 0.014953703703703683 0.016062500000000136
0 0.3837685185185185 0.7559947916666666 0.01975925925925929 0.007046875000000163
0 0.3933425925925926 0.7377499999999999 0.015259259259259276 0.004906249999999978
0 0.38868518518518513 0.742 0.013888888888888888 0.0075677083333333785
0 0.3591944444444444 0.7223802083333333 0.017166666666666646 0.0064635416666666504
0 0.37590740740740736 0.7272291666666666 0.02189814814814813 0.006203124999999865
0 0.47414814814814815 0.750984375 0.013120370370370438 0.007624999999999993
0 0.48199999999999993 0.7455729166666666 0.014194444444444324 0.009859374999999915
0 0.5135555555555555 0.7493749999999999 0.011370370370370293 0.006119791666666608
0 0.5136296296296297 0.7583229166666666 0.015796296296296298 0.010968749999999972
0 0.5377777777777777 0.74375 0.010990740740740692 0.006213541666666522
0 0.5516666666666665 0.763734375 0.032046296296296205 0.007015624999999836
0 0.5464444444444444 0.7439010416666666 0.01121296296296287 0.007197916666666693
0 0.5567407407407406 0.7422916666666667 0.01350925925925913 0.005697916666666636
0 0.5778055555555556 0.7472031250000001 0.010296296296296248 0.006593749999999865
0 0.5913425925925926 0.7481927083333333 0.0106851851851851 0.006541666666666579
0 0.5857407407407408 0.7560729166666667 0.01045370370370367 0.004744791666666792
0 0.5734537037037037 0.7561562499999999 0.015333333333333282 0.005729166666666607
0 0.5810462962962962 0.7614583333333333 0.023657407407407367 0.005557291666666764
0 0.7232222222222222 0.73984375 0.03547222222222217 0.0063437499999999146
0 0.7380092592592591 0.732234375 0.013490740740740787 0.009562500000000007
0 0.7483518518518518 0.73528125 0.008712962962962933 0.005854166666666494
0 0.7610092592592592 0.73784375 0.009175925925926106 0.005854166666666494
0 0.747175925925926 0.7156822916666666 0.011824074074074058 0.006484374999999964
0 0.7616944444444443 0.7185833333333334 0.012351851851851671 0.005802083333333208
0 0.7879166666666666 0.7303958333333332 0.009777777777777727 0.010317708333333364
0 0.801712962962963 0.7221249999999999 0.01720370370370353 0.006395833333333378
0 0.8128611111111111 0.7146822916666666 0.011601851851851721 0.00891666666666655
0 0.8353333333333333 0.7115677083333333 0.009851851851852049 0.009177083333333336
0 0.853 0.692375 0.012435185185185244 0.008333333333333392
0 0.8313148148148147 0.6973229166666666 0.010305555555555656 0.008671875000000107
0 0.7923148148148148 0.7116302083333332 0.008712962962962933 0.010328125000000021
0 0.7737407407407406 0.7126770833333332 0.016296296296296316 0.004984375000000085
0 0.8809259259259259 0.6423645833333332 0.008111111111110998 0.005593749999999886
0 0.887787037037037 0.6459270833333333 0.010305555555555656 0.01169270833333318
0 0.9076111111111111 0.6522395833333332 0.012351851851851671 0.004182291666666771
0 0.9110185185185184 0.6541770833333332 0.010083333333333321 0.011817708333333421
0 0.9209166666666666 0.6473125 0.015314814814814781 0.007640624999999979
0 0.8412870370370371 0.6215989583333333 0.019175925925925853 0.004916666666666636
0 0.8019444444444445 0.6251354166666666 0.011444444444444457 0.008921875000000056
0 0.9140185185185185 0.63671875 0.009398148148148128 0.0044322916666667215
0 0.9253518518518519 0.6325572916666666 0.007203703703703783 0.006015625000000036
0 0.9185648148148147 0.6341822916666666 0.011824074074074058 0.007463541666666629
0 0.9405462962962962 0.6284635416666667 0.007879629629629726 0.005677083333333321
0 0.8967314814814814 0.6172916666666667 0.016675925925925917 0.0041510416666666215
0 0.9077962962962961 0.6160989583333334 0.015768518518518387 0.004833333333333379
0 0.9035555555555554 0.6106197916666667 0.018194444444444634 0.005104166666666821
0 0.9105277777777777 0.5966614583333333 0.010916666666666528 0.0061822916666665504
0 0.9549444444444444 0.5888958333333333 0.006370370370370576 0.00934895833333318
0 0.9220555555555555 0.581984375 0.011518518518518464 0.00610937499999995
0 0.9364907407407406 0.5775104166666666 0.028879629629629575 0.007958333333333378
0 0.9418333333333332 0.5681041666666666 0.01288888888888885 0.010046874999999922
0 0.9049166666666666 0.5676979166666667 0.021527777777777778 0.004838541666666707
0 0.8752037037037037 0.5559895833333333 0.02031481481481497 0.0073645833333332075
0 0.8251018518518518 0.5668489583333333 0.01288888888888885 0.012218750000000079
0 0.7526388888888889 0.5576666666666666 0.009250000000000114 0.010057291666666579
0 0.8873333333333333 0.536296875 0.012731481481481587 0.010078124999999893
0 0.9441481481481481 0.5342083333333333 0.01660185185185191 0.006578125000000057
0 0.960824074074074 0.5295416666666666 0.0076574074074073906 0.006114583333333279
0 0.9538148148148147 0.5217552083333332 0.012583333333333257 0.00603645833333335
0 0.956537037037037 0.5267239583333333 0.015009259259259188 0.0049218749999999645
0 0.8333611111111111 0.5107083333333333 0.013796296296296381 0.008385416666666678
0 0.7862870370370371 0.526125 0.024555555555555643 0.009526041666666707
0 0.7687407407407407 0.5308385416666667 0.011898148148148064 0.0073489583333334
0 0.6182407407407408 0.5473802083333333 0.012277777777777821 0.019338541666666664
0 0.5649537037037037 0.5135156249999999 0.01925000000000002 0.004052083333333378
0 0.6591296296296296 0.4972291666666666 0.023425925925925937 0.008911458333333223
0 0.4869074074074074 0.4914739583333333 0.010083333333333479 0.019661458333333392
0 0.4696018518518519 0.39470312500000004 0.026462962962963053 0.019854166666666596
0 0.7077129629629629 0.43845833333333334 0.015472222222222203 0.022505208333333294
0 0.5746666666666667 0.3192968749999999 0.02573148148148145 0.017526041666666714
0 0.8411296296296294 0.46425520833333334 0.028259259259259137 0.01302604166666672
0 0.9575277777777779 0.500328125 0.01710185185185177 0.009869791666666749
0 0.9672685185185186 0.49090624999999993 0.02587962962962946 0.011479166666666707
0 0.9114907407407407 0.46731249999999996 0.015472222222222361 0.011604166666666593
0 0.947111111111111 0.4633749999999999 0.014129629629629726 0.011328125
0 0.9105185185185184 0.45090624999999995 0.01978703703703704 0.00891666666666655
0 0.930824074074074 0.44496354166666663 0.024398148148148065 0.011338541666666656
0 0.9242777777777778 0.40928125 0.013685185185185054 0.015187500000000043
0 0.9340185185185186 0.42480208333333336 0.03436111111111113 0.013604166666666551
0 0.9377222222222221 0.41150000000000003 0.010768518518518514 0.00955208333333335
0 0.9492407407407408 0.39621874999999995 0.017009259259259262 0.008885416666666623