0 0.1419074074074074 0.3885677083333333 0.009009259259259276 0.0033385416666667387
0 0.10709259259259257 0.37785416666666666 0.010240740740740743 0.0056458333333332614
0 0.12521296296296294 0.382234375 0.01085185185185189 0.005411458333333385
0 0.11334259259259258 0.38286458333333334 0.010037037037037027 0.005296875000000067
0 0.13166666666666665 0.3894322916666667 0.008601851851851885 0.004375000000000018
0 0.13648148148148148 0.3949010416666667 0.010037037037037027 0.0033385416666667387
0 0.1300277777777778 0.3966302083333333 0.008194444444444452 0.005411458333333385
0 0.11466666666666667 0.4048072916666666 0.006962962962962986 0.0033385416666666503
0 0.13780555555555554 0.4158072916666667 0.010648148148148136 0.004838541666666707
0 0.15255555555555553 0.41863020833333325 0.009416666666666669 0.004489583333333336
0 0.16535185185185186 0.4350989583333333 0.012490740740740748 0.0033385416666666503
0 0.10249074074074073 0.4252552083333333 0.008398148148148129 0.003916666666666657
0 0.10453703703703704 0.4166718749999999 0.0047129629629629795 0.0047239583333333005
0 0.17077777777777778 0.4446614583333333 0.006962962962962946 0.0042604166666667
0 0.14497222222222222 0.4514010416666666 0.01146296296296296 0.007140625000000078
0 0.12204629629629629 0.44805729166666663 0.009009259259259276 0.0029947916666666075
0 0.11385185185185184 0.4429895833333333 0.007370370370370378 0.0027656249999999717
0 0.10279629629629627 0.4508802083333333 0.00777777777777777 0.007718749999999908
0 0.0772962962962963 0.4423020833333333 0.009212962962962952 0.006911458333333264
0 0.0661388888888889 0.4405156249999999 0.005324074074074068 0.0063333333333334355
0 0.08876851851851851 0.4268645833333333 0.00675925925925926 0.005296874999999979
0 0.22043518518518515 0.44276041666666666 0.011259259259259283 0.007140625000000078
0 0.25913888888888886 0.432453125 0.014129629629629648 0.0038020833333332503
0 0.2763333333333333 0.4238697916666666 0.007574074074074054 0.010828124999999921
0 0.20845370370370367 0.40169791666666665 0.010240740740740743 0.003109375000000014
0 0.19719444444444442 0.4052135416666666 0.010240740740740743 0.004609374999999893
0 0.19893518518518516 0.39409374999999996 0.01044444444444442 0.004031249999999975
0 0.18582407407407406 0.3905833333333333 0.007574074074074054 0.007140624999999989
0 0.17978703703703702 0.38683854166666665 0.008601851851851864 0.004031249999999975
0 0.1723148148148148 0.38188541666666664 0.009620370370370345 0.0044895833333332465
0 0.16545370370370371 0.38315625 0.00777777777777777 0.008177083333333357
0 0.15674999999999997 0.3775677083333333 0.005935185185185195 0.006911458333333354
0 0.14753703703703702 0.3709427083333333 0.00880555555555556 0.006796874999999947
0 0.19340740740740742 0.3788333333333333 0.008398148148148168 0.0050677083333333425
0 0.22155555555555553 0.3806197916666666 0.006138888888888911 0.005874999999999986
0 0.21695370370370368 0.37549479166666666 0.009620370370370383 0.004838541666666618
0 0.19227777777777777 0.36967708333333327 0.009009259259259276 0.008406250000000082
0 0.1977037037037037 0.36063541666666665 0.012490740740740748 0.005531249999999943
0 0.20784259259259258 0.3592552083333333 0.009416666666666709 0.003916666666666657
0 0.21736111111111112 0.3542447916666666 0.011259259259259283 0.0042604166666667
0 0.16330555555555556 0.36080729166666664 0.0067592592592592695 0.0056458333333332614
0 0.15162962962962961 0.36310937499999996 0.011675925925925925 0.006796874999999947
0 0.14978703703703702 0.352859375 0.008398148148148129 0.0047239583333333005
0 0.1502962962962963 0.34952083333333334 0.013101851851851818 0.007947916666666633
0 0.1834722222222222 0.3399010416666667 0.009009259259259276 0.005531249999999943
0 0.17138888888888887 0.3315520833333333 0.009009259259259276 0.0042604166666667
0 0.20630555555555555 0.33714062499999997 0.007981481481481485 0.005531249999999943
0 0.22339814814814815 0.33178124999999997 0.007370370370370378 0.008177083333333357
0 0.19667592592592592 0.30574999999999997 0.008398148148148168 0.0044895833333332465
0 0.2134722222222222 0.31559895833333335 0.007574074074074054 0.004838541666666618
0 0.2112222222222222 0.310359375 0.008805555555555521 0.0042604166666667
0 0.22278703703703703 0.30062500000000003 0.013925925925925972 0.0050677083333333425
0 0.23588888888888884 0.30103125 0.009009259259259276 0.0056458333333332614
0 0.2655833333333333 0.3408802083333333 0.007370370370370378 0.006567708333333311
0 0.2734722222222222 0.35994270833333336 0.008805555555555521 0.006911458333333354
0 0.26169444444444445 0.37272916666666667 0.012287037037036994 0.006682291666666629
0 0.2943518518518518 0.3641510416666666 0.0051203703703703715 0.006796874999999947
0 0.3038796296296296 0.36570312499999996 0.01146296296296296 0.005760416666666668
0 0.31216666666666665 0.3661041666666666 0.007574074074074054 0.0056458333333332614
0 0.2816574074074074 0.323890625 0.008398148148148168 0.003916666666666657
0 0.2945555555555555 0.3286145833333333 0.011259259259259203 0.004375000000000018
0 0.2900555555555555 0.32469791666666664 0.006759259259259191 0.0050677083333333425
0 0.2589259259259259 0.2890520833333333 0.009620370370370383 0.004953125000000025
0 0.275212962962963 0.30005208333333333 0.006962962962962946 0.0036874999999999326
0 0.28053703703703703 0.30229687499999996 0.008601851851851845 0.003109375000000014
0 0.2992685185185185 0.30851562499999996 0.005935185185185155 0.005411458333333385
0 0.30234259259259255 0.3131822916666666 0.011675925925925965 0.0041458333333333815
0 0.3075648148148148 0.3202083333333333 0.006962962962962946 0.005760416666666668
0 0.3181111111111111 0.3226822916666666 0.009212962962963032 0.005182291666666661
0 0.31995370370370374 0.3293645833333333 0.005527777777777803 0.006104166666666711
0 0.3222037037037037 0.30396354166666667 0.007981481481481485 0.004838541666666618
0 0.34226851851851847 0.306671875 0.007574074074074054 0.0042604166666667
0 0.3285462962962963 0.3299947916666667 0.006351851851851839 0.006218750000000028
0 0.33060185185185187 0.34047916666666667 0.013305555555555534 0.007833333333333314
0 0.34953703703703703 0.34468229166666664 0.006138888888888911 0.004953125000000025
0 0.3485185185185185 0.33166666666666667 0.009833333333333312 0.003109375000000014
0 0.34677777777777774 0.3700781249999999 0.009620370370370383 0.007369791666666714
0 0.4006296296296296 0.3609791666666667 0.012490740740740748 0.008062500000000038
0 0.39305555555555555 0.35458854166666665 0.008398148148148247 0.005411458333333385
0 0.3829166666666666 0.34963541666666664 0.014333333333333403 0.0035729166666666145
0 0.3951018518518518 0.3421510416666666 0.010037037037037067 0.008869791666666682
0 0.4024722222222222 0.3258489583333333 0.009212962962962952 0.008062500000000038
0 0.38875 0.322796875 0.01085185185185193 0.0056458333333332614
0 0.38210185185185186 0.32153125 0.007370370370370457 0.0033385416666667387
0 0.38097222222222216 0.31968749999999996 0.008398148148148247 0.0042604166666667
0 0.36704629629629626 0.30638541666666663 0.008398148148148247 0.003453125000000057
0 0.366537037037037 0.298953125 0.00573148148148148 0.007484374999999943
0 0.35783333333333334 0.3001666666666667 0.006351851851851878 0.004838541666666618
0 0.35690740740740734 0.2943489583333333 0.008194444444444452 0.007026041666666672
0 0.35896296296296293 0.28576562499999997 0.009416666666666629 0.008062500000000038
0 0.3152407407407407 0.2836354166666667 0.012490740740740748 0.0056458333333332614
0 0.2723425925925926 0.2805833333333333 0.01146296296296296 0.004609374999999982
0 0.3508703703703704 0.26751041666666664 0.007166666666666701 0.007026041666666672
0 0.35271296296296295 0.27459375 0.007981481481481485 0.003223958333333332
0 0.37349999999999994 0.2683177083333333 0.008194444444444412 0.005411458333333385
0 0.3904907407407407 0.26751041666666664 0.008194444444444412 0.0047239583333333005
0 0.3839444444444444 0.2761510416666667 0.007370370370370457 0.0035729166666666145
0 0.38947222222222216 0.27649479166666663 0.008601851851851765 0.0047239583333333005
0 0.4027777777777778 0.2813333333333333 0.010240740740740743 0.004953125000000025
0 0.40615740740740736 0.2669947916666667 0.009212962962962952 0.005296874999999979
0 0.4196759259259259 0.2911822916666667 0.005935185185185155 0.005989583333333303
0 0.42437962962962955 0.3017187499999999 0.013305555555555612 0.0044895833333332465
0 0.43421296296296297 0.31081770833333333 0.0071666666666666224 0.006104166666666711
0 0.45714814814814814 0.31133854166666663 0.008398148148148247 0.004838541666666618
0 0.4263240740740741 0.286 0.010648148148148096 0.004838541666666618
0 0.43533333333333335 0.288875 0.008194444444444412 0.004609374999999982
0 0.4628796296296296 0.2930833333333333 0.007574074074073975 0.0047239583333333005
0 0.46462037037037035 0.2911822916666667 0.0036851851851851494 0.003223958333333332
0 0.46933333333333327 0.29094791666666664 0.006555555555555593 0.00760416666666659
0 0.44690740740740736 0.2773020833333333 0.0071666666666666224 0.006104166666666711
0 0.48642592592592593 0.29734374999999996 0.013305555555555454 0.006333333333333346
0 0.5018888888888888 0.2967083333333333 0.013518518518518381 0.007140624999999989
0 0.4942129629629629 0.311796875 0.008398148148148089 0.005531249999999943
0 0.5143796296296296 0.3081145833333333 0.011055555555555607 0.004375000000000018
0 0.49410185185185185 0.31963020833333333 0.005324074074074127 0.005296875000000067
0 0.5012685185185185 0.3227395833333333 0.00613888888888899 0.004609374999999982
0 0.43840740740740736 0.3293645833333333 0.009416666666666629 0.005874999999999986
0 0.46574999999999994 0.32694270833333333 0.009212962962962952 0.0033385416666667387
0 0.46523148148148147 0.3236041666666667 0.00983333333333339 0.0026510416666666536
0 0.5097685185185185 0.33005208333333336 0.007981481481481327 0.006567708333333311
0 0.5187777777777778 0.33909895833333337 0.010037037037036909 0.004375000000000018
0 0.49932407407407403 0.3563177083333333 0.01208333333333324 0.005182291666666661
0 0.4442407407407407 0.3505572916666667 0.01453703703703708 0.004031249999999975
0 0.44393518518518515 0.3577552083333333 0.01146296296296296 0.005296875000000067
0 0.4344166666666666 0.3825208333333333 0.01085185185185193 0.007833333333333314
0 0.47936111111111107 0.3755520833333333 0.008601851851851765 0.006333333333333346
0 0.48693518518518514 0.36553125 0.00613888888888899 0.005411458333333385
0 0.5004537037037037 0.36501041666666667 0.00777777777777781 0.003916666666666657
0 0.5130462962962963 0.3643802083333333 0.012490740740740748 0.0072552083333333964
0 0.36400925925925925 0.3837760416666667 0.009620370370370305 0.004484374999999918
0 0.3821481481481481 0.385859375 0.007416666666666711 0.007109375000000018
0 0.39754629629629634 0.39273958333333325 0.011268518518518534 0.008812500000000067
0 0.41925 0.3968385416666666 0.014564814814814833 0.005255208333333261
0 0.4412407407407407 0.399 0.00906481481481478 0.007729166666666609
0 0.45305555555555554 0.4000052083333333 0.007972222222222235 0.007572916666666663
0 0.4675833333333333 0.4057708333333333 0.010620370370370343 0.004739583333333286
0 0.44732407407407404 0.4087239583333333 0.010129629629629733 0.0030885416666667
0 0.44530555555555557 0.41239583333333324 0.011722222222222141 0.004942708333333279
0 0.44425925925925924 0.4278489583333333 0.009601851851851804 0.0061302083333332645
0 0.3573518518518518 0.40449999999999997 0.018416666666666654 0.007588541666666693
0 0.39237037037037037 0.41931250000000003 0.00751851851851847 0.00802604166666665
0 0.4170185185185185 0.4375520833333333 0.009601851851851804 0.0056927083333333075
0 0.3656481481481481 0.43718749999999995 0.0049259259259260245 0.007588541666666693
0 0.3572222222222222 0.44433333333333336 0.009342592592592623 0.0046718750000000146
0 0.3347777777777778 0.4505364583333333 0.005444444444444466 0.004526041666666636
0 0.32557407407407407 0.4345572916666667 0.007259259259259289 0.0035000000000000144
0 0.3049444444444444 0.4082916666666666 0.01426851851851849 0.0061302083333332645
0 0.31013888888888885 0.4193854166666666 0.006481481481481508 0.0035000000000000144
0 0.0657962962962963 0.4637135416666666 0.010888888888888873 0.00490104166666665
0 0.0628888888888889 0.46900520833333326 0.014712962962962964 0.004375000000000106
0 0.13951851851851851 0.4705677083333333 0.013046296296296273 0.006244791666666671
0 0.11619444444444443 0.46775520833333334 0.006388888888888881 0.0046875
0 0.10300925925925924 0.47392708333333333 0.00777777777777777 0.0073385416666665645
0 0.07857407407407407 0.4793125 0.008888888888888877 0.007182291666666707
0 0.06052777777777778 0.48618749999999994 0.013879629629629638 0.006557291666666565
0 0.06483333333333333 0.48079687499999996 0.012490740740740748 0.00546875
0 0.04317592592592592 0.5075833333333333 0.010824074074074073 0.007182291666666707
0 0.059416666666666666 0.5059427083333332 0.008888888888888877 0.0048437500000000355
0 0.07038888888888888 0.514296875 0.009166666666666679 0.0034374999999998933
0 0.08579629629629629 0.5066458333333334 0.010000000000000014 0.004375000000000106
0 0.09384259259259259 0.5126562499999999 0.011101851851851861 0.0029687499999999645
0 0.08343518518518518 0.512734375 0.010268518518518515 0.0046875
0 0.11855555555555554 0.51296875 0.010000000000000024 0.007963541666666707
0 0.07774074074074074 0.5268697916666667 0.008888888888888877 0.006401041666666707
0 0.045259259259259256 0.5257760416666667 0.015546296296296305 0.006088541666666636
0 0.059 0.5338229166666666 0.009722222222222222 0.008744791666666706
0 0.05025925925925926 0.5409270833333333 0.010000000000000004 0.004531249999999964
0 0.11813888888888889 0.5427239583333333 0.008611111111111135 0.006869791666666636
0 0.04039814814814815 0.5542812500000001 0.007499999999999998 0.007182291666666707
0 0.03498148148148148 0.550609375 0.00777777777777778 0.005156250000000107
0 0.06997222222222221 0.5764583333333333 0.010000000000000004 0.006869791666666636
0 0.1484074074074074 0.5520937499999999 0.013046296296296273 0.004062500000000036
0 0.15464814814814815 0.5738802083333333 0.013324074074074075 0.004218749999999894
0 0.11122222222222222 0.6073437499999998 0.008527777777777799 0.007796874999999837
0 0.10002777777777777 0.6173385416666666 0.008175925925925951 0.005796875000000057
0 0.07568518518518517 0.6123385416666667 0.006398148148148152 0.0053958333333334
0 0.04957407407407407 0.60334375 0.00817592592592593 0.0053958333333334
0 0.07195370370370369 0.6374218749999999 0.006037037037037053 0.005197916666666735
0 0.040499999999999994 0.65040625 0.008768518518518512 0.0032552083333333925
0 0.05154629629629629 0.6664791666666667 0.007009259259259259 0.009171875000000006
0 0.07064814814814814 0.666921875 0.007009259259259259 0.009270833333333428
0 0.08344444444444445 0.669140625 0.011916666666666674 0.004239583333333208
0 0.08862037037037036 0.65996875 0.013851851851851857 0.00443750000000005
0 0.07941666666666666 0.6527708333333333 0.00981481481481481 0.006213541666666522
0 0.0845 0.647640625 0.016481481481481493 0.004239583333333208
0 0.10098148148148148 0.64221875 0.007009259259259239 0.006609375000000028
0 0.13779629629629628 0.6382239583333333 0.00841666666666663 0.006312499999999943
0 0.05549074074074074 0.6838854166666666 0.010342592592592601 0.004338541666666629
0 0.12123148148148147 0.6838854166666666 0.014203703703703694 0.005520833333333286
0 0.1471759259259259 0.686296875 0.009990740740740772 0.0077916666666666854
0 0.14980555555555553 0.6769322916666667 0.007537037037037011 0.006015625000000036
0 0.12613888888888888 0.6785104166666667 0.008592592592592554 0.01015625
0 0.1328888888888889 0.6745625000000001 0.009462962962963001 0.0064114583333333645
0 0.17610185185185184 0.679 0.016657407407407416 0.0064114583333333645
0 0.19661111111111113 0.6764843749999999 0.009990740740740734 0.0067031249999999435
0 0.1943333333333333 0.6948802083333334 0.009638888888888886 0.007197916666666693
0 0.2125648148148148 0.6841770833333333 0.01630555555555557 0.007098958333333449
0 0.20800925925925923 0.7009427083333333 0.006833333333333355 0.0067031249999999435
0 0.15663888888888888 0.7093229166666667 0.01455555555555558 0.003942708333333478
0 0.1434074074074074 0.70784375 0.008064814814814783 0.006114583333333279
0 0.13244444444444442 0.7094739583333334 0.005787037037037024 0.005817708333333371
0 0.1202685185185185 0.7105104166666667 0.008768518518518518 0.003942708333333478
0 0.11114814814814815 0.717609375 0.008768518518518518 0.0069010416666666075
0 0.0993148148148148 0.715046875 0.008240740740740746 0.004536458333333293
0 0.09037037037037036 0.7111510416666667 0.012092592592592597 0.005223958333333378
0 0.06863888888888889 0.7075989583333333 0.011046296296296295 0.008187499999999837
0 0.10571296296296295 0.7235729166666667 0.016129629629629605 0.005817708333333371
0 0.13823148148148146 0.729 0.006833333333333316 0.006015625000000036
0 0.10449074074074072 0.742703125 0.010166666666666657 0.0036510416666667212
0 0.1138611111111111 0.7451197916666666 0.005787037037037024 0.004338541666666629
0 0.11982407407407407 0.7446770833333333 0.006833333333333316 0.0030572916666665507
0 0.1799537037037037 0.7437916666666666 0.006833333333333335 0.006802083333333364
0 0.21764814814814812 0.7411770833333333 0.007888888888888898 0.004536458333333293
0 0.2240462962962963 0.7614895833333333 0.010518518518518505 0.005322916666666622
0 0.26411111111111113 0.7706614583333333 0.009638888888888886 0.008281250000000106
0 0.27673148148148147 0.7784531250000001 0.014898148148148178 0.008281250000000106
0 0.24535185185185185 0.7822968749999999 0.008592592592592594 0.007692708333333265
0 0.22624074074074071 0.7855052083333334 0.009990740740740734 0.0075937500000000215
0 0.20669444444444443 0.7852552083333333 0.010870370370370353 0.006312499999999943
0 0.2649814814814815 0.7901406249999999 0.012796296296296342 0.007000000000000029
0 0.2636666666666666 0.798078125 0.008768518518518518 0.007098958333333361
0 0.2504351851851852 0.8011822916666667 0.008240740740740746 0.007197916666666781
0 0.22957407407407407 0.8021197916666665 0.01455555555555558 0.004932291666666533
0 0.29721296296296296 0.817546875 0.009925925925925977 0.005583333333333229
0 0.3041759259259259 0.8257083333333333 0.007824074074074143 0.0036510416666668986
0 0.33844444444444444 0.8268333333333333 0.011453703703703707 0.004187500000000099
0 0.33214814814814814 0.8242604166666666 0.012601851851851838 0.005260416666666501
0 0.31248148148148147 0.8152395833333334 0.007638888888888889 0.003114583333333343
0 0.34035185185185185 0.8152395833333334 0.014129629629629648 0.0059062499999999575
0 0.33844444444444444 0.8070260416666667 0.006870370370370359 0.005583333333333229
0 0.3259444444444444 0.8032656249999999 0.015083333333333273 0.00880729166666656
0 0.3048518518518519 0.7987552083333332 0.006870370370370359 0.006010416666666618
0 0.3481759259259259 0.7889322916666666 0.008777777777777768 0.008265624999999943
0 0.35667592592592584 0.7767968749999999 0.011259259259259243 0.009343750000000029
0 0.39341666666666664 0.81878125 0.007638888888888889 0.011057291666666557
0 0.4042037037037037 0.8325104166666666 0.0080462962962964 0.006036458333333527
0 0.4016481481481481 0.8226354166666667 0.009268518518518457 0.006312499999999943
0 0.38152777777777774 0.7989010416666666 0.013416666666666622 0.004937499999999951
0 0.3879907407407407 0.793828125 0.013166666666666691 0.0038385416666665505
0 0.3849444444444444 0.7817552083333333 0.009999999999999905 0.005213541666666721
0 0.42969444444444443 0.8194791666666668 0.007805555555555562 0.004661458333333357
0 0.40225925925925926 0.7893697916666665 0.004629629629629682 0.005348958333333265
0 0.48053703703703704 0.8287395833333333 0.011462962962963117 0.009739583333333357
0 0.49674999999999997 0.8379270833333333 0.01609259259259264 0.005901041666666629
0 0.5129722222222222 0.8248958333333333 0.009509259259259295 0.009192708333333499
0 0.5227222222222222 0.8190677083333332 0.0080462962962964 0.0049375000000001276
0 0.4845648148148148 0.8098749999999999 0.007314814814814952 0.0057604166666667565
0 0.546138888888889 0.8009635416666665 0.009018518518518526 0.003567708333333286
0 0.5790555555555555 0.8257187500000001 0.007555555555555631 0.0039791666666666005
0 0.5782037037037037 0.8119375 0.012685185185185174 0.0041145833333334995
0 0.44299074074074074 0.7845416666666666 0.008981481481481524 0.008083333333333265
0 0.45326851851851846 0.7760104166666666 0.007583333333333384 0.008083333333333265
0 0.16296296296296295 0.6226458333333333 0.012555555555555544 0.006729166666666763
0 0.2511574074074074 0.590453125 0.01724074074074077 0.0074947916666666
0 0.21863888888888888 0.6225208333333333 0.008620370370370346 0.007270833333333293
0 0.27133333333333337 0.6157968749999999 0.00587962962962965 0.004848958333333364
0 0.26525925925925925 0.6311145833333333 0.007055555555555534 0.007270833333333293
0 0.2445 0.6517239583333333 0.014888888888888927 0.0044062500000000785
0 0.2785833333333333 0.6587760416666666 0.008620370370370346 0.0035260416666666574
0 0.29935185185185187 0.6694635416666666 0.01097222222222227 0.009916666666666707
0 0.31757407407407406 0.6400416666666666 0.01058333333333326 0.009697916666666551
0 0.36087037037037034 0.6392708333333333 0.007055555555555613 0.005510416666666629
0 0.24077777777777779 0.6868749999999999 0.009009259259259276 0.005510416666666629
0 0.2537037037037037 0.7060520833333332 0.008231481481481496 0.008156249999999865
0 0.27387962962962964 0.6959114583333333 0.010185185185185158 0.007713541666666579
0 0.2599722222222222 0.6913958333333333 0.006657407407407431 0.003968749999999943
0 0.33128703703703705 0.7101302083333334 0.012925925925925933 0.007932291666666735
0 0.21314814814814811 0.7266614583333333 0.01645370370370366 0.008817708333333308
0 0.24195370370370367 0.7317291666666667 0.00587962962962965 0.006171874999999894
0 0.26448148148148143 0.7529947916666666 0.012537037037037003 0.00859375
0 0.28876851851851854 0.7550885416666666 0.013324074074074035 0.003968749999999943
0 0.2821111111111111 0.7345937499999999 0.007055555555555534 0.0074947916666666
0 0.2985648148148148 0.738890625 0.013324074074074035 0.0050677083333333425
0 0.3724259259259259 0.73228125 0.012148148148148153 0.011682291666666521
0 0.30953703703703705 0.7366875 0.008620370370370346 0.016088541666666602
0 0.17698148148148146 0.46929687499999995 0.009416666666666688 0.006151041666666579
0 0.1973333333333333 0.46690624999999997 0.008814814814814772 0.002734375
0 0.2503518518518518 0.46169270833333337 0.009722222222222222 0.006322916666666778
0 0.17804629629629629 0.50390625 0.009111111111111094 0.00803124999999998
0 0.16330555555555556 0.5118541666666666 0.005768518518518522 0.004786458333333421
0 0.20645370370370367 0.4945885416666666 0.005768518518518562 0.006151041666666579
0 0.19673148148148145 0.5145885416666667 0.007592592592592555 0.002734375
0 0.17564814814814814 0.5335104166666665 0.004564814814814808 0.00134895833333335
0 0.25416666666666665 0.5208854166666667 0.012722222222222256 0.0055364583333334496
0 0.24527777777777773 0.538171875 0.007444444444444385 0.007697916666666771
0 0.27229629629629626 0.5456666666666667 0.007685185185185143 0.007026041666666494
0 0.18068518518518514 0.5706562500000001 0.007925925925925921 0.006484374999999964
0 0.33196296296296296 0.5470885416666667 0.007925925925925902 0.007156249999999887
0 0.3364074074074074 0.5551927083333333 0.008648148148148177 0.003916666666666657
0 0.3104722222222222 0.5692395833333334 0.006240740740740749 0.0036458333333333924
0 0.38430555555555557 0.5672135416666666 0.010805555555555518 0.006890624999999951
0 0.4006388888888889 0.5921302083333334 0.007925925925925822 0.005130208333333286
0 0.41084259259259254 0.5953072916666666 0.006240740740740749 0.004729166666666629
0 0.42945370370370367 0.6633802083333333 0.005046296296296286 0.0055364583333334496
0 0.41925 0.6825572916666667 0.00816666666666666 0.0036458333333333924
0 0.3761481481481481 0.7175416666666667 0.010324074074074001 0.007968750000000035
0 0.45034259259259257 0.7122708333333333 0.008407407407407499 0.003916666666666657
0 0.5687222222222222 0.7348281249999999 0.01225000000000007 0.0036458333333333924
0 0.5764074074074074 0.7531302083333333 0.011768518518518551 0.004052083333333378
0 0.6191481481481481 0.7764270833333333 0.00840740740740734 0.0028385416666665718
0 0.6250277777777777 0.7712291666666666 0.009601851851851804 0.006484374999999964
0 0.6412314814814815 0.760828125 0.00984259259259264 0.005130208333333286
0 0.6366759259259259 0.7581979166666667 0.011768518518518551 0.007156249999999887
0 0.5184166666666666 0.770015625 0.012490740740740748 0.006213541666666522
0 0.49103703703703705 0.7734583333333334 0.01488888888888877 0.0044583333333333645
0 0.5742407407407406 0.8013489583333332 0.006962962962962946 0.006484374999999876
0 0.5975370370370371 0.8040520833333332 0.010324074074074159 0.008104166666666668
0 0.5947685185185185 0.8250520833333332 0.007685185185185143 0.005265625000000185
0 0.6237037037037036 0.8094531249999999 0.01225000000000007 0.0037812500000001135
0 0.6431574074074073 0.8166770833333332 0.011768518518518551 0.007968750000000214
0 0.6865 0.8200572916666665 0.012490740740740748 0.008510416666666742
0 0.6666851851851852 0.8155312499999999 0.007444444444444464 0.005942708333333257
0 0.6912962962962963 0.8087083333333333 0.00816666666666666 0.003645833333333215
0 0.6544444444444444 0.79121875 0.007925925925925822 0.003239583333333229
0 0.7021018518518518 0.7971614583333333 0.00816666666666666 0.007291666666666696
0 0.6768888888888889 0.7875052083333334 0.010083333333333479 0.007156249999999887
0 0.7352407407407406 0.80040625 0.009601851851851646 0.007291666666666696
0 0.7381203703703703 0.8089114583333332 0.007685185185185143 0.005671874999999815
0 0.7335648148148147 0.7866927083333334 0.00575925925925939 0.004999999999999893
0 0.701861111111111 0.780953125 0.00816666666666666 0.004052083333333378
0 0.7967129629629629 0.7869635416666666 0.009120370370370286 0.007968750000000035
0 0.7430462962962963 0.7691354166666666 0.0088888888888887 0.008239583333333477
0 0.8087222222222222 0.7710260416666666 0.008648148148148177 0.007968750000000035
0 0.8399351851851852 0.7580625 0.009120370370370286 0.004729166666666629
0 0.8303240740740739 0.7529270833333332 0.006722222222222109 0.004999999999999893
0 0.721074074074074 0.7582604166666667 0.010083333333333321 0.0037812500000001135
0 0.7671759259259258 0.7480677083333334 0.01440740740740725 0.005807291666666714
0 0.7604537037037037 0.7409739583333333 0.01200925925925939 0.006484374999999964
0 0.7078703703703704 0.7363802083333333 0.01440740740740733 0.005401041666666551
0 0.7716203703703702 0.7390156250000001 0.006962962962962946 0.006348958333333421
0 0.8358518518518517 0.7440833333333334 0.007203703703703783 0.00486458333333335
0 0.8665833333333333 0.7414479166666667 0.009601851851851646 0.004999999999999893
0 0.7790648148148147 0.7284791666666667 0.015611111111111124 0.004187499999999922
0 0.8274444444444444 0.7267239583333333 0.008166666666666503 0.0055364583333334496
0 0.8387314814814815 0.731859375 0.007203703703703783 0.004999999999999893
0 0.8603425925925925 0.733546875 0.008166666666666503 0.0027031250000000284
0 0.8957592592592591 0.7294270833333333 0.009842592592592798 0.007968750000000035
0 0.8456944444444444 0.7106510416666667 0.017768518518518465 0.004729166666666629
0 0.7796666666666665 0.7101770833333333 0.017287037037037104 0.005942708333333257
0 0.7669351851851851 0.7007239583333333 0.011046296296296356 0.011885416666666693
0 0.8411296296296294 0.700046875 0.012962962962962859 0.005942708333333257
0 0.8783518518518518 0.7030885416666667 0.009120370370370286 0.007156249999999887
0 0.8562592592592593 0.7010624999999999 0.007685185185185143 0.006348958333333421
0 0.824324074074074 0.690796875 0.01968518518518528 0.005265625000000007
0 0.8776296296296296 0.6845833333333333 0.014888888888888927 0.006619791666666685
0 0.8962407407407407 0.6839062499999999 0.009361111111111124 0.007697916666666771
0 0.9113703703703703 0.6762083333333333 0.010324074074074159 0.007156249999999887
0 0.8728333333333332 0.6750624999999999 0.010083333333333321 0.007833333333333314
0 0.8177222222222222 0.6718854166666667 0.011287037037037193 0.0060781249999999785
0 0.753972222222222 0.6609479166666666 0.011046296296296356 0.009046874999999944
0 0.8555370370370371 0.661890625 0.010564814814814995 0.003916666666666657
0 0.9182129629629628 0.6654739583333333 0.011527777777777715 0.007026041666666494
0 0.8676666666666667 0.6590572916666667 0.0088888888888887 0.007156249999999887
0 0.9034444444444445 0.6575729166666666 0.011768518518518551 0.006348958333333421
0 0.8915555555555555 0.650546875 0.011527777777777715 0.008239583333333477
0 0.8619074074074073 0.6564895833333333 0.00840740740740734 0.003916666666666657
0 0.8629814814814813 0.6520989583333333 0.010564814814814995 0.005671874999999993
0 0.9162870370370371 0.6387291666666666 0.011527777777777715 0.0067552083333332295
0 0.9364629629629629 0.6308958333333333 0.01200925925925939 0.007291666666666608
0 0.9299814814814814 0.6290052083333333 0.008166666666666503 0.006484374999999964
0 0.8507407407407407 0.6361614583333333 0.01440740740740725 0.00432291666666682
0 0.8784722222222222 0.62771875 0.009361111111111124 0.006619791666666685
0 0.8975648148148149 0.6285989583333333 0.012490740740740748 0.00486458333333335
0 0.8764351851851852 0.6187395833333333 0.012490740740740748 0.005401041666666551
0 0.9152129629629628 0.6159010416666666 0.010805555555555518 0.005401041666666551
0 0.9479907407407406 0.6127968749999999 0.010083333333333321 0.007833333333333314
0 0.8531388888888889 0.6112447916666666 0.007685185185185143 0.007427083333333506
0 0.9159259259259259 0.6055729166666667 0.007444444444444306 0.005265625000000007
0 0.9395833333333333 0.6050989583333333 0.011527777777777715 0.006213541666666522
0 0.9306944444444443 0.5934166666666666 0.004805555555555606 0.006619791666666685
0 0.8526574074074074 0.588484375 0.011046296296296356 0.005130208333333286
0 0.8831574074074072 0.578625 0.011046296296296356 0.005671874999999993
0 0.9100462962962963 0.5757864583333333 0.013444444444444533 0.00432291666666682
0 0.7963518518518516 0.5787604166666667 0.018490740740740662 0.006213541666666522
0 0.7271944444444444 0.5875364583333333 0.014648148148148089 0.005130208333333286
0 0.7294814814814815 0.605234375 0.006240740740740749 0.004052083333333378
0 0.6959814814814814 0.6100260416666666 0.015129629629629606 0.007156249999999887
0 0.7173518518518519 0.6190104166666666 0.010805555555555518 0.005401041666666551
0 0.6509722222222222 0.599234375 0.01629629629629616 0.006046875000000007
0 0.7128611111111111 0.6418489583333333 0.013870370370370387 0.0070208333333333425
0 0.6572962962962963 0.7281302083333333 0.014500000000000075 0.0067031249999999435
0 0.6685648148148148 0.715625 0.011916666666666565 0.007427083333333506
0 0.6482777777777777 0.706203125 0.01707407407407418 0.004531249999999964
0 0.6326481481481482 0.6958749999999999 0.017398148148148114 0.011776041666666792
0 0.653425925925926 0.6885364583333333 0.01900925925925918 0.006885416666666621
0 0.680324074074074 0.6953333333333334 0.01224074074074082 0.003807291666666579
0 0.6014074074074074 0.6850052083333333 0.005796296296296235 0.0034427083333333996
0 0.6084907407407407 0.6869062499999999 0.0038611111111112313 0.004348958333333286
0 0.6126759259259259 0.69778125 0.009666666666666717 0.007609375000000007
0 0.5964074074074074 0.6700572916666666 0.00869444444444459 0.005072916666666494
0 0.5258703703703703 0.6630833333333332 0.006768518518518521 0.007427083333333506
0 0.48270370370370375 0.64559375 0.015787037037037047 0.005072916666666494
0 0.5453518518518519 0.6486770833333333 0.007731481481481397 0.007249999999999979
0 0.5529259259259258 0.64378125 0.006120370370370331 0.01086979166666655
0 0.39456481481481476 0.7677239583333333 0.005620370370370469 0.007895833333333258
0 0.40074999999999994 0.7623541666666667 0.012916666666666762 0.006953124999999893
0 0.9323148148148148 0.5651093749999999 0.009009259259259276 0.006333333333333258
0 0.8602685185185185 0.575953125 0.015759259259259136 0.004588541666666579
0 0.9455370370370368 0.5448437499999998 0.010129629629629575 0.005697916666666636
0 0.9183796296296296 0.540890625 0.016037037037036978 0.00822916666666682
0 0.8947407407407408 0.5434218749999999 0.007601851851851886 0.005380208333333236
0 0.880537037037037 0.542390625 0.013509259259259289 0.0055416666666666
0 0.8626666666666665 0.5406510416666667 0.010416666666666666 0.006807291666666692
0 0.808212962962963 0.5648697916666666 0.010129629629629575 0.008390625000000007
0 0.7834444444444444 0.5651875000000001 0.014074074074074221 0.006489583333333293
0 0.7561481481481481 0.57025 0.009009259259259276 0.008072916666666607
0 0.7413796296296296 0.5715989583333333 0.009851851851852049 0.00822916666666682
0 0.749537037037037 0.55315625 0.010972222222222033 0.0055416666666666
0 0.6997314814814815 0.557828125 0.009851851851851891 0.006333333333333258
0 0.679324074074074 0.5600416666666665 0.011814814814814806 0.006333333333333258
0 0.6411944444444444 0.57009375 0.006472222222222178 0.0055416666666666
0 0.6295185185185185 0.583546875 0.005629629629629563 0.004906249999999978
0 0.5880092592592592 0.5920156249999999 0.009851851851851891 0.004114583333333322
0 0.5826203703703704 0.5901666666666665 0.004592592592592679 0.003718749999999993
0 0.5548981481481481 0.591578125 0.010629629629629593 0.009291666666666743
0 0.5128796296296296 0.5898020833333334 0.007037037037036953 0.0046041666666667425
0 0.4883888888888889 0.5780052083333332 0.006611111111111257 0.0034739583333333714
0 0.49370370370370376 0.5760260416666666 0.006324074074074006 0.0054947916666668204
0 0.5247314814814815 0.5655989583333334 0.004592592592592679 0.005817708333333371
0 0.5520277777777778 0.5625312499999999 0.0068981481481481905 0.004041666666666721
0 0.34514814814814815 0.5316614583333333 0.006351851851851839 0.007145833333333229
0 0.38347222222222216 0.5192916666666666 0.014962962962962933 0.004848958333333364
0 0.33925 0.5138072916666666 0.009981481481481482 0.007651041666666636
0 0.2841481481481481 0.49977604166666667 0.019499999999999948 0.008161458333333371
0 0.35557407407407404 0.5109999999999999 0.009074074074074031 0.010713541666666692
0 0.45399074074074075 0.529625 0.00816666666666666 0.004593749999999908
0 0.39503703703703696 0.47694270833333335 0.014509259259259168 0.005869791666666657
0 0.4125 0.47834374999999996 0.014055555555555562 0.006124999999999936
0 0.40852777777777777 0.4975312499999999 0.010564814814814838 0.003911458333333328
0 0.48973148148148143 0.47781770833333326 0.00778703703703706 0.004223958333333222
0 0.46553703703703697 0.46405208333333337 0.00945370370370379 0.002973958333333293
0 0.4610925925925926 0.460375 0.010009259259259155 0.006255208333333329
0 0.5095648148148147 0.5508854166666667 0.008175925925925911 0.003380208333333279
0 0.5636481481481481 0.539125 0.005768518518518483 0.004999999999999893
0 0.5966944444444444 0.5623802083333332 0.006972222222222197 0.0025677083333333073
0 0.5625185185185185 0.5094895833333333 0.009712962962962972 0.006526041666666593
0 0.5932314814814815 0.51425 0.014101851851851817 0.0051145833333333
0 0.6186203703703703 0.5283541666666667 0.009092592592592534 0.003348958333333307
0 0.6396296296296295 0.5183072916666667 0.006583333333333188 0.008994791666666658
0 0.5885277777777778 0.5079010416666666 0.011601851851851879 0.006526041666666593
0 0.5847685185185185 0.49423958333333334 0.013481481481481379 0.004937499999999951
0 0.6855462962962963 0.5369062499999999 0.011287037037037035 0.006348958333333421
0 0.6821018518518518 0.5466041666666667 0.009407407407407536 0.0024687499999998864
0 0.70875 0.5345260416666666 0.010027777777777658 0.008286458333333257
0 0.7275555555555554 0.5138072916666666 0.010657407407407504 0.0035260416666666574
0 0.748398148148148 0.5077239583333333 0.015990740740740726 0.007229166666666664
0 0.8087407407407406 0.503671875 0.010657407407407504 0.008640624999999957
0 0.8266111111111111 0.51671875 0.012537037037037003 0.008286458333333436
0 0.8545092592592592 0.5202447916666666 0.017555555555555696 0.0051145833333333
0 0.784287037037037 0.5033177083333333 0.008148148148148 0.0051145833333333
0 0.8808425925925925 0.5286197916666666 0.011907407407407315 0.007406250000000014
0 0.8393055555555555 0.512484375 0.007833333333333472 0.0068749999999999645
0 0.8484537037037037 0.5051822916666666 0.010259259259259086 0.004135416666666636
0 0.9059444444444444 0.512421875 0.011037037037037104 0.004026041666666735
0 0.9241388888888888 0.5082864583333333 0.006388888888889078 0.006640625
0 0.8997499999999999 0.49119270833333334 0.013351851851852024 0.007729166666666565
0 0.8135185185185185 0.49260937499999996 0.014324074074073994 0.004682291666666671
0 0.7829351851851852 0.49402083333333324 0.01045370370370367 0.004244791666666714
0 0.7785833333333332 0.4966354166666666 0.008712962962962933 0.002937499999999993
0 0.7905833333333334 0.4766562499999999 0.012194444444444407 0.006312499999999943
0 0.7542870370370369 0.4678385416666666 0.013935185185185143 0.009796874999999972
0 0.8121666666666667 0.45591666666666664 0.011222222222222121 0.00490104166666665
0 0.8220370370370369 0.45847395833333326 0.010842592592592522 0.002833333333333421
0 0.831324074074074 0.46125 0.007740740740740648 0.00337499999999995
0 0.8508703703703704 0.46996354166666665 0.01045370370370367 0.0035937500000001064
0 0.879324074074074 0.46799999999999997 0.011222222222222121 0.0035937500000001064
0 0.8885185185185185 0.4737708333333333 0.012194444444444407 0.00490104166666665
0 0.9167777777777777 0.47801562499999994 0.00793518518518523 0.004463541666666693
0 0.9337129629629629 0.487109375 0.012000000000000139 0.00501041666666655
0 0.9254907407407406 0.4737708333333333 0.009870370370370552 0.004463541666666693
0 0.9183333333333332 0.467890625 0.012583333333333257 0.0038124999999999075
0 0.9309074074074074 0.4581458333333333 0.006777777777777614 0.002614583333333265
0 0.9343981481481481 0.4535208333333333 0.009481481481481384 0.006208333333333371
0 0.8822314814814813 0.45596875 0.0065833333333333455 0.0047916666666667496
0 0.8706203703703702 0.45178124999999997 0.008129629629629499 0.0038124999999999075
0 0.8471018518518518 0.45129166666666665 0.005999999999999912 0.004572916666666593
0 0.8409074074074073 0.45139583333333333 0.005611111111111061 0.006098958333333293
0 0.8078055555555554 0.44383333333333325 0.012194444444444407 0.00490104166666665
0 0.7674537037037036 0.44148958333333327 0.008129629629629499 0.004354166666666615
0 0.7295185185185186 0.4357760416666666 0.01045370370370367 0.0053333333333332785
0 0.7661944444444444 0.43071354166666664 0.010648148148148254 0.006531249999999922
0 0.6931296296296297 0.4566770833333333 0.01084259259259268 0.004682291666666671
0 0.700287037037037 0.437625 0.015101851851851854 0.006859374999999978
0 0.6449259259259259 0.4404583333333333 0.010064814814814662 0.005552083333333435
0 0.6850925925925926 0.41546874999999994 0.014129629629629568 0.005442708333333357
0 0.7098703703703703 0.4278281249999999 0.008324074074074003 0.007729166666666565
0 0.7451944444444444 0.42308854166666665 0.012777777777777841 0.0058802083333333146
0 0.7163518518518518 0.42053124999999997 0.012777777777777761 0.00490104166666665
0 0.667287037037037 0.41084375 0.013351851851851866 0.0053333333333332785
0 0.7340648148148148 0.4113854166666666 0.01877777777777775 0.00490104166666665
0 0.7151944444444444 0.40512499999999996 0.009287037037037038 0.008057291666666622
0 0.7809074074074074 0.4149791666666666 0.011805555555555555 0.006640625
0 0.8076111111111112 0.4162864583333333 0.009481481481481384 0.004244791666666714
0 0.8248425925925926 0.4203125 0.010648148148148254 0.0053333333333332785
0 0.823 0.4353385416666667 0.006972222222222197 0.002505208333333364
0 0.8597777777777778 0.429296875 0.01315740740740744 0.00501041666666655
0 0.8642314814814814 0.43724479166666663 0.003481481481481473 0.00501041666666655
0 0.8677499999999999 0.43542187499999996 0.004231481481481423 0.004208333333333236
0 0.848074074074074 0.42970312499999996 0.010083333333333321 0.003932291666666643
0 0.883611111111111 0.42915624999999996 0.006666666666666604 0.004114583333333322
0 0.8927962962962962 0.43546874999999996 0.008129629629629499 0.002833333333333421
0 0.8918240740740739 0.43103125000000003 0.005527777777777803 0.0023802083333333
0 0.8695462962962962 0.41337499999999994 0.005851851851851898 0.003109375000000014
0 0.8353148148148147 0.4119583333333333 0.014796296296296418 0.004666666666666685
0 0.9066203703703704 0.42348437499999997 0.00943518518518513 0.003567708333333286
0 0.8984074074074073 0.4086666666666666 0.005037037037037193 0.004848958333333364
0 0.9310925925925926 0.43825520833333337 0.004712962962962782 0.004572916666666593
0 0.8934444444444444 0.4261354166666666 0.005527777777777803 0.0026510416666665646
0 0.8719814814814814 0.41108854166666664 0.00877777777777769 0.0032916666666666927
0 0.8771018518518519 0.3977343749999999 0.006666666666666604 0.005124999999999913
0 0.8834444444444444 0.3950833333333333 0.012194444444444407 0.005671875000000081
0 0.8485648148148148 0.39439583333333333 0.011055555555555607 0.005031250000000043
0 0.8537685185185185 0.38543229166666665 0.006833333333333434 0.008505208333333325
0 0.8124629629629629 0.39635937499999996 0.012361111111110922 0.00896354166666664
0 0.8355555555555554 0.38602604166666665 0.008129629629629499 0.007864583333333286
0 0.8459629629629628 0.37925520833333326 0.00877777777777769 0.006036458333333261
0 0.7853055555555555 0.38332812499999996 0.009111111111111035 0.006312499999999943
0 0.7801018518518518 0.3868020833333333 0.0061759259259259935 0.005947916666666675
0 0.7862777777777776 0.40299479166666663 0.011712962962963046 0.003567708333333286
0 0.7901851851851851 0.373765625 0.011055555555555607 0.0036614583333332896
0 0.8061203703703703 0.36425520833333336 0.011379629629629701 0.006036458333333261
0 0.7886388888888888 0.36695312499999994 0.011546296296296216 0.005947916666666675
0 0.7465185185185186 0.3755520833333333 0.00894444444444452 0.008505208333333325
0 0.742537037037037 0.36503125000000003 0.011712962962963046 0.005947916666666675
0 0.7094444444444444 0.37427083333333333 0.008296296296296251 0.006130208333333354
0 0.7189537037037037 0.39384895833333333 0.009111111111111035 0.010520833333333358
0 0.709037037037037 0.39750520833333336 0.010083333333333399 0.004484374999999918
0 0.6729351851851851 0.38652604166666665 0.008453703703703751 0.006130208333333354
0 0.6513888888888889 0.38927083333333334 0.009592592592592552 0.007411458333333343
0 0.64 0.393984375 0.007314814814814952 0.005489583333333314
0 0.6398425925925925 0.38748958333333333 0.006342592592592508 0.004937500000000039
0 0.6691111111111111 0.37673958333333335 0.006666666666666762 0.005947916666666675
0 0.6501666666666666 0.37578125 0.007157407407407372 0.007682291666666697
0 0.6736666666666666 0.3629739583333333 0.007972222222222077 0.006401041666666618
0 0.6812222222222223 0.36978645833333335 0.00520370370370355 0.005578124999999989
0 0.7157037037037036 0.3563854166666666 0.006833333333333434 0.004572916666666682
0 0.7231018518518518 0.35176562499999997 0.005370370370370223 0.006130208333333354
0 0.7366018518518517 0.351859375 0.009592592592592394 0.005760416666666668
0 0.6799259259259259 0.354375 0.011055555555555607 0.005124999999999958
0 0.6551203703703703 0.351859375 0.005370370370370381 0.004666666666666685
0 0.6601666666666667 0.34495312499999997 0.011222222222222121 0.005671875000000081
0 0.6304907407407406 0.33882291666666664 0.008453703703703751 0.006401041666666618
0 0.6978981481481482 0.3322395833333333 0.00829629629629633 0.0040260416666666465
0 0.7052962962962963 0.33091145833333335 0.0061759259259259935 0.005395833333333311
0 0.7131018518518518 0.33027083333333335 0.006509259259259261 0.006859375000000068
0 0.6879722222222222 0.31933854166666664 0.01349999999999988 0.0040260416666666465
0 0.7094444444444444 0.32451041666666663 0.012842592592592439 0.005760416666666668
0 0.626824074074074 0.32162499999999994 0.006666666666666762 0.007864583333333286
0 0.6191018518518518 0.3258802083333333 0.007157407407407372 0.005947916666666675
0 0.578287037037037 0.334796875 0.007805555555555562 0.0036614583333332896
0 0.6048703703703704 0.3231354166666666 0.007972222222222077 0.005578124999999989
0 0.6145462962962963 0.3127083333333333 0.007481481481481467 0.006859375000000068
0 0.6204907407407407 0.3035625 0.01187037037037031 0.007223958333333247
0 0.6351203703703703 0.303515625 0.013175925925925943 0.008052083333333382
0 0.5886944444444444 0.313578125 0.010731481481481352 0.006953124999999982
0 0.5729166666666666 0.3169635416666667 0.007481481481481467 0.005671875000000081
0 0.561212962962963 0.3046145833333333 0.009435185185185288 0.006218750000000028
0 0.5706388888888888 0.30671875 0.010731481481481352 0.007682291666666697
0 0.5642962962962963 0.2943645833333333 0.010731481481481352 0.006588541666666714
0 0.6084537037037037 0.29271874999999997 0.008620370370370268 0.008781249999999918
0 0.5891851851851853 0.2875052083333333 0.007481481481481467 0.007317708333333339
0 0.570074074074074 0.28494270833333335 0.00471296296296294 0.005307291666666725
0 0.5752777777777777 0.28517187499999996 0.006666666666666762 0.00411458333333341
0 0.5906481481481481 0.2818333333333333 0.010731481481481352 0.002744791666666657
0 0.6440648148148148 0.28952083333333334 0.007972222222222077 0.003291666666666604
0 0.6295925925925926 0.2801875 0.009916666666666648 0.005489583333333314
0 0.6298333333333334 0.2761197916666666 0.010731481481481352 0.003567708333333286
0 0.6426851851851852 0.2740572916666667 0.006833333333333434 0.007317708333333339
0 0.6715462962962963 0.27163541666666663 0.00829629629629633 0.006130208333333354
0 0.6874074074074074 0.2842604166666666 0.006509259259259182 0.008875000000000011
0 0.6921203703703703 0.30058854166666665 0.009111111111111035 0.0034739583333333714
0 0.7196018518518517 0.3082239583333333 0.008129629629629499 0.0048489583333332755
0 0.725537037037037 0.29876041666666664 0.0069907407407406984 0.003109375000000014
0 0.730175925925926 0.30415625 0.00650925925925934 0.006588541666666714
0 0.729037037037037 0.30914062499999995 0.00877777777777769 0.0033854166666666963
0 0.7451388888888889 0.31096874999999996 0.013333333333333523 0.00411458333333341
0 0.742861111111111 0.31810416666666663 0.010083333333333321 0.0048489583333332755
0 0.7426944444444444 0.32743749999999994 0.014962962962962933 0.005213541666666632
0 0.771074074074074 0.32176562499999994 0.004388888888889003 0.00649479166666671
0 0.745462962962963 0.33383854166666665 0.0061759259259259935 0.005395833333333311
0 0.7761203703703703 0.3446770833333333 0.007638888888888889 0.005854166666666672
0 0.7775 0.3531875 0.009111111111111035 0.003291666666666604
0 0.7904259259259258 0.3580364583333333 0.006666666666666604 0.008234374999999971
0 0.8044166666666666 0.35332291666666665 0.007972222222222235 0.005760416666666668
0 0.8438518518518517 0.35821875 0.004231481481481423 0.004937500000000039
0 0.8610833333333333 0.35844791666666664 0.005203703703703708 0.00411458333333341
0 0.8101018518518518 0.34417708333333336 0.00894444444444452 0.0032031250000000176
0 0.8248240740740739 0.34426562499999996 0.00715740740740753 0.006312499999999943
0 0.8163611111111111 0.3369947916666666 0.011055555555555607 0.006036458333333261
0 0.7726203703703703 0.327390625 0.005527777777777803 0.004937500000000039
0 0.7796944444444445 0.3288072916666666 0.007314814814814794 0.005031250000000043
0 0.8072592592592593 0.32711458333333326 0.010083333333333321 0.005854166666666672
0 0.8443333333333333 0.3327395833333333 0.006833333333333434 0.007223958333333247
0 0.858 0.33196354166666664 0.00845370370370391 0.005854166666666672
0 0.8218148148148147 0.3177864583333333 0.020657407407407253 0.005489583333333314
0 0.8019722222222222 0.3184270833333333 0.00894444444444452 0.006218750000000028
0 0.7782314814814814 0.317828125 0.011222222222222121 0.005031250000000043
0 0.7909166666666667 0.3126145833333333 0.0069907407407406984 0.006312499999999943
0 0.8180740740740741 0.3105572916666667 0.011222222222222121 0.005854166666666672
0 0.798148148148148 0.3064895833333333 0.011379629629629701 0.00795833333333329
0 0.7577407407407406 0.3030104166666666 0.007314814814814794 0.0066770833333333005
0 0.7439166666666666 0.3058020833333333 0.009916666666666806 0.0034739583333333714
0 0.7507499999999999 0.2869583333333333 0.012842592592592596 0.007135416666666661
0 0.7267592592592592 0.28036979166666665 0.013009259259259111 0.00475520833333336
0 0.42315740740740737 0.2608177083333333 0.012185185185185157 0.003666666666666618
0 0.4432777777777777 0.261296875 0.014453703703703663 0.005895833333333389
0 0.425287037037037 0.2564375 0.011333333333333289 0.005416666666666625
0 0.5105648148148147 0.2794635416666667 0.013601851851851955 0.007171874999999961
0 0.4799722222222222 0.258984375 0.014731481481481505 0.005098958333333315
0 0.5094351851851852 0.26440625 0.010768518518518672 0.008286458333333347
0 0.5343703703703704 0.2608177083333333 0.011333333333333289 0.009083333333333332
0 0.5364907407407407 0.27078125 0.010481481481481423 0.009562500000000007
0 0.5408888888888888 0.27627604166666664 0.010768518518518672 0.003984375000000017
0 0.539611111111111 0.285125 0.011620370370370382 0.005416666666666714
0 0.5413148148148148 0.29141666666666666 0.012185185185185314 0.006854166666666739
0 0.5772962962962963 0.2750052083333333 0.011620370370370382 0.0058958333333333
0 0.5645462962962964 0.26137499999999997 0.008787037037037098 0.007333333333333325
0 0.5753148148148148 0.2601822916666666 0.007083333333333365 0.003984375000000017
0 0.582962962962963 0.26703645833333334 0.015583333333333213 0.0049427083333333675
0 0.5393055555555556 0.31610937499999997 0.010898148148148185 0.0067239583333333465
0 0.5331574074074074 0.31224479166666663 0.0125 0.0045312500000000535
0 0.5568425925925925 0.3474375 0.009009259259259276 0.002536458333333247
0 0.5852314814814814 0.361375 0.011712962962963046 0.0050677083333333425
0 0.5012037037037036 0.3839270833333333 0.0058611111111109915 0.0050677083333333425
0 0.4939907407407407 0.40396874999999993 0.005268518518518622 0.0023020833333333712
0 0.5708148148148149 0.4124427083333333 0.014342592592592653 0.0034583333333333853
0 0.6117870370370371 0.40947916666666667 0.004972222222222121 0.0034583333333333853
0 0.5817407407407407 0.4105729166666666 0.00649074074074068 0.0063593750000000785
0 0.5864259259259259 0.4169322916666666 0.011546296296296374 0.006630208333333343
0 0.5546759259259259 0.4252552083333333 0.014916666666666521 0.003515625
0 0.5519166666666666 0.4300572916666667 0.008416666666666591 0.004463541666666693
0 0.5300277777777777 0.43479166666666663 0.011305555555555537 0.004192708333333251
0 0.5413240740740741 0.44372395833333333 0.015157407407407359 0.003380208333333279
0 0.5440925925925926 0.4462239583333333 0.009620370370370463 0.0029791666666666218
0 0.8814537037037037 0.3701302083333333 0.00560185185185181 0.009614583333333381
0 0.8631018518518517 0.36997395833333335 0.011490740740740711 0.005833333333333357
0 0.8448888888888888 0.37289062500000003 0.010370370370370412 0.0025208333333332613