0 0.25825 0.3496979166666666 0.013379629629629698 0.011140625000000081
0 0.29812962962962963 0.34849479166666664 0.01605555555555556 0.00813020833333331
0 0.30642592592592593 0.35511458333333334 0.010166666666666657 0.00933333333333337
0 0.3792222222222222 0.3045364583333333 0.010166666666666737 0.006322916666666689
0 0.38912037037037034 0.344125 0.018194444444444475 0.004817708333333304
0 0.45816666666666667 0.3167291666666666 0.014990740740740844 0.007223958333333247
0 0.48225 0.31176041666666665 0.0107037037037036 0.007526041666666661
0 0.5317592592592592 0.2989635416666666 0.018731481481481498 0.007828124999999986
0 0.6160648148148148 0.30017187500000003 0.018194444444444475 0.0066250000000000146
0 0.7613703703703703 0.31335416666666666 0.02360185185185186 0.006140625000000011
0 0.9042037037037036 0.3895364583333333 0.014092592592592722 0.008718749999999975
0 0.9246388888888889 0.36882812499999995 0.014092592592592722 0.010104166666666714
0 0.9359074074074073 0.39993749999999995 0.005638888888888813 0.006536458333333295
0 0.6898703703703702 0.42104166666666665 0.019370370370370437 0.00713541666666675
0 0.9110740740740741 0.45769270833333325 0.008805555555555442 0.010697916666666706
0 0.45268518518518513 0.36528645833333334 0.022768518518518497 0.013463541666666589
0 0.5402407407407408 0.3863020833333334 0.013425925925925872 0.00952083333333329
0 0.5224351851851852 0.39237500000000003 0.009342592592592465 0.006567708333333311
0 0.46435185185185185 0.407640625 0.007592592592592635 0.007552083333333392
0 0.14060185185185184 0.43518229166666667 0.012305555555555575 0.011026041666666764
0 0.16499074074074072 0.4801770833333333 0.010935185185185187 0.011791666666666778
0 0.1314907407407407 0.5086354166666667 0.008657407407407428 0.007177083333333378
0 0.2237777777777778 0.503890625 0.01185185185185189 0.00845833333333328
0 0.16862962962962963 0.560546875 0.01275925925925922 0.011536458333333322
0 0.10574074074074073 0.5600364583333333 0.017314814814814818 0.006921874999999922
0 0.2727777777777778 0.5843906249999999 0.011398148148148124 0.005895833333333478
0 0.4512037037037037 0.6014375 0.022787037037036998 0.004614583333333399
0 0.5282314814814815 0.6388697916666667 0.013675925925925961 0.0056406250000000215
0 0.44437037037037036 0.6664270833333333 0.013675925925925961 0.0048697916666666785
0 0.1688796296296296 0.6590833333333334 0.014472222222222204 0.011760416666666629
0 0.24648148148148144 0.6925572916666667 0.013666666666666633 0.009953125000000007
0 0.27749999999999997 0.7318541666666667 0.01505555555555552 0.0060520833333333355
0 0.2947037037037037 0.7471822916666666 0.012907407407407432 0.009682291666666742
0 0.36856481481481485 0.7863072916666667 0.017925925925925887 0.00685416666666665
0 0.6086574074074075 0.7495572916666667 0.006120370370370331 0.012489583333333342
0 0.6619537037037037 0.8047083333333334 0.013064814814814776 0.0039791666666666005
0 0.6973333333333334 0.7926145833333333 0.013611111111111206 0.00490104166666665
0 0.8309722222222221 0.7674322916666666 0.01633333333333332 0.008421874999999978
0 0.8813333333333333 0.7440052083333333 0.014694444444444343 0.007500000000000106
0 0.8926296296296296 0.7341302083333333 0.013879629629629638 0.0073489583333334
0 0.8828888888888888 0.7186145833333333 0.018361111111111147 0.006812500000000022
0 0.9721759259259259 0.64578125 0.015833333333333144 0.009531250000000036
0 0.9959444444444443 0.6508541666666667 0.008111111111111314 0.007666666666666622
0 0.5234814814814814 0.5145572916666666 0.01570370370370379 0.006265624999999986
0 0.8006666666666666 0.6672239583333333 0.00793518518518523 0.006562499999999893
0 0.992898148148148 0.5387708333333333 0.011175925925926183 0.006031250000000021
0 0.9394907407407407 0.51865625 0.009833333333333232 0.006031250000000021