0 0.2654722222222222 0.26974479166666665 0.010231481481481413 0.011677083333333371
0 0.3007685185185185 0.2635520833333333 0.013388888888888948 0.010151041666666671
0 0.28548148148148145 0.274921875 0.020398148148148148 0.0068281249999999185
0 0.30903703703703705 0.276859375 0.016407407407407405 0.008171875000000028
0 0.33596296296296296 0.27394270833333334 0.015314814814814781 0.005598958333333304
0 0.3517962962962962 0.26292187499999997 0.01454629629629629 0.011421875000000003
0 0.3779814814814815 0.2572083333333333 0.01492592592592593 0.005421874999999954
0 0.38567592592592587 0.2628020833333333 0.011777777777777804 0.006114583333333368
0 0.3973888888888889 0.25858333333333333 0.016666666666666666 0.004859375000000022
0 0.42016666666666663 0.257515625 0.012287037037037072 0.0059114583333333744
0 0.41353703703703704 0.2704010416666666 0.013962962962963054 0.006192708333333385
0 0.39005555555555554 0.26808333333333334 0.012416666666666585 0.007932291666666647
0 0.38387037037037036 0.28032291666666664 0.0076574074074073906 0.0037239583333334102
0 0.389212962962963 0.28305729166666665 0.00855555555555551 0.0036874999999999326
0 0.39767592592592593 0.27896354166666665 0.009009259259259276 0.0068020833333332755
0 0.40604629629629624 0.2853020833333333 0.010296296296296248 0.006437499999999918
0 0.41401851851851845 0.2910052083333333 0.01492592592592593 0.004802083333333318
0 0.41405555555555557 0.3 0.010361111111111161 0.007442708333333314
0 0.3909814814814815 0.30421875 0.012101851851851898 0.00805729166666671
0 0.3703240740740741 0.29377604166666665 0.013509259259259289 0.003968749999999943
0 0.33072222222222225 0.28756770833333334 0.017305555555555605 0.0064166666666666036
0 0.2992870370370371 0.2850833333333333 0.011453703703703707 0.005421875000000043
0 0.3086203703703703 0.29042708333333334 0.017250000000000022 0.004515625000000067
0 0.3289814814814815 0.3008177083333333 0.010620370370370422 0.0061770833333333105
0 0.34398148148148144 0.30576041666666665 0.010231481481481413 0.005338541666666696
0 0.3623148148148148 0.30291666666666667 0.013444444444444375 0.0077656250000000425
0 0.3821666666666666 0.3185572916666667 0.01557407407407412 0.008338541666666633
0 0.37849999999999995 0.3252760416666666 0.011324074074074039 0.009020833333333301
0 0.3234166666666667 0.3140677083333333 0.01596296296296297 0.007182291666666618
0 0.3024722222222222 0.30393229166666663 0.016148148148148224 0.005848958333333343
0 0.29147222222222224 0.3045104166666667 0.010870370370370353 0.006026041666666604
0 0.2810740740740741 0.29359375 0.010037037037037067 0.007979166666666603
0 0.25643518518518515 0.2936510416666666 0.013509259259259289 0.007000000000000029
0 0.24001851851851852 0.2886145833333333 0.010296296296296328 0.0077916666666666854
0 0.23246296296296295 0.3007604166666667 0.00739814814814813 0.009541666666666605
0 0.2552685185185185 0.3094375 0.01376851851851855 0.006718750000000018
0 0.28419444444444447 0.310484375 0.010101851851851822 0.006385416666666632
0 0.30475925925925923 0.319125 0.009527777777777718 0.008645833333333287
0 0.3319074074074074 0.32664062499999996 0.019564814814814785 0.004838541666666618
0 0.34748148148148145 0.33616145833333333 0.0167314814814815 0.005343750000000025
0 0.3833240740740741 0.33961979166666667 0.013259259259259358 0.008197916666666671
0 0.3692037037037037 0.3486875 0.01898148148148143 0.006348958333333332
0 0.3868333333333333 0.3536510416666666 0.012037037037036985 0.008645833333333287
0 0.38213888888888886 0.364421875 0.012416666666666585 0.00565104166666659
0 0.31647222222222227 0.34171874999999996 0.019564814814814785 0.0068958333333333675
0 0.2879907407407407 0.33483854166666666 0.014092592592592644 0.007625000000000081
0 0.27470370370370367 0.32789062499999994 0.014027777777777731 0.005984374999999975
0 0.2595185185185185 0.32104687499999995 0.01197222222222215 0.0031562499999999716
0 0.24575 0.31905729166666663 0.010425925925925918 0.007140624999999989
0 0.2303703703703704 0.3178958333333333 0.0167314814814815 0.006765624999999975
0 0.2525092592592592 0.3263177083333333 0.009527777777777718 0.006817708333333261
0 0.24693518518518517 0.3301354166666667 0.006111111111111158 0.006901041666666696
0 0.2543055555555555 0.3349479166666667 0.010037037037037067 0.0037864583333333535
0 0.23364814814814813 0.33473437500000003 0.01686111111111109 0.004468749999999933
0 0.2274074074074074 0.3408541666666667 0.023675925925925947 0.004401041666666661
0 0.22187962962962962 0.3093333333333333 0.012611111111111089 0.003984375000000017
0 0.20514814814814814 0.31429687500000003 0.01518518518518519 0.007390625000000028
0 0.19871296296296295 0.32760416666666664 0.012611111111111089 0.008302083333333331
0 0.17899074074074076 0.3209375 0.014990740740740745 0.008010416666666752
0 0.1758611111111111 0.33589062499999994 0.011972222222222228 0.005338541666666696
0 0.19275925925925924 0.3362916666666666 0.009074074074074111 0.006859375000000068
0 0.19227777777777777 0.34103125 0.01312962962962961 0.0060989583333333815
0 0.15475925925925924 0.33529166666666665 0.013509259259259249 0.007078124999999958
0 0.17219444444444443 0.3518072916666667 0.013638888888888898 0.010020833333333368
0 0.1924351851851852 0.35566145833333335 0.014861111111111096 0.005786458333333311
0 0.2066851851851852 0.3491822916666666 0.01518518518518519 0.008026041666666739
0 0.20404629629629628 0.3567083333333333 0.011453703703703707 0.007322916666666668
0 0.22818518518518516 0.35227604166666665 0.01596296296296297 0.005692708333333396
0 0.2511851851851851 0.36255208333333333 0.010490740740740752 0.00830729166666666
0 0.27151851851851855 0.36173958333333334 0.016148148148148224 0.005229166666666618
0 0.29385185185185186 0.3624270833333333 0.016537037037037076 0.007473958333333286
0 0.22212962962962962 0.37110937499999996 0.01312962962962961 0.009890624999999976
0 0.20321296296296296 0.37145312500000005 0.011324074074074117 0.010942708333333329
0 0.17332407407407405 0.3613489583333333 0.013962962962962955 0.005937500000000017
0 0.1559814814814815 0.3553958333333333 0.01467592592592596 0.010317708333333276
0 0.13477777777777777 0.3582708333333333 0.023101851851851842 0.0048489583333332755
0 0.1608425925925926 0.3730104166666666 0.009592592592592592 0.008989583333333329
0 0.17480555555555555 0.37871354166666665 0.010490740740740733 0.012067708333333371
0 0.18737962962962962 0.3829270833333333 0.01518518518518519 0.007375000000000043
0 0.16698148148148148 0.38443229166666665 0.012222222222222199 0.007583333333333275
0 0.14455555555555555 0.382421875 0.011777777777777804 0.0075468749999999755
0 0.126287037037037 0.38765104166666664 0.02155555555555553 0.006062500000000082
0 0.18008333333333332 0.3965208333333333 0.014990740740740745 0.004432291666666632
0 0.22570370370370368 0.384703125 0.009972222222222231 0.007036458333333329
0 0.23333333333333334 0.3769322916666667 0.01338888888888887 0.005239583333333275
0 0.2701018518518518 0.38213020833333333 0.008685185185185181 0.00696354166666664
0 0.2537962962962963 0.393859375 0.018787037037037005 0.004322916666666643
0 0.31431481481481477 0.38898958333333333 0.014222222222222235 0.0050156250000000565
0 0.34298148148148144 0.3688802083333333 0.015444444444444372 0.005062500000000014
0 0.38637962962962963 0.38011979166666665 0.016796296296296337 0.009005208333333315
0 0.39677777777777773 0.39317708333333334 0.01596296296296297 0.006609375000000028
0 0.35964814814814816 0.4151145833333333 0.01402777777777777 0.009953125000000007
0 0.3910462962962962 0.41776562500000003 0.009907407407407396 0.010619791666666777
0 0.3819722222222222 0.42297916666666663 0.0162129629629629 0.010916666666666686
0 0.24526851851851847 0.415828125 0.014611111111111085 0.004937499999999951
0 0.1257037037037037 0.4131302083333333 0.013962962962962936 0.00859375
0 0.1413148148148148 0.41635416666666664 0.017249999999999984 0.00596354166666675
0 0.12493518518518519 0.42232812499999994 0.014990740740740725 0.005265625000000007
0 0.15987037037037036 0.4291510416666666 0.016796296296296295 0.004614583333333222
0 0.3312407407407407 0.431609375 0.017694444444444457 0.008192708333333344
0 0.3944907407407407 0.43917708333333333 0.008305555555555582 0.006354166666666749
0 0.41106481481481477 0.43803645833333327 0.010555555555555587 0.0061041666666666215
0 0.1668888888888889 0.44072916666666667 0.02362037037037036 0.006515624999999936
0 0.19137037037037036 0.45211458333333326 0.010425925925925918 0.010109375000000042
0 0.15408333333333332 0.45227604166666663 0.01872222222222221 0.005859375
0 0.12799074074074074 0.4515885416666666 0.01596296296296297 0.005072916666666672
0 0.1192037037037037 0.4418125 0.010268518518518495 0.004114583333333322
0 0.11336111111111112 0.4381770833333333 0.00792592592592594 0.00532812499999995
0 0.11194444444444443 0.44281249999999994 0.004398148148148135 0.004765625000000107
0 0.08499074074074074 0.44939062500000004 0.009657407407407408 0.005697916666666636
0 0.09300925925925926 0.4688541666666667 0.017305555555555557 0.007864583333333286
0 0.12413888888888888 0.4658645833333333 0.011064814814814817 0.005026041666666714
0 0.1343148148148148 0.47273958333333327 0.013027777777777772 0.003703125000000007
0 0.12896296296296295 0.4814375 0.01416666666666669 0.004489583333333336
0 0.11662962962962961 0.48469270833333333 0.011046296296296276 0.007656249999999964
0 0.10132407407407408 0.4773645833333333 0.0066018518518518475 0.00529166666666665
0 0.09876851851851852 0.4818854166666666 0.010157407407407407 0.006911458333333264
0 0.13521296296296295 0.49900520833333334 0.011527777777777755 0.007572916666666707
0 0.10408333333333333 0.4965208333333333 0.008018518518518529 0.004734374999999957
0 0.09989814814814814 0.5031354166666666 0.006962962962962986 0.007604166666666678
0 0.07988888888888888 0.49796874999999996 0.016018518518518536 0.0077760416666667
0 0.08646296296296296 0.5125208333333333 0.011712962962962968 0.0060260416666666925
0 0.1151851851851852 0.5244635416666666 0.010879629629629644 0.008578125000000015
0 0.13169444444444445 0.5199114583333333 0.008259259259259287 0.006239583333333343
0 0.09054629629629629 0.5234375 0.010916666666666656 0.003968749999999943
0 0.09625 0.5307864583333333 0.021620370370370366 0.008208333333333328
0 0.1041111111111111 0.5415052083333334 0.015629629629629625 0.00933333333333337
0 0.07723148148148147 0.538359375 0.011888888888888892 0.007828125000000163
0 0.10350925925925926 0.5499895833333334 0.010592592592592591 0.004312500000000163
0 0.08889814814814814 0.5516822916666666 0.013037037037037052 0.004916666666666636
0 0.10049074074074073 0.5565520833333333 0.00932407407407408 0.006953124999999893
0 0.0856111111111111 0.5581927083333333 0.011648148148148154 0.005989583333333393
0 0.09895370370370371 0.565828125 0.007666666666666681 0.004656250000000028
0 0.11637037037037036 0.5686302083333332 0.009703703703703721 0.006682291666666629
0 0.06997222222222221 0.5621822916666667 0.009879629629629625 0.006135416666666771
0 0.08494444444444443 0.5827239583333332 0.018583333333333327 0.008859375000000114
0 0.09592592592592591 0.5938489583333333 0.020499999999999987 0.0066770833333334775
0 0.1322222222222222 0.5876041666666667 0.013092592592592567 0.0044062500000000785
0 0.15212037037037035 0.5930104166666667 0.007814814814814813 0.008187499999999837
0 0.12054629629629628 0.6020104166666667 0.013092592592592567 0.005822916666666522
0 0.09248148148148147 0.6032291666666667 0.01212037037037037 0.004447916666666707
0 0.11741666666666666 0.6112760416666667 0.010379629629629624 0.0056145833333333785
0 0.07708333333333334 0.5991197916666666 0.008462962962962943 0.0053593749999999215
0 0.1874074074074074 0.6038645833333334 0.008314814814814832 0.007046875000000163
0 0.20321296296296296 0.6002239583333333 0.006194444444444416 0.006895833333333279
0 0.14491666666666664 0.6213541666666667 0.008462962962962964 0.005755208333333428
0 0.14150925925925925 0.6286041666666666 0.011620370370370382 0.0061822916666665504
0 0.0835 0.6246458333333333 0.020879629629629637 0.004145833333333293
0 0.16479629629629627 0.6348385416666666 0.008407407407407379 0.008604166666666658
0 0.20667592592592593 0.6342135416666667 0.012833333333333346 0.006083333333333307
0 0.08892592592592594 0.64175 0.0171111111111111 0.006333333333333258
0 0.09427777777777777 0.6577083333333332 0.009648148148148137 0.007057291666666821
0 0.09960185185185184 0.6647395833333333 0.01109259259259257 0.005416666666666714
0 0.10874074074074072 0.6589322916666667 0.00813888888888887 0.005749999999999922
0 0.11539814814814814 0.6530260416666666 0.019314814814814816 0.0036302083333332293
0 0.12107407407407406 0.6723697916666667 0.008259259259259247 0.005755208333333428
0 0.1338888888888889 0.6743020833333333 0.013592592592592585 0.006697916666666792
0 0.13275 0.6640416666666666 0.010379629629629624 0.005458333333333343
0 0.13924074074074075 0.6653333333333333 0.01085185185185189 0.0053958333333334
0 0.15568518518518518 0.6878854166666667 0.008342592592592584 0.007859375000000135
0 0.13766666666666666 0.6876874999999999 0.014305555555555531 0.0025000000000000356
0 0.13560185185185183 0.6925625 0.012537037037037043 0.0033593749999999644
0 0.16421296296296295 0.6774479166666667 0.01784259259259259 0.005390624999999894
0 0.18410185185185185 0.6708593749999999 0.012564814814814834 0.0049635416666667705
0 0.1829537037037037 0.6645520833333334 0.0128611111111111 0.005656250000000007
0 0.2081296296296296 0.6591770833333332 0.008055555555555571 0.004192708333333428
0 0.15674999999999997 0.666109375 0.013537037037037042 0.004619791666666551
0 0.11772222222222221 0.7004010416666666 0.006870370370370359 0.0046875
0 0.2152222222222222 0.6900833333333333 0.008138888888888907 0.0056666666666666645
0 0.2296296296296296 0.6942135416666667 0.010944444444444439 0.005031249999999865
0 0.2261574074074074 0.7015833333333333 0.011972222222222228 0.005562499999999915
0 0.2364351851851852 0.704125 0.006277777777777753 0.004130208333333307
0 0.23102777777777775 0.7077916666666667 0.011916666666666645 0.007083333333333286
0 0.18228703703703705 0.7214166666666666 0.010055555555555568 0.004718749999999971
0 0.1734074074074074 0.71990625 0.00587037037037036 0.00873437500000005
0 0.1592222222222222 0.7218854166666666 0.008759259259259227 0.011239583333333237
0 0.27582407407407405 0.6860729166666666 0.0058703703703704 0.011322916666666493
0 0.24889814814814812 0.6716197916666666 0.025203703703703756 0.008354166666666708
0 0.18110185185185182 0.7405520833333332 0.01786111111111113 0.011760416666666629
0 0.20575 0.7363020833333334 0.007944444444444403 0.01103645833333342
0 0.2372037037037037 0.7322708333333333 0.01148148148148146 0.00841666666666665
0 0.22982407407407407 0.7445364583333334 0.013287037037037031 0.00962499999999995
0 0.25446296296296295 0.7421041666666666 0.016138888888888817 0.012536458333333477
0 0.2766481481481481 0.7223229166666666 0.020629629629629578 0.013432291666666707
0 0.3166851851851852 0.7125364583333333 0.01302777777777785 0.01279166666666658
0 0.3043055555555555 0.7266197916666666 0.014499999999999997 0.007942708333333392
0 0.2881666666666667 0.7440989583333334 0.010527777777777756 0.007583333333333364
0 0.29489814814814813 0.7503854166666667 0.014324074074074072 0.008114583333333236
0 0.33593518518518517 0.739484375 0.02459259259259257 0.008072916666666607
0 0.37533333333333335 0.717125 0.019157407407407512 0.0076458333333333075
0 0.3584166666666666 0.6615677083333333 0.02191666666666663 0.00806770833333328
0 0.38918518518518513 0.6589270833333334 0.013027777777777772 0.01625520833333329
0 0.2880833333333333 0.6175989583333333 0.015879629629629636 0.011057291666666736
0 0.35224074074074074 0.6272083333333333 0.014416666666666699 0.008343750000000049
0 0.29757407407407405 0.6713489583333333 0.010703703703703679 0.008411458333333321
0 0.32096296296296295 0.7547083333333333 0.007351851851851876 0.008609375000000164
0 0.2697685185185185 0.7578489583333333 0.020509259259259238 0.004781249999999915
0 0.2731296296296296 0.7723385416666667 0.012833333333333346 0.006869791666666636
0 0.2763148148148148 0.777703125 0.007990740740740736 0.0058802083333333146
0 0.2841018518518518 0.7720260416666667 0.010138888888888904 0.008942708333333372
0 0.2918703703703704 0.7711041666666667 0.010009259259259235 0.006015625000000036
0 0.2945648148148148 0.7749635416666667 0.007185185185185203 0.005031249999999865
0 0.33468518518518514 0.7814687499999999 0.010398148148148165 0.007192708333333364
0 0.3320185185185185 0.7903072916666667 0.014120370370370396 0.006114583333333279
0 0.34556481481481477 0.7914270833333333 0.013990740740740727 0.0074895833333334496
0 0.3753796296296296 0.79334375 0.012453703703703746 0.006546875000000086
0 0.3981018518518518 0.8003124999999999 0.013222222222222198 0.006328125000000018
0 0.3865462962962963 0.7831770833333334 0.011166666666666616 0.005578125000000078
0 0.3781111111111111 0.7786979166666665 0.00904629629629628 0.007854166666666629
0 0.36966666666666664 0.7718177083333334 0.0069351851851851935 0.006005208333333378
0 0.36958333333333326 0.7775677083333333 0.007092592592592616 0.005781249999999893
0 0.382212962962963 0.7538177083333333 0.016111111111111142 0.0067031249999999435
0 0.39089814814814816 0.731296875 0.011907407407407472 0.005843749999999837
0 0.3886666666666666 0.7252395833333333 0.01797222222222214 0.004375000000000106
0 0.4103796296296296 0.7294270833333333 0.006962962962962946 0.010354166666666664
0 0.4282685185185185 0.7493489583333333 0.024972222222222246 0.006739583333333421
0 0.4089537037037037 0.7168020833333333 0.015851851851851805 0.008166666666666522
0 0.47188888888888886 0.6579375 0.0264999999999999 0.011546874999999979
0 0.4919259259259258 0.677984375 0.03136111111111101 0.009109374999999887
0 0.47762037037037036 0.7174635416666666 0.023296296296296266 0.013098958333333322
0 0.4949537037037036 0.7153958333333332 0.027148148148148088 0.0075416666666667355
0 0.5316388888888889 0.721125 0.016138888888888894 0.015270833333333478
0 0.5522685185185185 0.6778541666666666 0.012287037037037072 0.007661458333333293
0 0.5429166666666666 0.66875 0.02292592592592592 0.006468749999999979
0 0.5125648148148149 0.732296875 0.022740740740740742 0.010270833333333229
0 0.47766666666666663 0.7397812500000001 0.016787037037037086 0.011822916666666572
0 0.45061111111111113 0.7372708333333333 0.017703703703703708 0.011244791666666743
0 0.5221018518518518 0.7476197916666667 0.016870370370370345 0.008937499999999866
0 0.4772962962962963 0.7675416666666667 0.011833333333333309 0.011635416666666742
0 0.4752314814814814 0.7808489583333333 0.01705555555555552 0.007140625000000078
0 0.49737962962962956 0.79153125 0.01586111111111121 0.011572916666666622
0 0.4723888888888889 0.794265625 0.02677777777777774 0.019515624999999835
0 0.4498333333333333 0.8011041666666665 0.022009259259259294 0.006359374999999989
0 0.5303518518518519 0.7975677083333332 0.0179722222222223 0.010848958333333325
0 0.5448888888888889 0.78325 0.016231481481481402 0.00905208333333345
0 0.5504814814814815 0.7969999999999999 0.014212962962962827 0.0068229166666666785
0 0.5627222222222221 0.8034270833333332 0.014490740740740825 0.006874999999999876
0 0.5668518518518518 0.7941874999999999 0.015407407407407448 0.007807291666666494
0 0.5705648148148148 0.7710989583333333 0.012564814814814756 0.009109374999999887
0 0.5442962962962963 0.7716666666666666 0.012842592592592439 0.009005208333333315
0 0.5494259259259259 0.7648802083333333 0.013574074074074202 0.008651041666666793
0 0.6120185185185185 0.8062135416666667 0.02870370370370365 0.007489583333333272
0 0.5520092592592591 0.7491979166666667 0.01033333333333341 0.007890625000000106
0 0.5434166666666667 0.7512447916666667 0.008138888888888907 0.00873437500000005
0 0.5817037037037037 0.7511822916666666 0.02065740740740741 0.007307291666666771
0 0.6004907407407407 0.7536614583333333 0.012759259259259182 0.008833333333333294
0 0.6043888888888889 0.7619270833333334 0.016388888888888984 0.008213541666666657
0 0.6045925925925926 0.7411302083333333 0.012759259259259182 0.008953125000000029
0 0.6301851851851852 0.7371979166666667 0.011657407407407384 0.009947916666666678
0 0.6137685185185184 0.7304114583333334 0.02302777777777768 0.007000000000000029
0 0.5994537037037037 0.7210104166666665 0.022101851851851803 0.0060520833333333355
0 0.6490277777777778 0.7611822916666666 0.013796296296296381 0.007755208333333208
0 0.6352037037037037 0.7728072916666666 0.01338888888888887 0.007880208333333449
0 0.6412129629629629 0.7764895833333332 0.011546296296296374 0.0066770833333334775
0 0.6556388888888889 0.7857604166666666 0.015009259259259345 0.005989583333333393
0 0.6014444444444444 0.7848385416666667 0.011657407407407384 0.005473958333333506
0 0.6014999999999999 0.7924843749999999 0.012462962962962997 0.007479166666666792
0 0.6096944444444444 0.7838958333333332 0.009925925925925899 0.011348958333333315
0 0.6892314814814815 0.7873541666666666 0.0217037037037037 0.0060520833333333355
0 0.6878981481481481 0.77621875 0.02088888888888884 0.006083333333333307
0 0.7063703703703703 0.7876510416666667 0.007037037037036953 0.012067708333333371
0 0.7174259259259259 0.7706458333333334 0.014370370370370327 0.0063072916666667925
0 0.7390370370370369 0.7841875 0.007499999999999811 0.008072916666666607
0 0.7308981481481481 0.780453125 0.010851851851851772 0.005244791666666693
0 0.7502592592592592 0.7752291666666666 0.012175925925925904 0.007026041666666494
0 0.6848425925925926 0.7442656249999999 0.007388888888888959 0.009703125000000057
0 0.7010000000000001 0.7331041666666666 0.009694444444444469 0.006442708333333336
0 0.6803425925925926 0.7270208333333333 0.01592592592592597 0.0044322916666667215
0 0.7213796296296296 0.7166927083333332 0.013962962962962896 0.005854166666666494
0 0.7607685185185186 0.7436927083333333 0.021185185185185182 0.007343749999999894
0 0.7445740740740739 0.7445729166666666 0.011657407407407226 0.006750000000000078
0 0.7267407407407407 0.7530468749999999 0.006694444444444356 0.012015625000000085
0 0.7386944444444443 0.7623645833333332 0.009351851851851873 0.005708333333333293
0 0.76175 0.7270833333333333 0.008833333333333195 0.008427083333333307
0 0.7811111111111111 0.721984375 0.015694444444444382 0.01018229166666682
0 0.8046296296296295 0.7339479166666667 0.014259259259259239 0.0060520833333333355
0 0.8001851851851852 0.7142135416666666 0.01044444444444442 0.007718750000000085
0 0.8078055555555554 0.7207239583333334 0.013675925925925803 0.008729166666666722
0 0.8190833333333334 0.7165364583333333 0.012462962962962997 0.0067968750000000355
0 0.8554166666666666 0.7404218749999999 0.0076759259259258925 0.008838541666666621
0 0.843037037037037 0.7390416666666667 0.013509259259259289 0.006401041666666707
0 0.842111111111111 0.7339114583333333 0.011657407407407226 0.005229166666666707
0 0.842 0.7284218749999999 0.013731481481481308 0.00529166666666665
0 0.851898148148148 0.713578125 0.011027777777777853 0.004828125000000049
0 0.8774074074074074 0.7006927083333332 0.010675925925926005 0.005671874999999993
0 0.8649722222222221 0.6944427083333332 0.012925925925925855 0.007781250000000029
0 0.8110092592592592 0.6962291666666667 0.010046296296296317 0.005505208333333478
0 0.7987685185185184 0.6973958333333333 0.017888888888888725 0.006546875000000086
0 0.7583981481481481 0.6962135416666666 0.01044444444444442 0.010994791666666792
0 0.6927222222222222 0.7001718749999999 0.02395370370370355 0.005760416666666579
0 0.6746296296296297 0.6945416666666666 0.01777777777777787 0.0066770833333334775
0 0.6194537037037037 0.6860520833333333 0.016972222222222104 0.004786458333333421
0 0.6064074074074074 0.6989583333333333 0.019972222222222218 0.004614583333333399
0 0.6164537037037037 0.6537499999999999 0.011425925925925798 0.00802604166666665
0 0.6154722222222222 0.6602135416666666 0.007620370370370388 0.006135416666666771
0 0.6253981481481481 0.6589791666666667 0.01315740740740744 0.004708333333333314
0 0.7256481481481482 0.6706354166666666 0.01697222222222226 0.008015624999999993
0 0.7170462962962962 0.6544635416666666 0.009925925925926057 0.006593749999999865
0 0.765898148148148 0.6742135416666667 0.014370370370370249 0.004328124999999972
0 0.7800092592592591 0.6683645833333334 0.016740740740740674 0.006067708333333322
0 0.8144074074074072 0.664015625 0.01604629629629623 0.003411458333333428
0 0.8210185185185185 0.6774739583333333 0.012638888888889078 0.007651041666666636
0 0.8374351851851851 0.6835625000000001 0.010388888888888914 0.007453124999999972
0 0.8563148148148148 0.6826874999999999 0.01073148148148151 0.009239583333333279
0 0.8464722222222223 0.6766822916666666 0.01863888888888899 0.006666666666666821
0 0.6645555555555556 0.6302187499999999 0.01044444444444442 0.008864583333333264
0 0.6472129629629629 0.614109375 0.009925925925925899 0.006515625000000113
0 0.5628333333333333 0.6205364583333333 0.01708333333333343 0.00919791666666665
0 0.49415740740740743 0.6148125 0.012462962962962997 0.007661458333333293
0 0.4891851851851852 0.579046875 0.008768518518518596 0.009395833333333315
0 0.46212037037037035 0.5767083333333333 0.011888888888888971 0.00627604166666682
0 0.4312685185185185 0.5861249999999999 0.022222222222222223 0.006921874999999922
0 0.321787037037037 0.5931822916666667 0.013907407407407391 0.01302604166666672
0 0.28023148148148147 0.5829166666666666 0.01610185185185181 0.00490104166666665
0 0.26225925925925925 0.5715572916666667 0.01604629629629631 0.006520833333333265
0 0.24528703703703705 0.5852916666666667 0.007500000000000047 0.0108645833333334
0 0.2804351851851852 0.5454843749999999 0.006462962962963006 0.006270833333333314
0 0.2698148148148148 0.5298489583333332 0.009231481481481533 0.008437499999999964
0 0.25238888888888883 0.5317291666666666 0.013620370370370378 0.00728124999999995
0 0.29439814814814813 0.52009375 0.00854629629629634 0.008723958333333393
0 0.2658611111111111 0.5202864583333333 0.014259259259259239 0.009109375000000064
0 0.3593333333333333 0.514875 0.009120370370370405 0.006578125000000057
0 0.39032407407407405 0.5268437499999999 0.010620370370370343 0.0050416666666666995
0 0.3893703703703703 0.5414895833333333 0.007333333333333295 0.0075677083333333785
0 0.3627407407407407 0.5609739583333333 0.008083333333333402 0.006255208333333507
0 0.40986111111111106 0.5696458333333333 0.00906481481481478 0.005145833333333449
0 0.45995370370370364 0.5494479166666666 0.01506481481481485 0.006588541666666714
0 0.21856481481481482 0.5743333333333334 0.012925925925925933 0.009421875000000135
0 0.38484259259259257 0.4875781249999999 0.016388888888888984 0.005338541666666608
0 0.4359722222222222 0.49684895833333337 0.0180092592592593 0.005947916666666764
0 0.5426296296296296 0.5082812499999999 0.01708333333333343 0.005229166666666707
0 0.5448240740740741 0.4992552083333333 0.012694444444444425 0.009249999999999935
0 0.5633796296296296 0.47246354166666665 0.01979629629629645 0.008260416666666614
0 0.5048888888888888 0.475046875 0.01465740740740734 0.007255208333333307
0 0.6061203703703704 0.493859375 0.010157407407407485 0.00803124999999998
0 0.6031759259259258 0.4773020833333333 0.008194444444444412 0.008197916666666671
0 0.6948240740740741 0.49430208333333325 0.018925925925925922 0.007151041666666735
0 0.6722037037037037 0.4703177083333333 0.01708333333333343 0.0049479166666666075
0 0.7394444444444445 0.50071875 0.01465740740740734 0.013796875000000064
0 0.7236574074074074 0.50453125 0.012527777777777752 0.007468749999999957
0 0.7477222222222221 0.529859375 0.009749999999999974 0.010703125000000036
0 0.7415185185185185 0.5480625 0.013509259259259289 0.007203125000000021
0 0.7787685185185186 0.539 0.021527777777777778 0.004015625000000078
0 0.7732592592592593 0.5001145833333334 0.02043518518518523 0.005130208333333286
0 0.80575 0.5046302083333333 0.016620370370370414 0.007015625000000014
0 0.7510370370370371 0.493359375 0.0106203703703705 0.008385416666666678
0 0.7714444444444444 0.487515625 0.015407407407407606 0.004598958333333236
0 0.8010833333333333 0.49084374999999997 0.0121203703703704 0.012234375000000065
0 0.813574074074074 0.477921875 0.021185185185185182 0.007161458333333393
0 0.8344999999999999 0.48010937499999995 0.01223148148148141 0.010572916666666644
0 0.7891574074074074 0.477515625 0.023490740740740534 0.005374999999999908
0 0.8191111111111111 0.5312916666666667 0.023953703703703706 0.007744791666666728
0 0.7996388888888889 0.5563645833333333 0.010388888888888914 0.009526041666666707
0 0.8147592592592593 0.5557812499999999 0.010157407407407327 0.009656249999999922
0 0.8454907407407407 0.5595468749999999 0.013907407407407391 0.006192708333333208
0 0.7907499999999998 0.590203125 0.009694444444444469 0.007078125000000135
0 0.6862870370370371 0.5874114583333332 0.01777777777777787 0.007984375000000021
0 0.6629722222222222 0.5719531250000001 0.016388888888888984 0.005635416666666693
0 0.6487685185185185 0.5671458333333333 0.006462962962962927 0.0064114583333333645
0 0.6195648148148147 0.5680104166666666 0.015009259259259345 0.01040624999999995
0 0.6122962962962962 0.5447135416666666 0.00854629629629626 0.0060260416666666925
0 0.5698425925925925 0.72590625 0.007907407407407321 0.0072083333333333496
0 0.8862962962962962 0.6644583333333334 0.02002777777777788 0.0039791666666666005
0 0.9089814814814815 0.6594583333333334 0.01275925925925934 0.00696354166666655
0 0.9311944444444445 0.645296875 0.013333333333333523 0.005911458333333286
0 0.9437777777777777 0.632390625 0.018175925925926133 0.008343750000000049
0 0.9375462962962963 0.6178125 0.008601851851851923 0.010994791666666792
0 0.8899351851851852 0.618359375 0.018527777777777664 0.004135416666666636
0 0.900638888888889 0.622 0.010388888888888914 0.004656250000000028
0 0.8956759259259259 0.6272239583333332 0.01200925925925939 0.005234375000000036
0 0.8899907407407407 0.636546875 0.012638888888889078 0.006723958333333257
0 0.9005185185185184 0.6412395833333333 0.012925925925925855 0.006234374999999836
0 0.9061203703703703 0.6481041666666666 0.0121203703703704 0.005677083333333321
0 0.8810462962962962 0.6557864583333333 0.015527777777777866 0.00806249999999995
0 0.8784444444444445 0.645671875 0.008018518518518489 0.008286458333333257
0 0.8645092592592591 0.6475729166666666 0.007388888888888801 0.00916145833333335
0 0.824861111111111 0.6250677083333334 0.019972222222222058 0.006635416666666494
0 0.7993148148148148 0.6312864583333333 0.015064814814814692 0.007432291666666657
0 0.8641574074074073 0.598015625 0.011777777777777804 0.008140625000000058
0 0.7754259259259259 0.63453125 0.009749999999999974 0.004255208333333371
0 0.7541018518518517 0.6201145833333332 0.018351851851851897 0.007124999999999914
0 0.7663888888888888 0.6209270833333334 0.013388888888889028 0.008744791666666706
0 0.866074074074074 0.5353541666666667 0.01810185185185181 0.0073489583333334
0 0.9094259259259259 0.5377239583333333 0.017953703703703798 0.006640625
0 0.8860740740740741 0.5787447916666666 0.011620370370370224 0.005994791666666721
0 0.8993703703703703 0.5748489583333333 0.009611111111111213 0.006244791666666494
0 0.915861111111111 0.5708906249999999 0.014601851851851835 0.005369791666666579
0 0.9235 0.5657760416666666 0.012074074074074145 0.0035729166666667923
0 0.9283518518518518 0.573609375 0.007555555555555631 0.0037395833333333075
0 0.9265092592592592 0.5776302083333332 0.006981481481481448 0.0023593750000001634
0 0.9333888888888888 0.5784322916666665 0.007851851851851974 0.0029531249999999788
0 0.9570648148148149 0.5557968750000001 0.011055555555555607 0.004989583333333237
0 0.8995555555555554 0.5576302083333333 0.008481481481481663 0.0061822916666665504
0 0.9496851851851852 0.5451927083333332 0.008592592592592672 0.004213541666666742
0 0.9591296296296296 0.5447083333333332 0.009703703703703721 0.006744791666666572
0 0.9392222222222222 0.5360937499999999 0.010629629629629751 0.0053958333333334
0 0.8972037037037037 0.5450104166666667 0.006148148148148241 0.005520833333333286
0 0.8826481481481482 0.5453697916666667 0.012296296296296166 0.002822916666666764
0 0.8982314814814815 0.526828125 0.006833333333333434 0.004885416666666665
0 0.9002129629629629 0.5239895833333332 0.011055555555555607 0.005687499999999979
0 0.9232407407407408 0.5161093749999999 0.009259259259259365 0.00490104166666665
0 0.938037037037037 0.5114322916666667 0.00892592592592602 0.003994791666666764
0 0.9375277777777777 0.5175468750000001 0.010870370370370273 0.006067708333333322
0 0.8988518518518518 0.5004010416666667 0.013351851851852024 0.005270833333333336
0 0.9178333333333332 0.4972447916666667 0.007046296296296203 0.005916666666666614
0 0.9265185185185184 0.4944218749999999 0.009361111111111124 0.007968750000000035
0 0.8994722222222221 0.48444270833333325 0.010953703703703532 0.005250000000000021
0 0.8862499999999999 0.4864010416666666 0.008018518518518489 0.0032604166666667213
0 0.8864074074074074 0.4901249999999999 0.010842592592592522 0.00287500000000005
0 0.8679814814814814 0.4828854166666666 0.015749999999999886 0.004192708333333251
0 0.93925 0.4753697916666667 0.007305555555555543 0.004526041666666636
0 0.9299351851851851 0.46977604166666664 0.010814814814814768 0.004411458333333407
0 0.9504444444444443 0.46009374999999997 0.012583333333333257 0.0046302083333333854
0 0.8889814814814814 0.45843229166666666 0.011981481481481638 0.006557291666666565
0 0.887611111111111 0.46427604166666664 0.010157407407407327 0.004499999999999993
0 0.8714629629629629 0.46401041666666665 0.005935185185185155 0.006151041666666579
0 0.8524999999999999 0.46424479166666666 0.016175925925926055 0.0069947916666666995
0 0.840824074074074 0.451703125 0.01158333333333322 0.006859374999999978
0 0.8140277777777777 0.4612187499999999 0.006166666666666742 0.008796874999999992
0 0.8043888888888888 0.45763020833333334 0.008555555555555669 0.007880208333333449
0 0.8245185185185184 0.44405729166666663 0.006814814814814617 0.0033697916666666217
0 0.8168796296296296 0.4402708333333333 0.006166666666666742 0.0044583333333333645
0 0.8639999999999999 0.430125 0.012296296296296166 0.0049218749999999645
0 0.8304351851851851 0.4264583333333333 0.01751851851851869 0.005677083333333321
0 0.8025185185185184 0.443265625 0.018796296296296255 0.011255208333333221
0 0.78225 0.44762500000000005 0.012324074074073918 0.006645833333333328
0 0.7780092592592592 0.43853645833333327 0.023935185185185205 0.006447916666666664
0 0.7852037037037036 0.41817187499999997 0.008416666666666591 0.009208333333333308
0 0.8017222222222222 0.41698958333333336 0.011324074074074196 0.0067968750000000355
0 0.8684907407407406 0.41583333333333333 0.01158333333333322 0.007182291666666707
0 0.8842407407407407 0.41476041666666663 0.007361111111111048 0.004515624999999979
0 0.8924259259259258 0.41511979166666657 0.0037685185185185647 0.0058802083333333146
0 0.9049537037037036 0.41380729166666663 0.0065648148148148445 0.005302083333333307
0 0.8890648148148148 0.40947916666666667 0.012092592592592648 0.003218750000000092
0 0.8930555555555556 0.4041197916666667 0.00867592592592593 0.004692708333333328
0 0.7649074074074075 0.4164635416666666 0.010499999999999924 0.005604166666666721
0 0.7682129629629628 0.41118229166666664 0.017574074074074197 0.004291666666666671
0 0.7521388888888888 0.39761458333333327 0.007787037037037218 0.007838541666666643
0 0.7256851851851852 0.393078125 0.015203703703703771 0.005718750000000039
0 0.7452777777777777 0.38641666666666663 0.007305555555555543 0.006838541666666753
0 0.7022499999999999 0.40242187499999993 0.009129629629629536 0.005151041666666733
0 0.6913148148148148 0.4021666666666667 0.010925925925925936 0.005916666666666614
0 0.6890185185185185 0.4251302083333333 0.01746296296296287 0.0030677083333333854
0 0.6850370370370371 0.45191666666666663 0.00904629629629628 0.005312499999999965
0 0.6943333333333332 0.45880208333333333 0.00984259259259264 0.004932291666666621
0 0.6361481481481481 0.45157291666666666 0.01187037037037031 0.014817708333333356
0 0.6111018518518518 0.4415104166666667 0.013120370370370438 0.010229166666666779
0 0.5949074074074073 0.45221874999999995 0.014981481481481594 0.007656249999999964
0 0.5901574074074074 0.43434375000000003 0.008212962962962915 0.006885416666666621
0 0.5908425925925925 0.42625520833333325 0.01712037037037043 0.010453124999999907
0 0.6572314814814814 0.40763541666666664 0.00929629629629621 0.004968749999999922
0 0.6695833333333333 0.38826041666666666 0.009129629629629536 0.008416666666666739
0 0.6443796296296296 0.3784739583333333 0.014175925925925823 0.006958333333333311
0 0.6130277777777777 0.3817083333333333 0.02039814814814807 0.008031250000000068
0 0.5594907407407407 0.380296875 0.012777777777777683 0.0033124999999999184
0 0.5917870370370371 0.36933333333333335 0.015518518518518458 0.006942708333333325
0 0.5345 0.3987604166666666 0.0057037037037037264 0.006833333333333291
0 0.4903333333333333 0.39073437499999997 0.013240740740740699 0.006192708333333385
0 0.490824074074074 0.3727083333333333 0.017175925925925935 0.005973958333333318
0 0.18995370370370368 0.48118229166666665 0.018546296296296325 0.01072395833333335
0 0.18582407407407406 0.46059374999999997 0.007555555555555552 0.007906250000000092
0 0.18159259259259258 0.4659583333333333 0.01007407407407407 0.003937499999999971
0 0.21175925925925923 0.47053124999999996 0.012712962962963006 0.0076718749999999504
0 0.20294444444444446 0.45913541666666663 0.008583333333333342 0.010744791666666665
0 0.23700925925925923 0.4565052083333333 0.011453703703703707 0.014156250000000092
0 0.2742777777777778 0.46146354166666664 0.00904629629629628 0.009385416666666656
0 0.29271296296296295 0.47842708333333334 0.018666666666666665 0.012625000000000063
0 0.26974999999999993 0.4828906249999999 0.012824074074074095 0.009630208333333279
0 0.22098148148148147 0.5115572916666666 0.013740740740740718 0.00642708333333335
0 0.3529907407407407 0.4752552083333333 0.03194444444444441 0.005312499999999965
0 0.4759074074074074 0.4494947916666666 0.013509259259259289 0.011109375000000022
0 0.5458611111111111 0.4379166666666666 0.016027777777777728 0.008828124999999964
0 0.4605925925925926 0.4241614583333333 0.014370370370370407 0.009395833333333315
0 0.537537037037037 0.41546354166666666 0.01264814814814817 0.004880208333333335
0 0.5488981481481481 0.41583333333333333 0.015685185185185288 0.007229166666666664
0 0.4718981481481481 0.4073333333333333 0.015111111111111105 0.004390625000000092
0 0.47518518518518515 0.4018385416666666 0.019407407407407443 0.00790104166666672
0 0.4552407407407407 0.39638020833333326 0.01225000000000007 0.008249999999999914
0 0.4377499999999999 0.37826041666666665 0.011046296296296196 0.01161458333333334
0 0.46093518518518517 0.371171875 0.01700000000000001 0.0051354166666666146
0 0.4665185185185185 0.36444791666666665 0.016712962962962923 0.006531250000000011
0 0.49774074074074065 0.35621354166666663 0.022379629629629645 0.0038124999999999964
0 0.5205833333333333 0.3555364583333333 0.014481481481481574 0.009671874999999996
0 0.5448611111111111 0.345359375 0.01631481481481466 0.006036458333333261
0 0.4754166666666667 0.34816145833333334 0.023527777777777852 0.0031718749999999573
0 0.42919444444444443 0.35075520833333335 0.008935185185185112 0.004270833333333357
0 0.4381481481481481 0.3441666666666666 0.016777777777777836 0.005588541666666646
0 0.4780277777777777 0.3214479166666666 0.017749999999999964 0.007328124999999996
0 0.500175925925926 0.33046875 0.011222222222222121 0.00813541666666664
0 0.5064166666666666 0.3361875 0.013629629629629707 0.005723958333333367
0 0.5377592592592592 0.32351041666666663 0.02822222222222229 0.0058125000000000425
0 0.5622314814814815 0.3237708333333333 0.015342592592592534 0.007619791666666753
0 0.5697037037037036 0.33181770833333335 0.016999999999999856 0.00977083333333333
0 0.5839351851851851 0.3404583333333333 0.012018518518518482 0.0113645833333333
0 0.5962962962962963 0.35436979166666666 0.019351851851851936 0.005703125000000054
0 0.6516296296296296 0.36821875 0.014601851851851835 0.005239583333333275
0 0.6331944444444444 0.35198958333333336 0.008074074074074152 0.011244791666666653
0 0.675675925925926 0.36699479166666665 0.010018518518518408 0.0051145833333333
0 0.6494537037037037 0.3478645833333333 0.00852777777777776 0.005572916666666661
0 0.6583240740740741 0.34520312499999994 0.013796296296296381 0.005864583333333328
0 0.6933055555555555 0.3630208333333333 0.00852777777777776 0.008510416666666654
0 0.6999722222222222 0.35744791666666664 0.009500000000000045 0.009604166666666724
0 0.712574074074074 0.364953125 0.007212962962962956 0.0098020833333333
0 0.7155185185185184 0.34965104166666666 0.014481481481481574 0.006890625000000039
0 0.7214722222222223 0.3594895833333333 0.010018518518518565 0.010463541666666654
0 0.73825 0.36892708333333335 0.011962962962963135 0.01026562499999999
0 0.7555648148148149 0.3780104166666666 0.0168333333333335 0.007552083333333304
0 0.7399907407407407 0.38065625000000003 0.006759259259259112 0.008036458333333395
0 0.7302037037037037 0.37667708333333333 0.011453703703703707 0.006197916666666714
0 0.7244444444444443 0.382328125 0.01654629629629609 0.005359375000000011
0 0.9541296296296297 0.4395677083333333 0.016231481481481562 0.010385416666666637
0 0.9251944444444444 0.40560416666666665 0.01998148148148131 0.0060260416666666925
0 0.9271018518518518 0.41142187499999994 0.012694444444444583 0.0061041666666666215
0 0.9301944444444444 0.4239739583333333 0.01276851851851859 0.007151041666666735
0 0.8905833333333334 0.3968697916666667 0.012212962962962908 0.006942708333333281
0 0.8661203703703703 0.38738541666666665 0.01324999999999995 0.004359374999999943
0 0.8912777777777778 0.39002083333333337 0.0191481481481481 0.005338541666666696
0 0.8880462962962963 0.38619791666666664 0.011166666666666616 0.005489583333333314
0 0.8814537037037037 0.37969791666666663 0.010472222222222171 0.006932291666666668
0 0.8610925925925926 0.400015625 0.00790740740740748 0.005031250000000043
0 0.8511759259259258 0.3994270833333333 0.01720370370370353 0.004640625000000042
0 0.8424351851851851 0.395484375 0.0191481481481481 0.005338541666666696
0 0.8414629629629629 0.389359375 0.01998148148148131 0.004791666666666661
0 0.8507962962962962 0.3812760416666666 0.012000000000000139 0.007468749999999957
0 0.8568981481481482 0.3692552083333333 0.013666666666666553 0.007510416666666675
0 0.9127777777777777 0.36855208333333334 0.012212962962962908 0.006104166666666711
0 0.917675925925926 0.35992187499999995 0.022546296296296318 0.007250000000000067
0 0.8360185185185185 0.3779583333333333 0.012416666666666742 0.0069687500000000565
0 0.818537037037037 0.378234375 0.011305555555555695 0.006734375000000003
0 0.7994907407407408 0.36734895833333325 0.006379629629629828 0.0072135416666665895
0 0.7849166666666666 0.3668802083333333 0.010546296296296494 0.006276041666666643
0 0.7653518518518518 0.35930729166666664 0.014148148148148227 0.006739583333333332
0 0.7331666666666666 0.35097395833333334 0.010824074074074019 0.008416666666666739
0 0.7979999999999999 0.35216666666666663 0.017694444444444457 0.005723958333333367
0 0.789398148148148 0.34548958333333335 0.01158333333333322 0.005640624999999932
0 0.8167962962962961 0.346953125 0.012694444444444583 0.007395833333333357
0 0.8333425925925926 0.34246354166666665 0.008046296296296242 0.008567708333333358
0 0.8147129629629628 0.3413541666666666 0.014083333333333472 0.0036093750000000036
0 0.8180462962962963 0.33586979166666664 0.009231481481481611 0.005515624999999957
0 0.8866944444444443 0.336609375 0.01374074074074056 0.004708333333333314
0 0.8959259259259258 0.3397708333333333 0.010546296296296494 0.0038489583333333856
0 0.9032777777777776 0.342015625 0.012490740740740748 0.00883854166666671
0 0.8780185185185184 0.32790625 0.010268518518518337 0.006760416666666646
0 0.8703240740740741 0.32454687499999996 0.009018518518518526 0.007854166666666629
0 0.8267222222222222 0.327984375 0.008537037037037168 0.006916666666666682
0 0.8164907407407406 0.3251145833333333 0.012351851851851671 0.005473958333333329
0 0.8140925925925926 0.33079166666666665 0.013805555555555632 0.0031718749999999573
0 0.7677499999999999 0.33665104166666665 0.009916666666666806 0.011765624999999957
0 0.7632777777777777 0.3268333333333333 0.009990740740740812 0.007348958333333311
0 0.749435185185185 0.3295625 0.020462962962962985 0.006567708333333311
0 0.7473148148148148 0.324 0.014148148148148227 0.005197916666666647
0 0.6667037037037037 0.3251875 0.013879629629629638 0.011479166666666618
0 0.6365555555555555 0.33035937499999996 0.015333333333333282 0.007380208333333371
0 0.6328518518518518 0.31703125 0.012768518518518433 0.009989583333333395
0 0.599962962962963 0.30924479166666663 0.01914814814814826 0.008072916666666697
0 0.6639999999999999 0.29809375 0.006796296296296273 0.005244791666666604
0 0.6900185185185185 0.3045208333333333 0.013324074074074115 0.01033333333333326
0 0.6779814814814814 0.307796875 0.007981481481481327 0.007526041666666661
0 0.6695462962962963 0.3052395833333333 0.007074074074074114 0.0067031249999999435
0 0.7107592592592593 0.311640625 0.007629629629629638 0.005473958333333329
0 0.7008055555555556 0.31552604166666665 0.011583333333333378 0.0035572916666666288
0 0.7081574074074073 0.318921875 0.013527777777777632 0.003791666666666682
0 0.7293518518518518 0.31119270833333335 0.020398148148148228 0.005197916666666647
0 0.7498888888888888 0.3069739583333333 0.007074074074074272 0.005828125000000029
0 0.7388518518518519 0.3046145833333333 0.013879629629629638 0.005453125000000014
0 0.7395462962962963 0.297453125 0.012490740740740748 0.007906250000000004
0 0.7697962962962963 0.3044427083333333 0.01859259259259242 0.005494791666666643
0 0.7748981481481481 0.298234375 0.008953703703703771 0.007906250000000004
0 0.8055925925925925 0.31226562499999994 0.0191481481481481 0.0035833333333333607
0 0.825574074074074 0.31607291666666665 0.009712962962962972 0.006906250000000025
0 0.8254166666666666 0.30148437499999997 0.0045925925925925214 0.005187499999999989
0 0.8235740740740741 0.304921875 0.009009259259259276 0.004932291666666711
0 0.8095092592592591 0.30614062499999994 0.006490740740740838 0.004604166666666654
0 0.8189722222222222 0.30173958333333334 0.007027777777777702 0.00670833333333336
0 0.8086944444444444 0.29949479166666665 0.008111111111110998 0.004500000000000082
0 0.7848148148148147 0.29433333333333334 0.012620370370370577 0.004046874999999961
0 0.793148148148148 0.2839322916666666 0.013064814814814616 0.004062499999999946
0 0.7482685185185185 0.28575 0.008018518518518489 0.0048906250000000815
0 0.7526388888888889 0.27763541666666663 0.008648148148148177 0.006911458333333354
0 0.741435185185185 0.27759375 0.010138888888888826 0.004552083333333368
0 0.7394351851851851 0.2820989583333333 0.013787037037037129 0.005697916666666724
0 0.7269722222222221 0.28455729166666666 0.007074074074074272 0.0070677083333333
0 0.7172407407407407 0.28845833333333337 0.008518518518518666 0.004739583333333286
0 0.7317222222222222 0.269203125 0.00793518518518523 0.008557291666666699
0 0.7195555555555555 0.26401562500000003 0.011000000000000102 0.00756250000000005
0 0.7084722222222222 0.264484375 0.01225925925925932 0.005203124999999975
0 0.6904444444444444 0.26593229166666665 0.01586111111111121 0.005562500000000003
0 0.6878518518518518 0.27180208333333333 0.009601851851851804 0.005385416666666654
0 0.6955833333333333 0.27744270833333334 0.011712962962963046 0.004880208333333247
0 0.6805277777777778 0.2770520833333333 0.01045370370370367 0.00625
0 0.6717870370370369 0.2635885416666667 0.013787037037037129 0.005177083333333332
0 0.6625740740740741 0.271421875 0.013296296296296204 0.0051354166666666146
0 0.6479259259259259 0.28056249999999994 0.008333333333333333 0.006937499999999997
0 0.640962962962963 0.2873177083333333 0.01414814814814807 0.004135416666666725
0 0.6352685185185185 0.29691666666666666 0.01609259259259264 0.0044635416666666036
0 0.6158888888888888 0.294546875 0.01338888888888887 0.007786458333333357
0 0.6331944444444444 0.274390625 0.006805555555555524 0.009546874999999932
0 0.6121481481481481 0.2619739583333333 0.01095370370370369 0.0037343749999999786
0 0.598037037037037 0.29070312499999995 0.008972222222222272 0.006942708333333325
0 0.5874259259259258 0.2867864583333333 0.007212962962962877 0.010515625000000028
0 0.550425925925926 0.30082291666666666 0.008203703703703664 0.00639583333333329
0 0.5272222222222221 0.30455208333333333 0.011175925925925867 0.006244791666666671
0 0.5526574074074073 0.28294791666666663 0.015907407407407467 0.0056197916666666185
0 0.5716111111111111 0.27279166666666665 0.009101851851851785 0.006859375000000068
0 0.5601666666666667 0.2697083333333333 0.008564814814814763 0.005510416666666629
0 0.5784814814814815 0.26496875 0.013203703703703695 0.005661458333333336
0 0.5896759259259259 0.2723958333333333 0.011712962962963046 0.006354166666666661
0 0.6053148148148148 0.2715208333333333 0.010185185185185238 0.0058229166666667
0 0.6327222222222222 0.24738020833333332 0.010814814814814926 0.010531250000000015
0 0.6072777777777778 0.25233333333333335 0.014379629629629657 0.00954687500000002
0 0.5909907407407408 0.24840625 0.005944444444444565 0.009291666666666653
0 0.5791388888888889 0.25272916666666667 0.007120370370370368 0.00855729166666661
0 0.5302129629629629 0.25961979166666665 0.005907407407407561 0.004520833333333307
0 0.5246018518518519 0.2620208333333333 0.01315740740740744 0.006104166666666711
0 0.5021203703703704 0.2623125 0.007481481481481467 0.005927083333333361
0 0.49687037037037035 0.25315624999999997 0.011314814814814788 0.006374999999999975
0 0.48524074074074064 0.25344791666666666 0.011490740740740869 0.008229166666666643
0 0.48808333333333326 0.2986979166666667 0.007259259259259131 0.008229166666666643
0 0.47989814814814813 0.2857135416666667 0.006666666666666762 0.005583333333333318
0 0.4564907407407407 0.282265625 0.013472222222222127 0.005786458333333311
0 0.458537037037037 0.29401041666666666 0.010814814814814768 0.008479166666666682
0 0.4768796296296296 0.240921875 0.0051388888888887945 0.007510416666666675
0 0.4600740740740741 0.24476562499999996 0.01135185185185179 0.004291666666666671
0 0.44962037037037034 0.24939062499999998 0.012435185185185086 0.002932291666666664
0 0.4449259259259259 0.2528020833333333 0.012796296296296342 0.00447395833333335