0 0.23666666666666664 0.26430208333333327 0.015481481481481454 0.0075468749999999755
0 0.34710185185185183 0.2853541666666667 0.017759259259259173 0.005848958333333343
0 0.3466481481481481 0.29334375 0.009564814814814878 0.007562499999999961
0 0.32129629629629625 0.2912916666666666 0.014722222222222175 0.006880208333333382
0 0.16516666666666666 0.33502604166666666 0.014574074074074083 0.008958333333333356
0 0.11620370370370368 0.353515625 0.015333333333333322 0.007515625000000003
0 0.09639814814814815 0.3396770833333333 0.01366666666666667 0.007166666666666632
0 0.06406481481481481 0.45638541666666665 0.018824074074074066 0.010875000000000056
0 0.3675185185185185 0.4684166666666666 0.014879629629629677 0.007614583333333336
0 0.4110925925925926 0.34336979166666665 0.014574074074074083 0.013687499999999986
0 0.5639537037037037 0.32619791666666664 0.016694444444444418 0.012114583333333328
0 0.5764074074074074 0.4577604166666666 0.011537037037037123 0.006010416666666707
0 0.6209629629629629 0.2982083333333333 0.018370370370370242 0.009614583333333381
0 0.6923796296296296 0.23203645833333333 0.016398148148148235 0.012187500000000018
0 0.6385648148148148 0.2478802083333333 0.017157407407407434 0.0037395833333333075
0 0.6094259259259259 0.25535416666666666 0.019583333333333366 0.009296874999999982
0 0.5880185185185185 0.230625 0.022314814814814732 0.006807291666666692
0 0.47059259259259256 0.5781302083333333 0.01821296296296298 0.01271354166666665
0 0.49981481481481477 0.6402708333333333 0.028083333333333214 0.009031250000000135
0 0.8636944444444443 0.5473802083333333 0.013814814814814882 0.005864583333333506
0 0.9283611111111111 0.5377708333333333 0.011990740740740888 0.011411458333333258
0 0.89725 0.5639531249999999 0.01654629629629609 0.011682291666666521
0 0.9536388888888889 0.5891510416666667 0.0176111111111112 0.009135416666666707
0 0.785287037037037 0.635828125 0.017305555555555605 0.009416666666666629
0 0.8121574074074074 0.664015625 0.015175925925926018 0.007723958333333236
0 0.3102129629629629 0.5542239583333333 0.017157407407407357 0.010338541666666678
0 0.06967592592592592 0.542140625 0.0255 0.005625000000000035
0 0.22657407407407407 0.612609375 0.012907407407407432 0.00822916666666682
0 0.29966666666666664 0.6576614583333333 0.015481481481481534 0.006692708333333286
0 0.13578703703703704 0.666546875 0.01685185185185184 0.0060000000000000496
0 0.10862037037037037 0.6838854166666666 0.025657407407407403 0.009895833333333392
0 0.2764351851851852 0.7765052083333334 0.016398148148148155 0.008119791666666742
0 0.3386759259259259 0.7884166666666667 0.019435185185185194 0.008187499999999837
0 0.3978055555555555 0.8046458333333334 0.021101851851851764 0.006468750000000157
0 0.35348148148148145 0.7666770833333333 0.012601851851851878 0.006406250000000035
0 0.41048148148148145 0.78290625 0.01851851851851857 0.008104166666666579
0 0.5308611111111111 0.8023854166666666 0.017611111111111043 0.010359374999999903
0 0.6359166666666666 0.7844479166666667 0.02003703703703713 0.012057291666666714
0 0.7578888888888888 0.7786822916666666 0.014425925925925754 0.00649999999999995
0 0.8242962962962963 0.44465104166666664 0.013425925925926032 0.009401041666666643