0 0.9256666666666666 0.68775 0.019268518518518362 0.005572916666666572
0 0.6776666666666666 0.6761354166666667 0.025324074074073936 0.012078125000000028
0 0.5961944444444445 0.755875 0.02752777777777785 0.008052083333333293
0 0.6322500000000001 0.781265625 0.021472222222222274 0.007432291666666657
0 0.2491018518518518 0.7249062499999999 0.024768518518518492 0.006812500000000022
0 0.2446944444444444 0.7171666666666667 0.014861111111111096 0.009911458333333378
0 0.2634166666666667 0.6995156249999999 0.013759259259259297 0.006812500000000022
0 0.22652777777777777 0.672421875 0.010462962962963 0.013317708333333478
0 0.12716666666666668 0.6818645833333333 0.011009259259259234 0.010526041666666685
0 0.02284259259259259 0.5158906249999999 0.01375925925925926 0.011145833333333322
0 0.06963888888888888 0.4316614583333333 0.009361111111111105 0.009911458333333378
0 0.5773425925925925 0.20398437499999997 0.015675925925926038 0.003984375000000017
0 0.4288981481481481 0.08349999999999999 0.01314814814814819 0.00597395833333334
0 0.5461759259259259 0.34088541666666666 0.025462962962963017 0.011458333333333303