0 0.672324074074074 0.21768229166666667 0.014731481481481505 0.00994270833333335
0 0.7842037037037037 0.24488541666666666 0.008333333333333333 0.007911458333333333
0 0.7096851851851852 0.28474479166666666 0.010416666666666666 0.01026041666666666
0 0.682074074074074 0.282546875 0.008333333333333333 0.003515625
0 0.6888425925925926 0.30716666666666664 0.016675925925925917 0.009380208333333329
0 0.804 0.28562499999999996 0.014592592592592584 0.006739583333333332
0 0.7985277777777777 0.29925520833333336 0.013027777777777614 0.009380208333333329
0 0.8402129629629629 0.3095104166666666 0.013027777777777614 0.012312500000000082
0 0.8152037037037037 0.30819270833333334 0.013027777777777614 0.004395833333333332
0 0.8519444444444444 0.30291666666666667 0.013546296296296292 0.007911458333333333
0 0.8159907407407407 0.3518645833333333 0.016675925925925917 0.008499999999999997
0 0.9697037037037036 0.37560416666666663 0.0208425925925929 0.006156249999999997
0 0.9472962962962962 0.3924583333333333 0.014592592592592584 0.009380208333333329
0 0.9670925925925925 0.3981770833333333 0.015629629629629625 0.008499999999999952
0 0.9793425925925926 0.41444270833333335 0.01406481481481497 0.011135416666666665
0 0.8902407407407408 0.4638281249999999 0.01406481481481497 0.01026041666666675
0 0.9311388888888888 0.4632447916666666 0.01146296296296296 0.009671874999999908
0 0.9626666666666667 0.47130208333333334 0.01302777777777793 0.005859375
0 0.9587592592592592 0.478484375 0.01146296296296296 0.006739583333333421
0 0.9871574074074074 0.47467187499999997 0.011981481481481638 0.0038124999999999075
0 0.971787037037037 0.47130208333333334 0.008333333333333333 0.0076197916666666645
0 0.9358333333333333 0.5066197916666667 0.008333333333333333 0.010843749999999907
0 0.9564166666666667 0.5485364583333333 0.01302777777777793 0.011432291666666572
0 0.9782962962962961 0.5671458333333333 0.015111111111111263 0.011723958333333506
0 0.8363055555555555 0.500171875 0.009379629629629625 0.009671874999999908
0 0.849074074074074 0.5224479166666667 0.005731481481481638 0.00908854166666675
0 0.9298425925925926 0.5841458333333333 0.016157407407407554 0.008791666666666665
0 0.9558888888888888 0.5973333333333334 0.006777777777777929 0.005859375
0 0.941824074074074 0.606859375 0.011981481481481638 0.008500000000000086
0 0.9478148148148148 0.6237135416666666 0.012509259259259251 0.012312499999999994
0 0.9063888888888888 0.60715625 0.01406481481481497 0.0073281250000000854
0 0.8944074074074074 0.6703177083333334 0.011981481481481638 0.011135416666666665
0 0.8824259259259258 0.6779375 0.008861111111110946 0.0076197916666666645
0 0.8615833333333333 0.6940572916666665 0.006777777777777614 0.009380208333333506
0 0.8430185185185185 0.6315520833333332 0.021750000000000113 0.006546875000000086
0 0.8187314814814814 0.6188906249999999 0.017703703703703708 0.010812500000000114
0 0.8091203703703703 0.6131979166666666 0.013657407407407302 0.00739583333333318
0 0.7079537037037037 0.6070781249999999 0.019731481481481458 0.010526041666666685
0 0.758287037037037 0.6328333333333334 0.012138888888888902 0.010812500000000114
0 0.7486759259259259 0.6619947916666666 0.01720370370370353 0.004838541666666707
0 0.8225277777777779 0.6995572916666667 0.023268518518518515 0.007682291666666607
0 0.7727037037037036 0.6952916666666666 0.012648148148148328 0.005973958333333229
0 0.7858518518518518 0.7233177083333333 0.013657407407407302 0.009677083333333236
0 0.749435185185185 0.7184791666666667 0.020740740740740823 0.006828125000000007
0 0.7638518518518519 0.6908802083333333 0.016185185185185306 0.004552083333333279
0 0.7272222222222221 0.6870468750000001 0.014398148148148 0.009572916666666664
0 0.6640555555555555 0.7093229166666667 0.017675925925925796 0.0069947916666665225
0 0.6922037037037037 0.7325208333333333 0.017675925925925796 0.010677083333333393
0 0.7203518518518518 0.7374895833333334 0.012435185185185244 0.010307291666666708
0 0.7386759259259258 0.7483541666666665 0.013749999999999811 0.005520833333333286
0 0.7327870370370368 0.7288385416666665 0.017675925925925956 0.005520833333333286
0 0.6774722222222221 0.7466979166666666 0.01963888888888887 0.008838541666666621
0 0.6719166666666666 0.733625 0.011129629629629613 0.008468750000000113
0 0.6031759259259258 0.7673802083333332 0.010879629629629682 0.005994791666666721
0 0.5786388888888888 0.7719374999999999 0.020870370370370338 0.007119791666666764
0 0.5472037037037037 0.7777499999999999 0.012555555555555506 0.007062499999999972
0 0.5328240740740741 0.7799531249999999 0.007842592592592566 0.00911979166666672
0 0.5071851851851851 0.7756874999999999 0.008888888888888858 0.008239583333333477
0 0.4840648148148148 0.7749114583333332 0.019611111111111117 0.007781250000000029
0 0.4670833333333333 0.7845312499999999 0.01685185185185184 0.007213541666666679
0 0.44257407407407406 0.7549010416666666 0.011064814814814857 0.007921875000000078
0 0.4652037037037037 0.742875 0.014083333333333314 0.004526041666666636
0 0.5464259259259259 0.737078125 0.015592592592592464 0.007072916666666628
0 0.42861111111111105 0.7512239583333333 0.013324074074074115 0.006505208333333279
0 0.4200648148148148 0.757515625 0.009805555555555638 0.0074947916666666
0 0.34487962962962965 0.7582239583333333 0.013833333333333383 0.005796875000000057
0 0.39051851851851843 0.7411770833333333 0.01609259259259264 0.008203125
0 0.35984259259259255 0.7527760416666667 0.0080462962962964 0.00933333333333337
0 0.36863888888888885 0.7544739583333333 0.00955555555555555 0.008203125
0 0.34362037037037035 0.7424531249999999 0.008805555555555521 0.005942708333333257
0 0.350037037037037 0.724984375 0.013583333333333256 0.008630208333333477
0 0.3651203703703704 0.7270364583333333 0.011564814814814877 0.0053750000000000854
0 0.37781481481481477 0.710765625 0.014833333333333264 0.006791666666666707
0 0.4268518518518518 0.71465625 0.014333333333333403 0.010890624999999866
0 0.5346018518518518 0.7096354166666666 0.014583333333333334 0.007354166666666551
0 0.44694444444444437 0.6948541666666666 0.01901851851851843 0.006260416666666657
0 0.5262685185185185 0.682328125 0.013453703703703626 0.007307291666666771
0 0.6009537037037036 0.6729375 0.019944444444444463 0.013046875000000036
0 0.5431944444444444 0.6760677083333333 0.007425925925925962 0.0046979166666666575
0 0.5450555555555555 0.6459322916666667 0.021342592592592604 0.011218749999999921
0 0.40217592592592594 0.6399270833333334 0.02598148148148138 0.007046875000000163
0 0.45599074074074075 0.6249270833333332 0.014842592592592515 0.009916666666666707
0 0.5710277777777778 0.6232291666666666 0.012064814814814737 0.008609375000000164
0 0.2892222222222222 0.6583229166666666 0.017166666666666608 0.007828125000000163
0 0.28412037037037036 0.6844166666666667 0.012527777777777752 0.014614583333333365
0 0.24098148148148146 0.7037291666666666 0.01530555555555553 0.008348958333333378
0 0.26092592592592595 0.7368645833333333 0.01159259259259255 0.00886979166666677
0 0.23773148148148146 0.7389531249999999 0.009740740740740723 0.007828125000000163
0 0.21407407407407406 0.7260364583333333 0.010666666666666677 0.013307291666666821
0 0.15284259259259259 0.70359375 0.011592592592592588 0.011218749999999921
0 0.16675925925925925 0.7067291666666666 0.021805555555555578 0.0060000000000000496
0 0.16977777777777778 0.6806354166666666 0.023194444444444448 0.006520833333333265
0 0.11480555555555554 0.67071875 0.02180555555555554 0.009656249999999922
0 0.1333611111111111 0.6293593749999999 0.018092592592592598 0.011479166666666707
0 0.30407407407407405 0.6309270833333334 0.017166666666666608 0.006260416666666657
0 0.24840740740740735 0.5940052083333333 0.017166666666666608 0.012786458333333427
0 0.07932407407407407 0.6301458333333334 0.011129629629629632 0.010437499999999923
0 0.04777777777777777 0.6267552083333332 0.007425925925925923 0.006260416666666657
0 0.09231481481481482 0.6069218749999999 0.012064814814814816 0.010958333333333315
0 0.04638888888888889 0.5779583333333334 0.014842592592592593 0.00886979166666677
0 0.06099999999999999 0.5834374999999999 0.012527777777777773 0.009916666666666707
0 0.08744444444444444 0.5873541666666666 0.024583333333333346 0.007828125000000163
0 0.09532407407407406 0.5985729166666667 0.010666666666666677 0.010437499999999923
0 0.13869444444444443 0.5476927083333333 0.012064814814814777 0.009395833333333315
0 0.1725648148148148 0.5480833333333333 0.023194444444444448 0.0075677083333333785
0 0.396611111111111 0.525640625 0.009277777777777708 0.01434895833333325
0 0.48011111111111104 0.5351666666666667 0.012990740740740768 0.008348958333333378
0 0.5190740740740741 0.520421875 0.012064814814814737 0.010697916666666706
0 0.5633796296296296 0.51846875 0.010666666666666597 0.010958333333333315
0 0.47129629629629627 0.49615624999999997 0.015768518518518546 0.008088541666666593
0 0.2836574074074074 0.5295572916666667 0.01530555555555553 0.003911458333333328
0 0.061694444444444434 0.5242083333333334 0.007425925925925923 0.006786458333333379
0 0.07491666666666666 0.5090729166666665 0.01159259259259261 0.007828124999999986
0 0.1456574074074074 0.4824583333333333 0.013916666666666641 0.009916666666666707
0 0.0596111111111111 0.47867708333333325 0.011592592592592588 0.01278645833333325
0 0.24677777777777773 0.4725416666666666 0.007425925925925883 0.009395833333333315
0 0.14055555555555557 0.44070833333333326 0.025046296296296292 0.009395833333333315
0 0.10483333333333332 0.4529739583333333 0.0204074074074074 0.009395833333333315
0 0.07143518518518518 0.44710416666666664 0.014842592592592593 0.013307291666666643
0 0.057055555555555554 0.42453124999999997 0.008351851851851855 0.009395833333333315
0 0.011592592592592592 0.43901562499999996 0.013916666666666666 0.011739583333333314
0 0.004638888888888889 0.44840625 0.009277777777777777 0.011218749999999921
0 0.6134259259259258 0.434171875 0.01453703703703708 0.011447916666666735
0 0.5912592592592592 0.473828125 0.007990740740740894 0.004906249999999978
0 0.44916666666666666 0.369171875 0.011629629629629632 0.005723958333333367
0 0.1326388888888889 0.3528177083333333 0.010898148148148145 0.010630208333333346
0 0.2184074074074074 0.34484375 0.015259259259259276 0.0069479166666666535
0 0.3452314814814815 0.3231770833333333 0.017444444444444446 0.0069479166666666535
0 0.37175925925925923 0.31990625 0.010898148148148185 0.008583333333333342
0 0.19550925925925924 0.329515625 0.014537037037037 0.011447916666666646
0 0.10756481481481481 0.3237916666666666 0.011629629629629632 0.013083333333333247
0 0.13446296296296295 0.2992604166666667 0.013083333333333317 0.012265624999999947
0 0.14718518518518517 0.2959895833333333 0.01235185185185183 0.011036458333333332
0 0.13662962962962963 0.289515625 0.009796296296296268 0.009796874999999972
0 0.16289814814814815 0.271984375 0.007888888888888859 0.009645833333333353
0 0.18725925925925924 0.27818229166666664 0.008712962962963013 0.01224999999999996
0 0.18508333333333332 0.2670833333333333 0.009250000000000034 0.009645833333333353
0 0.2260462962962963 0.2541458333333333 0.010611111111111092 0.012552083333333375
0 0.3153240740740741 0.2714479166666666 0.01987037037037038 0.007041666666666657
0 0.3149074074074074 0.25766666666666665 0.015240740740740775 0.009796874999999972
0 0.2701388888888889 0.24105729166666662 0.014972222222222184 0.009031250000000046
0 0.25829629629629625 0.2345520833333333 0.014694444444444423 0.010411458333333368
0 0.3292037037037037 0.22911458333333332 0.011703703703703718 0.009645833333333353
0 0.45290740740740737 0.2601927083333333 0.01796296296296289 0.008114583333333324
0 0.504074074074074 0.234625 0.02449999999999998 0.007197916666666693
0 0.38887037037037037 0.20518229166666666 0.011546296296296374 0.004802083333333318
0 0.44385185185185183 0.20320833333333335 0.011046296296296196 0.0031041666666666856
0 0.45237037037037037 0.47496875000000005 0.015999999999999976 0.005729166666666607