0 0.5159351851851852 0.252203125 0.023259259259259105 0.010932291666666672
0 0.6530648148148147 0.30131770833333327 0.01841666666666681 0.01307291666666659
0 0.8531296296296296 0.32854687499999996 0.03574074074074076 0.010973958333333301
0 0.825212962962963 0.3497395833333333 0.022527777777777817 0.010687499999999961
0 0.8547685185185184 0.35717187499999997 0.01720370370370353 0.010994791666666615
0 0.9121851851851852 0.384 0.01696296296296301 0.010812500000000025
0 0.9244814814814815 0.5679375 0.029925925925925866 0.009041666666666792
0 0.9053425925925924 0.5805104166666666 0.01975000000000004 0.014557291666666573
0 0.8823888888888888 0.7130156249999999 0.023259259259259264 0.01536979166666672
0 0.7785092592592592 0.7598802083333334 0.01417592592592598 0.014374999999999893
0 0.672148148148148 0.6467239583333333 0.02337962962962968 0.01295833333333345
0 0.5892314814814815 0.740734375 0.023259259259259105 0.016286458333333264
0 0.6043055555555555 0.7510260416666666 0.02337962962962968 0.01643229166666682
0 0.48104629629629625 0.7876927083333333 0.019620370370370368 0.008000000000000007
0 0.4293240740740741 0.8103229166666666 0.018416666666666654 0.012161458333333286
0 0.2665092592592592 0.7795156249999999 0.02423148148148147 0.010718750000000022
0 0.3269537037037037 0.7350729166666665 0.016712962962962923 0.014510416666666793
0 0.23640740740740737 0.734359375 0.023379629629629604 0.01103645833333342
0 0.193037037037037 0.7397447916666666 0.0141759259259259 0.012265625000000035
0 0.1958240740740741 0.7297916666666666 0.016592592592592582 0.008713541666666736
0 0.1540925925925926 0.6947239583333332 0.02228703703703702 0.015578124999999865
0 0.15214814814814812 0.6507083333333332 0.015990740740740726 0.009322916666666714
0 0.2721388888888889 0.6418177083333333 0.017324074074074106 0.014020833333333371
0 0.15669444444444444 0.623109375 0.01659259259259262 0.020895833333333336
0 0.11272222222222222 0.6237187499999999 0.020472222222222194 0.012578125000000107
0 0.195037037037037 0.59815625 0.02423148148148147 0.011880208333333364
0 0.24615740740740744 0.5748333333333333 0.015018518518518518 0.0163333333333334
0 0.33967592592592594 0.5468802083333333 0.025685185185185193 0.012312499999999994
0 0.2298611111111111 0.5333489583333333 0.03574074074074076 0.011432291666666572
0 0.12840740740740741 0.538296875 0.02664814814814815 0.011401041666666601
0 0.14379629629629628 0.5016197916666666 0.024953703703703707 0.010963541666666642
0 0.1779537037037037 0.4660364583333333 0.019620370370370368 0.016598958333333337
0 0.149 0.42718229166666666 0.021805555555555578 0.0098020833333333
0 0.265537037037037 0.42772916666666666 0.021324074074074023 0.01416666666666675
0 0.18819444444444444 0.36247395833333335 0.01974999999999996 0.016140624999999974
0 0.24543518518518515 0.31161979166666665 0.04215740740740736 0.011968750000000038
0 0.312 0.2980260416666667 0.01925925925925919 0.014671875000000067
0 0.3288981481481481 0.34243229166666667 0.013324074074074035 0.004864583333333261
0 0.32308333333333333 0.2719375 0.020111111111111135 0.012916666666666642