0 0.3398981481481481 0.24669791666666666 0.010962962962963018 0.0047447916666667036
0 0.3341296296296296 0.2559427083333333 0.011712962962962968 0.010411458333333368
0 0.35414814814814816 0.2564739583333333 0.015490740740740744 0.005947916666666675
0 0.33299999999999996 0.2675260416666666 0.00944444444444446 0.008927083333333386
0 0.3314814814814815 0.2778333333333333 0.008685185185185181 0.008286458333333347
0 0.29427777777777775 0.27655729166666665 0.011333333333333369 0.006588541666666714
0 0.26178703703703704 0.26688541666666665 0.015111111111111184 0.010625000000000018
0 0.2209907407407407 0.2868645833333333 0.027953703703703703 0.005526041666666615
0 0.2502685185185185 0.28771354166666663 0.017759259259259214 0.009348958333333357
0 0.24138888888888888 0.27145833333333336 0.00906481481481478 0.0044635416666666036
0 0.27028703703703705 0.27899999999999997 0.007175925925925952 0.005526041666666615
0 0.2880462962962963 0.2920677083333333 0.011712962962962968 0.007010416666666686
0 0.2692685185185185 0.28935416666666663 0.007314814814814794 0.006656249999999986
0 0.2765833333333333 0.2885052083333333 0.007074074074074035 0.00639583333333329
0 0.2312685185185185 0.30401041666666667 0.005805555555555565 0.007114583333333346
0 0.22517592592592592 0.304953125 0.006379629629629591 0.007833333333333314
0 0.2121759259259259 0.3065208333333333 0.012879629629629678 0.0070468749999999854
0 0.19239814814814812 0.30586979166666667 0.012064814814814816 0.005484374999999986
0 0.18293518518518515 0.3079270833333333 0.01032407407407406 0.009854166666666674
0 0.17591666666666667 0.31804166666666667 0.008583333333333323 0.0109010416666667
0 0.1541574074074074 0.3234583333333333 0.010092592592592571 0.00528645833333341
0 0.1766111111111111 0.33654687499999997 0.015777777777777797 0.010703124999999947
0 0.1780648148148148 0.33129166666666665 0.014740740740740756 0.0045052083333334105
0 0.16675 0.3273125 0.007425925925925923 0.0045052083333334105
0 0.19993518518518516 0.3421927083333333 0.013462962962962956 0.003979166666666689
0 0.21636111111111106 0.3241458333333333 0.012416666666666663 0.008223958333333314
0 0.22906481481481478 0.31229687500000003 0.02088888888888884 0.0045052083333334105
0 0.23712962962962966 0.31778125 0.0154351851851852 0.003197916666666689
0 0.2443796296296296 0.3281614583333333 0.008120370370370326 0.005937500000000017
0 0.25662037037037033 0.3329583333333333 0.013342592592592536 0.0075729166666666185
0 0.27002777777777776 0.32943229166666665 0.011833333333333309 0.009140624999999947
0 0.2672407407407407 0.31863020833333333 0.009518518518518466 0.0060729166666667386
0 0.2785555555555555 0.31807291666666665 0.012185185185185157 0.005484374999999986
0 0.2934074074074074 0.31115624999999997 0.008472222222222174 0.009005208333333315
0 0.30953703703703705 0.30932812499999995 0.016592592592592582 0.004437499999999961
0 0.3202129629629629 0.32290625 0.009629629629629636 0.005354166666666682
0 0.34876851851851853 0.3005625 0.009509259259259216 0.01029687499999996
0 0.3822962962962963 0.3198177083333333 0.015212962962962864 0.008958333333333356
0 0.4014351851851851 0.30042708333333334 0.02068518518518516 0.008692708333333332
0 0.3857407407407408 0.2847135416666666 0.03162037037037035 0.006953124999999982
0 0.42401851851851846 0.2812395833333333 0.016407407407407485 0.004812499999999975
0 0.4611018518518519 0.28625 0.013555555555555543 0.007354166666666639
0 0.421287037037037 0.3143333333333333 0.018546296296296325 0.008427083333333396
0 0.4035740740740741 0.3232291666666667 0.0121203703703704 0.006953124999999982
0 0.45789814814814805 0.30744791666666665 0.018064814814814808 0.004546875000000039
0 0.4846388888888888 0.3107916666666667 0.013074074074074026 0.008026041666666739
0 0.48927777777777776 0.28972916666666665 0.009981481481481404 0.006015624999999946
0 0.47691666666666666 0.2594375 0.010935185185185187 0.011770833333333374
0 0.508537037037037 0.25408854166666667 0.016638888888888915 0.005885416666666643
0 0.5017592592592592 0.24746875 0.014500000000000075 0.00681770833333335
0 0.48535185185185176 0.24165104166666668 0.007842592592592566 0.007223958333333336
0 0.47988888888888886 0.24071875 0.006416666666666673 0.006953124999999982
0 0.4603888888888889 0.23590104166666664 0.011648148148148133 0.007223958333333336
0 0.41225 0.2353020833333333 0.015212962962962864 0.006015624999999946
0 0.401787037037037 0.24426041666666665 0.00855555555555551 0.007088541666666703
0 0.49438888888888893 0.231890625 0.010222222222222242 0.005614583333333289
0 0.5029537037037037 0.2387083333333333 0.010222222222222242 0.005083333333333329
0 0.5264814814814814 0.24131770833333333 0.014027777777777809 0.004947916666666696
0 0.6062037037037038 0.23471875 0.013462962962962876 0.005520833333333375
0 0.6200925925925926 0.24418749999999995 0.013749999999999969 0.0052083333333333036
0 0.590074074074074 0.24963020833333333 0.005888888888888744 0.008203125
0 0.6039629629629629 0.2646197916666667 0.011222222222222121 0.005994791666666721
0 0.6196759259259259 0.27093229166666666 0.011222222222222121 0.0066250000000000146
0 0.6470277777777778 0.27424479166666665 0.009814814814814731 0.0075729166666666185
0 0.6534722222222222 0.257125 0.012620370370370419 0.004578125000000011
0 0.6690462962962963 0.2660416666666667 0.011222222222222121 0.0037864583333333535
0 0.6691851851851852 0.2938125 0.015425925925925949 0.005364583333333339
0 0.5826481481481481 0.28828645833333333 0.00729629629629645 0.009781249999999986
0 0.7319537037037037 0.2613802083333333 0.004629629629629524 0.0067760416666666325
0 0.7368333333333333 0.25995833333333335 0.006277777777777753 0.004395833333333332
0 0.7538611111111111 0.26584895833333333 0.009351851851851873 0.008479166666666682
0 0.717861111111111 0.27420833333333333 0.015212962962963022 0.0032187500000000037
0 0.7305555555555555 0.28865104166666666 0.01046296296296292 0.003531249999999986
0 0.7379537037037036 0.2975989583333333 0.004601851851851772 0.005104166666666643
0 0.7479259259259259 0.30454166666666665 0.006416666666666831 0.00596354166666666
0 0.7806481481481481 0.291984375 0.012694444444444583 0.0067499999999999895
0 0.7819722222222222 0.30383854166666663 0.011722222222222299 0.00596354166666666
0 0.7947592592592593 0.3151354166666666 0.011324074074074196 0.005921874999999943
0 0.8090833333333333 0.32113020833333333 0.013592592592592547 0.006671874999999971
0 0.8206759259259259 0.2985364583333333 0.008259259259259327 0.006145833333333339
0 0.8236759259259259 0.30299479166666665 0.007861111111111225 0.003973958333333361
0 0.8152777777777778 0.3023958333333333 0.009194444444444609 0.005770833333333325
0 0.8192129629629629 0.307453125 0.010129629629629575 0.005546875000000018
0 0.8390648148148148 0.32146875 0.013055555555555366 0.005098958333333315
0 0.839462962962963 0.32645312499999996 0.011990740740740888 0.0047239583333333005
0 0.8236111111111111 0.33402604166666666 0.011194444444444368 0.003973958333333361
0 0.81375 0.3335364583333333 0.008259259259259327 0.0047968749999999895
0 0.8530555555555555 0.33709895833333337 0.008796296296296191 0.006671874999999971
0 0.8610462962962961 0.34406770833333333 0.006398148148148329 0.0047239583333333005
0 0.7713703703703704 0.3355208333333334 0.006398148148148329 0.004270833333333357
0 0.6586944444444445 0.31228645833333335 0.015027777777777846 0.006536458333333339
0 0.5675 0.315890625 0.013833333333333383 0.004958333333333354
0 0.5744166666666667 0.32648958333333333 0.00881481481481485 0.005635416666666604
0 0.6308333333333332 0.3437395833333333 0.007814814814814813 0.005187499999999989
0 0.6465648148148148 0.33297395833333326 0.009620370370370463 0.008453125000000039
0 0.6389537037037037 0.3578854166666666 0.010824074074074177 0.0048489583333332755
0 0.46124074074074073 0.3468177083333333 0.011092592592592609 0.009937499999999932
0 0.38481481481481483 0.33780208333333334 0.020953703703703752 0.006239583333333343
0 0.31475000000000003 0.352015625 0.00903703703703703 0.006932291666666668
0 0.35810185185185184 0.3841458333333333 0.028351851851851843 0.010171874999999986
0 0.39015740740740734 0.3862239583333333 0.017666666666666705 0.006473958333333396
0 0.13025925925925924 0.35367187499999997 0.016129629629629643 0.008359374999999947
0 0.1470185185185185 0.3596979166666666 0.008314814814814832 0.007651041666666724
0 0.12925 0.359625 0.015120370370370355 0.004677083333333343
0 0.17624074074074073 0.364234375 0.01134259259259258 0.005104166666666643
0 0.23520370370370366 0.35509375 0.008314814814814832 0.006942708333333325
0 0.2398611111111111 0.3737291666666666 0.00957407407407405 0.005385416666666654
0 0.13845370370370372 0.377203125 0.008814814814814812 0.005526041666666615
0 0.1210648148148148 0.3929322916666666 0.01134259259259258 0.0058125000000000425
0 0.12787037037037036 0.40065624999999994 0.01033333333333337 0.009635416666666652
0 0.11501851851851852 0.40199999999999997 0.007305555555555543 0.009494791666666691
0 0.13648148148148148 0.4028281249999999 0.0060185185185185315 0.007468749999999957
0 0.14542592592592593 0.39281770833333335 0.009379629629629625 0.005177083333333332
0 0.15789814814814815 0.395609375 0.02053703703703703 0.004380208333333346
0 0.14807407407407405 0.40232812500000004 0.009027777777777777 0.007864583333333286
0 0.13842592592592592 0.4129322916666666 0.009916666666666648 0.0075677083333333785
0 0.14471296296296296 0.4180104166666666 0.011148148148148154 0.00717187500000005
0 0.16099999999999998 0.4151249999999999 0.0058425925925926075 0.010755208333333321
0 0.10700925925925923 0.4312552083333333 0.009740740740740763 0.0069687500000000565
0 0.11514814814814815 0.43289583333333326 0.006907407407407402 0.006671874999999971
0 0.13232407407407407 0.43200000000000005 0.014694444444444461 0.00806770833333328
0 0.09966666666666665 0.44275520833333337 0.008851851851851854 0.007864583333333286
0 0.17073148148148146 0.42921354166666664 0.014694444444444442 0.005677083333333321
0 0.13975925925925925 0.4448489583333333 0.009027777777777777 0.009656249999999922
0 0.10293518518518519 0.4572916666666666 0.010796296296296306 0.0070677083333333
0 0.15108333333333332 0.45759375 0.011148148148148154 0.008265624999999943
0 0.10731481481481481 0.4784062499999999 0.012314814814814825 0.007859374999999957
0 0.12794444444444444 0.47129166666666666 0.010981481481481481 0.006739583333333421
0 0.13542592592592592 0.47765625 0.007324074074074084 0.005989583333333393
0 0.15905555555555556 0.4854270833333333 0.01264814814814817 0.011791666666666778
0 0.12976851851851853 0.48907291666666663 0.010648148148148136 0.01047916666666655
0 0.10448148148148147 0.4843020833333333 0.01929629629629631 0.005802083333333386
0 0.20962962962962964 0.46829687499999995 0.011314814814814866 0.005989583333333393
0 0.1520648148148148 0.5056406250000001 0.017305555555555567 0.005427083333333371
0 0.12794444444444444 0.5120989583333333 0.011648148148148133 0.010109375000000042
0 0.13243518518518518 0.5195833333333333 0.008648148148148137 0.007114583333333435
0 0.1494074074074074 0.5203333333333333 0.008648148148148137 0.009734375000000028
0 0.15755555555555556 0.5292239583333334 0.01630555555555557 0.010296875000000049
0 0.11197222222222222 0.523609375 0.010314814814814789 0.0076718749999999504
0 0.12262037037037037 0.5458802083333333 0.010314814814814789 0.0076718749999999504
0 0.1489074074074074 0.5515885416666666 0.010314814814814789 0.006739583333333421
0 0.15738888888888888 0.54878125 0.016638888888888873 0.010109374999999865
0 0.13958333333333334 0.5800416666666667 0.009648148148148177 0.0056145833333333785
0 0.11662962962962962 0.5909895833333334 0.009648148148148137 0.0076718749999999504
0 0.14041666666666666 0.5913645833333334 0.008648148148148137 0.008421874999999978
0 0.16937037037037037 0.5948229166666665 0.01530555555555557 0.008984375
0 0.1961574074074074 0.5910833333333334 0.012314814814814825 0.005239583333333364
0 0.1540648148148148 0.6132604166666666 0.01597222222222222 0.005427083333333371
0 0.13396296296296295 0.6127239583333333 0.014314814814814782 0.00824479166666663
0 0.1181111111111111 0.611859375 0.011249999999999993 0.0069010416666666075
0 0.1285925925925926 0.6370260416666665 0.008351851851851834 0.010833333333333427
0 0.13728703703703704 0.646421875 0.012101851851851858 0.008151041666666714
0 0.1361851851851852 0.6588854166666666 0.007157407407407411 0.006807291666666692
0 0.15262962962962962 0.657828125 0.007666666666666641 0.008723958333333393
0 0.13839814814814813 0.66271875 0.010564814814814838 0.006614583333333179
0 0.1487962962962963 0.678109375 0.01567592592592592 0.007093749999999943
0 0.1802407407407407 0.6762395833333333 0.016870370370370345 0.0035468749999999715
0 0.19463888888888886 0.6827552083333334 0.006472222222222257 0.008151041666666714
0 0.19638888888888886 0.6576979166666665 0.00944444444444446 0.003223958333333421
0 0.22572222222222219 0.6915520833333333 0.01146296296296296 0.003984375000000107
0 0.20119444444444443 0.6942552083333333 0.004888888888888864 0.005593749999999886
0 0.24359259259259258 0.6841562499999999 0.012472222222222247 0.005499999999999972
0 0.29103703703703704 0.7054322916666667 0.009351851851851873 0.0056666666666666645
0 0.22232407407407406 0.7056354166666666 0.005037037037037035 0.005260416666666679
0 0.26748148148148143 0.72121875 0.012592592592592588 0.008906249999999893
0 0.24535185185185185 0.72971875 0.015111111111111184 0.004854166666666692
0 0.23672222222222222 0.7313385416666667 0.007194444444444454 0.006473958333333307
0 0.26172222222222224 0.73821875 0.007555555555555552 0.006880208333333293
0 0.24517592592592594 0.7375104166666666 0.008990740740740775 0.004249999999999865
0 0.2849259259259259 0.7332604166666666 0.005759259259259311 0.008296874999999915
0 0.2915 0.7269947916666666 0.007629629629629638 0.007536458333333229
0 0.2992222222222222 0.7545624999999999 0.016398148148148155 0.007052083333333315
0 0.3099722222222222 0.7482447916666667 0.010537037037037006 0.006135416666666771
0 0.319037037037037 0.742578125 0.00905555555555553 0.007697916666666771
0 0.3239351851851852 0.7335312500000001 0.01146296296296296 0.005822916666666522
0 0.3341018518518518 0.7271875 0.012944444444444436 0.00728124999999995
0 0.35361111111111104 0.7133020833333333 0.007583333333333384 0.011749999999999972
0 0.3876296296296296 0.7173072916666666 0.01571296296296304 0.006239583333333343
0 0.3465833333333333 0.7525625 0.010907407407407355 0.003536458333333314
0 0.37283333333333335 0.755734375 0.013129629629629531 0.009671875000000085
0 0.3949351851851851 0.7524583333333333 0.007768518518518558 0.00852604166666655
0 0.404824074074074 0.761296875 0.008324074074074083 0.010401041666666621
0 0.41951851851851846 0.7656145833333333 0.009611111111111055 0.008010416666666664
0 0.42830555555555555 0.767640625 0.011277777777777784 0.009776041666666657
0 0.39567592592592593 0.7751770833333332 0.01072222222222226 0.005499999999999972
0 0.45874999999999994 0.7299166666666667 0.010916666666666686 0.009401041666666821
0 0.4846666666666667 0.7278072916666667 0.01841666666666681 0.005562499999999915
0 0.5324259259259259 0.7450729166666666 0.013638888888888959 0.006333333333333258
0 0.568574074074074 0.7347135416666667 0.015685185185185288 0.0067135416666666
0 0.5713055555555555 0.7212812499999999 0.006824074074074026 0.009015624999999972
0 0.5927962962962963 0.7392187499999999 0.010231481481481492 0.005755208333333428
0 0.5767592592592592 0.7587916666666666 0.020462962962962825 0.005755208333333428
0 0.49882407407407403 0.7725104166666666 0.013981481481481397 0.007098958333333449
0 0.4555092592592592 0.7737552083333332 0.009212962962962952 0.010744791666666665
0 0.5937777777777777 0.7728645833333333 0.019574074074074115 0.008390625000000007
0 0.6487685185185185 0.7672239583333333 0.013981481481481397 0.007078125000000135
0 0.654 0.7631927083333332 0.013046296296296273 0.0074479166666668204
0 0.6613796296296296 0.75825 0.008509259259259256 0.006062499999999993
0 0.6693148148148148 0.7479322916666666 0.013805555555555632 0.005427083333333371
0 0.6895555555555556 0.7525572916666666 0.013805555555555632 0.008723958333333393
0 0.7073796296296295 0.746921875 0.010462962962962842 0.008828124999999964
0 0.7083425925925926 0.75978125 0.007435185185185133 0.006505208333333279
0 0.7112962962962963 0.7555989583333333 0.005092592592592619 0.004026041666666735
0 0.6281203703703704 0.7379427083333333 0.015592592592592464 0.005807291666666714
0 0.6354722222222222 0.7305937499999999 0.011416666666666547 0.009140625000000036
0 0.6272407407407407 0.7120625 0.015148148148148109 0.004942708333333279
0 0.6910277777777777 0.7315781250000001 0.01186111111111106 0.008151041666666714
0 0.7027777777777777 0.7307135416666666 0.008120370370370406 0.0061770833333334
0 0.7258333333333332 0.734234375 0.01426851851851849 0.006791666666666707
0 0.719898148148148 0.7176875 0.012518518518518502 0.0038281249999998932
0 0.6982685185185186 0.7143489583333332 0.011416666666666547 0.007781250000000029
0 0.7192407407407406 0.6971822916666666 0.017787037037037046 0.009015624999999972
0 0.7708425925925926 0.7232447916666667 0.009879629629629802 0.007041666666666657
0 0.7679907407407407 0.7339270833333333 0.013833333333333383 0.008645833333333287
0 0.7606296296296295 0.72515625 0.007462962962962807 0.005927083333333449
0 0.8101481481481481 0.72515625 0.012518518518518502 0.00568229166666665
0 0.842648148148148 0.7008229166666666 0.012074074074074145 0.007161458333333393
0 0.8613148148148148 0.698046875 0.013833333333333383 0.003088541666666522
0 0.8595555555555555 0.6917447916666667 0.012074074074074145 0.005062499999999836
0 0.817287037037037 0.6795208333333334 0.012731481481481587 0.005312499999999965
0 0.7646944444444443 0.6761822916666667 0.01471296296296316 0.005807291666666714
0 0.8660370370370369 0.6691458333333333 0.010537037037037244 0.0048177083333333925
0 0.8860185185185184 0.664140625 0.012731481481481587 0.004692708333333506
0 0.8689999999999999 0.6558645833333333 0.013398148148148279 0.0061770833333334
0 0.8718518518518519 0.6340677083333334 0.011638888888888725 0.00802604166666665
0 0.8431944444444444 0.6280104166666666 0.016685185185185167 0.005062499999999836
0 0.8980925925925926 0.6264062499999999 0.015805555555555392 0.0085208333333334
0 0.9035833333333332 0.6194895833333334 0.014935185185185182 0.005312499999999965
0 0.9070925925925925 0.6081249999999999 0.010981481481481283 0.00877083333333335
0 0.8940277777777776 0.60553125 0.00856481481481492 0.009265624999999921
0 0.9135740740740741 0.5970104166666667 0.011638888888888725 0.0060520833333333355
0 0.8947962962962963 0.5932447916666665 0.013175925925925943 0.005927083333333449
0 0.9169722222222223 0.581203125 0.012731481481481587 0.005062499999999836
0 0.9117037037037037 0.5768177083333332 0.012731481481481587 0.004197916666666579
0 0.8726203703703703 0.5814479166666666 0.0065833333333333455 0.007536458333333229
0 0.8820648148148147 0.5736041666666666 0.017129629629629526 0.00568229166666665
0 0.8552777777777777 0.5750885416666667 0.013611111111111048 0.0069166666666667705
0 0.9245555555555555 0.5594635416666667 0.009000000000000025 0.009265624999999921
0 0.9068796296296295 0.5471718749999999 0.010981481481481283 0.007656249999999964
0 0.9328981481481481 0.5465572916666667 0.011638888888888725 0.008401041666666664
0 0.8355092592592592 0.5529166666666666 0.017129629629629526 0.005062499999999836
0 0.8057592592592593 0.5554479166666667 0.01471296296296316 0.009385416666666656
0 0.793898148148148 0.6036822916666666 0.017787037037036966 0.007041666666666657
0 0.7623888888888888 0.6288177083333333 0.013175925925925943 0.007656249999999964
0 0.7617314814814814 0.6475260416666666 0.010101851851851822 0.009015624999999972
0 0.6736574074074073 0.6083541666666666 0.01123148148148153 0.00795312500000005
0 0.6451666666666667 0.6112760416666667 0.016638888888888915 0.004911458333333308
0 0.9220833333333333 0.5199791666666667 0.012398148148148241 0.00653645833333325
0 0.8054629629629629 0.4999270833333333 0.012398148148148241 0.011765624999999957
0 0.8587314814814815 0.4693072916666667 0.014333333333333245 0.012421874999999893
0 0.9079351851851852 0.47791666666666666 0.013555555555555543 0.004796875000000078
0 0.8854629629629629 0.4770468749999999 0.015888888888888966 0.005229166666666707
0 0.918712962962963 0.44691666666666663 0.007083333333333523 0.00642708333333335
0 0.905685185185185 0.45225 0.00845370370370391 0.009385416666666656
0 0.8974537037037037 0.45025520833333327 0.01028703703703684 0.006682291666666629
0 0.8892314814814815 0.46073437500000003 0.013027777777777614 0.005526041666666615
0 0.8802037037037037 0.4523802083333333 0.012796296296296342 0.003984375000000107
0 0.9036296296296294 0.4245520833333333 0.016685185185185167 0.006682291666666629
0 0.8995185185185185 0.41085937499999997 0.015768518518518387 0.008609374999999985
0 0.8850092592592591 0.40970312499999995 0.009601851851851646 0.008609374999999985
0 0.91025 0.3991666666666666 0.013027777777777614 0.006557291666666609
0 0.8628425925925925 0.4192135416666666 0.009601851851851646 0.0070677083333333
0 0.8194259259259259 0.4208854166666667 0.011425925925925956 0.005270833333333336
0 0.7954259259259259 0.39903645833333334 0.010972222222222033 0.005010416666666595
0 0.8078796296296296 0.38650520833333335 0.017138888888888777 0.006171874999999982
0 0.8984907407407406 0.36600520833333333 0.008222222222222323 0.007583333333333275
0 0.8868333333333334 0.36857291666666664 0.014620370370370337 0.006812499999999932
0 0.8842037037037037 0.35675 0.013027777777777614 0.003984375000000017
0 0.8899166666666667 0.36049479166666665 0.010555555555555745 0.004416666666666647
0 0.8631203703703703 0.36174999999999996 0.005953703703703657 0.0044895833333332465
0 0.8612962962962963 0.3735885416666666 0.009342592592592623 0.004567708333333353
0 0.8399074074074074 0.36639583333333337 0.010148148148148076 0.005406250000000057
0 0.8258333333333332 0.3566875 0.009611111111111213 0.005026041666666714
0 0.8374722222222223 0.37393229166666664 0.010694444444444508 0.004947916666666696
0 0.8110833333333334 0.37411979166666665 0.015833333333333144 0.006088541666666725
0 0.7734537037037037 0.383296875 0.0060925925925924196 0.006473958333333396
0 0.7400925925925924 0.37411979166666665 0.012453703703703746 0.003958333333333286
0 0.7974722222222221 0.36178645833333334 0.012722222222222336 0.004109375000000082
0 0.49224999999999997 0.3821979166666667 0.018944444444444427 0.005791666666666639
0 0.4893611111111111 0.39251041666666664 0.022240740740740724 0.005098958333333315
0 0.5668055555555556 0.43769270833333335 0.014833333333333264 0.005098958333333315
0 0.29624074074074075 0.38690104166666667 0.013194444444444444 0.014473958333333314
0 0.3110925925925926 0.411953125 0.020453703703703734 0.01484375
0 0.32263888888888886 0.39005729166666664 0.013194444444444444 0.0081666666666667
0 0.20225925925925925 0.40919791666666666 0.008175925925925911 0.010291666666666721
0 0.21646296296296294 0.4175208333333333 0.02102777777777776 0.008541666666666715
0 0.19174074074074074 0.43975 0.013629629629629629 0.010072916666666565
0 0.21724999999999997 0.4491666666666666 0.018685185185185166 0.007447916666666643
0 0.2859629629629629 0.4481770833333333 0.012851851851851847 0.007666666666666622
0 0.2793425925925926 0.5081822916666667 0.012064814814814816 0.012921874999999972
0 0.2988148148148148 0.5320572916666666 0.019074074074074094 0.012921874999999972
0 0.22444444444444445 0.55121875 0.02219444444444439 0.006567708333333399
0 0.26825 0.5735572916666667 0.012462962962962997 0.010510416666666522
0 0.2555925925925926 0.580015625 0.00739814814814813 0.005911458333333286
0 0.30095370370370367 0.6014791666666666 0.012462962962962997 0.007229166666666664
0 0.4047037037037037 0.591734375 0.01674074074074083 0.00919791666666665
0 0.43760185185185185 0.5885572916666666 0.008564814814814763 0.008104166666666579
0 0.24008333333333334 0.620515625 0.014796296296296339 0.006244791666666494
0 0.270787037037037 0.6309166666666666 0.011101851851851861 0.005828125000000029
0 0.26135185185185184 0.6437135416666667 0.01887037037037034 0.006453124999999993
0 0.24759259259259256 0.579046875 0.007212962962962956 0.006838541666666665
0 0.32487037037037036 0.6726510416666667 0.009685185185185219 0.011130208333333336
0 0.3951203703703704 0.4717656249999999 0.015101851851851854 0.014156250000000092
0 0.41053703703703703 0.49193749999999997 0.014472222222222166 0.013447916666666693
0 0.5703518518518518 0.5096354166666666 0.01069444444444435 0.013447916666666693
0 0.5892222222222222 0.482203125 0.020759259259259328 0.013093749999999993
0 0.6106203703703703 0.5305156249999999 0.022018518518518545 0.010619791666666777
0 0.6378425925925926 0.6818854166666666 0.012064814814814737 0.013781250000000078
0 0.6369259259259259 0.6600833333333332 0.012435185185185244 0.005140624999999943
0 0.5493518518518518 0.6298541666666666 0.01864814814814824 0.00802083333333332
0 0.4672777777777778 0.6426875 0.013222222222222198 0.004822916666666721
0 0.4368148148148148 0.6411302083333333 0.01339814814814812 0.006531249999999922
0 0.4930555555555556 0.613609375 0.010425925925925918 0.005380208333333236
0 0.7978425925925925 0.45127083333333334 0.007129629629629777 0.009302083333333221
0 0.7201203703703704 0.46057812499999995 0.010268518518518337 0.00802083333333332
0 0.7740277777777778 0.42648437499999997 0.011981481481481638 0.0075416666666667355
0 0.7720277777777776 0.4206302083333333 0.007416666666666553 0.004812500000000064