0 0.6959351851851852 0.7880260416666667 0.019944444444444463 0.007479166666666792
0 0.6414814814814814 0.7986249999999998 0.011166666666666616 0.004317708333333226
0 0.6470648148148148 0.7980364583333334 0.010472222222222171 0.0039270833333333146
0 0.6091944444444444 0.8009791666666667 0.007333333333333454 0.006281249999999972
0 0.5990740740740741 0.7998020833333332 0.010120370370370483 0.007067708333333478
0 0.5875555555555555 0.7966614583333332 0.005231481481481618 0.0066770833333334775
0 0.648287037037037 0.7783072916666666 0.012212962962963066 0.0041249999999999785
0 0.5769166666666666 0.7934218749999999 0.01605555555555548 0.008442708333333293
0 0.6131481481481482 0.79078125 0.011407407407407295 0.004812499999999886
0 0.6039259259259259 0.79040625 0.010064814814814662 0.0053750000000000854
0 0.5780185185185185 0.7833749999999999 0.013916666666666641 0.005473958333333506
0 0.5937777777777777 0.7739427083333333 0.015259259259259276 0.006416666666666693
0 0.6456851851851851 0.7708802083333333 0.0117407407407408 0.0044322916666667215
0 0.6401481481481481 0.7646979166666666 0.0080462962962964 0.005473958333333506
0 0.5343240740740741 0.7771510416666667 0.0117407407407408 0.0062239583333331796
0 0.546574074074074 0.7668229166666667 0.013416666666666622 0.005187500000000078
0 0.5053981481481481 0.7709270833333333 0.012916666666666762 0.006416666666666693
0 0.49390740740740735 0.7924322916666666 0.010064814814814662 0.005661458333333336
0 0.467324074074074 0.7984218750000001 0.009222222222222203 0.0053750000000000854
0 0.45541666666666664 0.800359375 0.00955555555555555 0.006791666666666618
0 0.4049351851851851 0.7934739583333333 0.012916666666666762 0.006604166666666522
0 0.4182685185185185 0.7840364583333332 0.014083333333333314 0.006604166666666522
0 0.5842592592592593 0.7553281249999999 0.01744444444444437 0.004479166666666678
0 0.5000648148148148 0.7518802083333332 0.013129629629629689 0.005088541666666657
0 0.4890833333333333 0.744609375 0.015287037037037028 0.0038750000000000286
0 0.4300925925925925 0.7633229166666666 0.016148148148148148 0.007145833333333229
0 0.41813888888888884 0.7588437499999999 0.00904629629629628 0.008114583333333236
0 0.42460185185185184 0.7394635416666666 0.01722222222222219 0.00908333333333342
0 0.4134074074074074 0.7425520833333333 0.013351851851851866 0.006781250000000049
0 0.3629166666666666 0.758296875 0.015722222222222252 0.007265624999999965
0 0.3496666666666667 0.765203125 0.006462962962963006 0.007026041666666494
0 0.35892592592592587 0.7693802083333333 0.01808333333333331 0.005447916666666686
0 0.463787037037037 0.7069427083333333 0.01722222222222219 0.006057291666666664
0 0.4233055555555555 0.6853854166666666 0.011194444444444526 0.0038750000000000286
0 0.31328703703703703 0.77234375 0.01033333333333333 0.00847916666666677
0 0.2951944444444444 0.7684114583333332 0.009907407407407476 0.008359375000000035
0 0.2783981481481481 0.7570833333333333 0.016796296296296257 0.0048437500000000355
0 0.2536388888888889 0.7544843749999999 0.008185185185185241 0.007145833333333229
0 0.2834629629629629 0.7415833333333333 0.017444444444444446 0.009447916666666601
0 0.30542592592592593 0.7464270833333334 0.011842592592592559 0.007994791666666678
0 0.3035925925925926 0.74025 0.017657407407407455 0.0048437500000000355
0 0.32232407407407404 0.7366770833333334 0.014638888888888838 0.0047239583333334775
0 0.3174814814814815 0.719296875 0.01098148148148152 0.009203124999999979
0 0.2507314814814815 0.7285625 0.007101851851851788 0.005447916666666686
0 0.30499074074074073 0.698953125 0.009259259259259285 0.006057291666666664
0 0.18139814814814814 0.7169947916666667 0.007537037037037031 0.006541666666666579
0 0.19712037037037033 0.7083385416666667 0.010120370370370403 0.003270833333333378
0 0.2137037037037037 0.7083385416666667 0.011407407407407375 0.0025416666666666643
0 0.24577777777777776 0.7004635416666667 0.013999999999999978 0.0069010416666666075
0 0.21391666666666664 0.7054895833333333 0.005814814814814816 0.005572916666666572
0 0.21908333333333335 0.6964062499999999 0.005814814814814816 0.007026041666666494
0 0.1891574074074074 0.7022187499999999 0.00968518518518514 0.006541666666666579
0 0.17192592592592593 0.7024010416666666 0.008824074074074062 0.008359375000000035
0 0.14630555555555555 0.6982239583333333 0.008824074074074062 0.00532812499999995
0 0.1531944444444444 0.6839322916666667 0.007101851851851867 0.006057291666666664
0 0.15512962962962962 0.6939270833333333 0.016148148148148148 0.003510416666666494
0 0.2243611111111111 0.6800572916666667 0.011194444444444448 0.005088541666666657
0 0.1339259259259259 0.669703125 0.011194444444444408 0.004479166666666678
0 0.15233333333333335 0.6631614583333333 0.007101851851851867 0.007874999999999943
0 0.22887962962962963 0.661890625 0.007749999999999978 0.008234374999999971
0 0.20971296296296296 0.6571041666666667 0.009472222222222213 0.007630208333333321
0 0.13780555555555554 0.65740625 0.015499999999999995 0.008963541666666686
0 0.17537037037037037 0.6518385416666665 0.009259259259259247 0.008963541666666686
0 0.16137962962962962 0.6388802083333334 0.011407407407407415 0.009203124999999979
0 0.13360185185185183 0.6503229166666665 0.010981481481481481 0.004479166666666678
0 0.12111111111111111 0.648203125 0.010120370370370363 0.007265624999999965
0 0.10260185185185186 0.6444479166666666 0.009685185185185179 0.013322916666666629
0 0.10819444444444443 0.63796875 0.010120370370370363 0.008114583333333236
0 0.10367592592592592 0.6005468749999999 0.006675925925925933 0.007145833333333229
0 0.06868518518518518 0.5903125 0.011194444444444448 0.006541666666666579
0 0.09107407407407406 0.5811041666666666 0.010768518518518514 0.008963541666666686
0 0.09441666666666665 0.5680885416666667 0.011407407407407404 0.008598958333333507
0 0.06610185185185186 0.5655416666666666 0.019805555555555562 0.010052083333333428
0 0.08838888888888888 0.5621510416666666 0.0096851851851852 0.008359375000000035
0 0.07622222222222222 0.556703125 0.016796296296296278 0.0049635416666667705
0 0.09075925925925926 0.5554322916666667 0.007962962962962955 0.006541666666666579
0 0.06814814814814814 0.5496145833333334 0.007962962962962965 0.007750000000000057
0 0.05372222222222222 0.5388958333333334 0.009259259259259266 0.005208333333333393
0 0.09064814814814814 0.5324166666666666 0.022388888888888896 0.007994791666666678
0 0.13446296296296295 0.5364739583333333 0.011407407407407415 0.003755208333333293
0 0.13166666666666665 0.5309635416666667 0.006240740740740749 0.007750000000000057
0 0.11896296296296295 0.5252135416666667 0.013564814814814793 0.005447916666666686
0 0.10442592592592592 0.5319322916666666 0.007324074074074084 0.006781250000000049
0 0.09225925925925925 0.5279375 0.01098148148148147 0.0058125000000000425
0 0.15449074074074073 0.49971875 0.009259259259259247 0.006781250000000049
0 0.06652777777777777 0.5043177083333333 0.015074074074074082 0.005572916666666749
0 0.09484259259259259 0.49329687499999997 0.010546296296296297 0.007750000000000057
0 0.06998148148148148 0.4939635416666667 0.015935185185185198 0.0056927083333333075
0 0.06868518518518518 0.4862760416666666 0.011629629629629632 0.010656250000000079
0 0.09323148148148148 0.48185416666666664 0.01636111111111112 0.005208333333333393
0 0.09947222222222223 0.48451562499999995 0.011194444444444448 0.0035104166666666712
0 0.07536111111111111 0.473796875 0.011629629629629632 0.006296874999999957
0 0.06836111111111111 0.46968229166666664 0.008398148148148148 0.006781250000000049
0 0.1253148148148148 0.46338541666666666 0.01377777777777776 0.006057291666666664
0 0.17160185185185187 0.4664114583333333 0.009907407407407396 0.008718750000000063
0 0.11196296296296296 0.4575104166666666 0.01033333333333333 0.003270833333333378
0 0.1108888888888889 0.4507864583333333 0.007750000000000017 0.00532812499999995
0 0.08785185185185185 0.44776041666666666 0.008185185185185191 0.007750000000000057
0 0.1019537037037037 0.4395260416666666 0.014861111111111134 0.00411979166666665
0 0.13887962962962963 0.444734375 0.01033333333333337 0.00532812499999995
0 0.15524074074074073 0.43704166666666666 0.009907407407407396 0.004479166666666678
0 0.09828703703703703 0.43068229166666666 0.010120370370370363 0.007510416666666764
0 0.16040740740740742 0.4200260416666667 0.011629629629629632 0.004604166666666565
0 0.23102777777777775 0.44273437499999996 0.010768518518518514 0.004479166666666678
0 0.2861574074074074 0.424265625 0.017657407407407455 0.00411979166666665
0 0.16675925925925925 0.40367187499999996 0.01658333333333337 0.007026041666666672
0 0.17364814814814813 0.3955 0.014000000000000018 0.007145833333333318
0 0.1873240740740741 0.3922291666666667 0.012490740740740748 0.005447916666666686
0 0.40186111111111106 0.38882291666666663 0.01453703703703708 0.00401041666666666
0 0.19458333333333333 0.3686979166666666 0.013972222222222226 0.0044895833333332465
0 0.20228703703703702 0.3727864583333333 0.01967592592592595 0.006255208333333329
0 0.2647222222222222 0.36893750000000003 0.009407407407407378 0.009463541666666676
0 0.25003703703703706 0.3663697916666666 0.016537037037037076 0.010104166666666714
0 0.23962962962962964 0.3576302083333333 0.009407407407407378 0.0041718750000000245
0 0.24433333333333332 0.3492135416666667 0.006842592592592607 0.006572916666666639
0 0.2624444444444444 0.34865104166666666 0.010546296296296257 0.0038489583333333856
0 0.21169444444444444 0.34343749999999995 0.017388888888888863 0.005932291666666689
0 0.249037037037037 0.34095312499999997 0.008842592592592523 0.008020833333333411
0 0.3129074074074074 0.3477708333333333 0.017388888888888863 0.007218749999999918
0 0.27925925925925926 0.3370208333333333 0.01682407407407401 0.00401041666666666
0 0.24177777777777776 0.330390625 0.01796296296296297 0.004062499999999946
0 0.24687037037037038 0.333984375 0.01555555555555554 0.004999999999999982
0 0.261037037037037 0.3347135416666666 0.010925925925925858 0.003541666666666643
0 0.2816851851851852 0.33335937499999996 0.007777777777777731 0.0033333333333334103
0 0.2850185185185185 0.33091145833333335 0.009629629629629636 0.0032291666666666606
0 0.29724999999999996 0.327421875 0.01148148148148146 0.006666666666666643
0 0.3208611111111111 0.32554687499999996 0.01314814814814819 0.004166666666666696
0 0.3806759259259259 0.3276302083333333 0.005370370370370381 0.006041666666666589
0 0.39873148148148146 0.344140625 0.007037037037037111 0.0078125
0 0.4118888888888888 0.346484375 0.014814814814814762 0.00625
0 0.4078148148148148 0.34684895833333335 0.018148148148148222 0.006562499999999982
0 0.440037037037037 0.33804687499999997 0.01592592592592597 0.004791666666666661
0 0.4263333333333333 0.3284114583333333 0.016296296296296316 0.005729166666666697
0 0.3565092592592592 0.3129427083333333 0.0155555555555555 0.005416666666666714
0 0.33762037037037035 0.31242187499999996 0.014814814814814841 0.007291666666666696
0 0.36456481481481484 0.296953125 0.01685185185185184 0.0078125
0 0.37604629629629627 0.29820312499999996 0.014629629629629588 0.006562499999999982
0 0.38734259259259257 0.2956510416666666 0.01685185185185184 0.004999999999999982
0 0.4364259259259259 0.30539062499999997 0.011666666666666634 0.009895833333333303
0 0.4551296296296296 0.31460937499999997 0.01833333333333324 0.004999999999999982
0 0.4594814814814815 0.29820312499999996 0.012592592592592666 0.003854166666666714
0 0.4742962962962963 0.293359375 0.02259259259259257 0.0052083333333333036
0 0.48124074074074075 0.2891875 0.01796296296296305 0.0064583333333334105
0 0.49142592592592593 0.30851562499999996 0.011666666666666634 0.00760416666666659
0 0.539861111111111 0.3070572916666666 0.016666666666666666 0.00760416666666659
0 0.5743981481481482 0.31138020833333335 0.010555555555555587 0.004375000000000018
0 0.547824074074074 0.28132291666666664 0.009629629629629714 0.003854166666666714
0 0.5594907407407407 0.292265625 0.008888888888888858 0.011354166666666643
0 0.5843055555555554 0.29679687499999996 0.012222222222222317 0.007083333333333286
0 0.6049537037037037 0.30377604166666666 0.011666666666666634 0.003958333333333286
0 0.5758796296296296 0.2808020833333333 0.01685185185185184 0.0071874999999999465
0 0.6006018518518518 0.28288541666666667 0.011481481481481618 0.006145833333333339
0 0.6165277777777778 0.28335416666666663 0.013333333333333365 0.005416666666666714
0 0.6409814814814815 0.29507812499999997 0.009259259259259207 0.005104166666666643
0 0.6388518518518519 0.299921875 0.00870370370370384 0.004791666666666661
0 0.663111111111111 0.31752604166666665 0.012777777777777683 0.004791666666666661
0 0.6572777777777777 0.3237239583333333 0.010740740740740605 0.00489583333333341
0 0.6377407407407407 0.3268489583333333 0.00870370370370384 0.0046875
0 0.6569999999999999 0.328203125 0.012777777777777683 0.004062499999999946
0 0.670611111111111 0.33825520833333333 0.00777777777777781 0.006041666666666589
0 0.6821851851851851 0.3251302083333333 0.009074074074074031 0.008541666666666715
0 0.5440277777777777 0.3355989583333333 0.011296296296296285 0.008437500000000053
0 0.5376388888888889 0.3415364583333333 0.009629629629629714 0.008645833333333287
0 0.5082777777777778 0.3334114583333333 0.016481481481481493 0.006354166666666661
0 0.5609907407407407 0.3607708333333333 0.01582407407407405 0.004125000000000068
0 0.6227129629629629 0.365828125 0.009990740740740654 0.004125000000000068
0 0.7023333333333333 0.3364479166666666 0.01598148148148147 0.008208333333333328
0 0.7169259259259259 0.3240416666666667 0.010416666666666666 0.006057291666666753
0 0.7252592592592592 0.31349479166666666 0.010416666666666666 0.008791666666666753
0 0.736898148148148 0.322578125 0.008685185185185181 0.007427083333333329
0 0.7506203703703703 0.31603125 0.008333333333333333 0.004885416666666753
0 0.5168703703703703 0.4035364583333333 0.02881481481481466 0.008427083333333352
0 0.24680555555555553 0.5209843749999999 0.009870370370370314 0.0070677083333333
0 0.27575 0.5222447916666667 0.0112222222222222 0.006057291666666664
0 0.2764259259259259 0.5248958333333332 0.010768518518518514 0.004291666666666671
0 0.29235185185185186 0.5816874999999999 0.013907407407407391 0.0037864583333332646
0 0.24141666666666667 0.6118541666666666 0.015259259259259276 0.007067708333333478
0 0.2178611111111111 0.6259895833333333 0.017499999999999953 0.007572916666666707
0 0.2898796296296296 0.6049114583333333 0.014361111111111076 0.008833333333333294
0 0.2961666666666667 0.655265625 0.008074074074074074 0.008583333333333342
0 0.3825462962962962 0.6364635416666666 0.018398148148148153 0.004796875000000078
0 0.3960092592592593 0.6278802083333332 0.013009259259259269 0.004796875000000078
0 0.42899074074074073 0.6131145833333334 0.013462962962962876 0.008583333333333342
0 0.5530648148148147 0.7254375 0.017500000000000033 0.007572916666666707
0 0.6378796296296296 0.7444947916666667 0.014805555555555511 0.005807291666666714
0 0.5849259259259258 0.7220312499999999 0.009425925925926037 0.0037864583333332646
0 0.5613703703703703 0.6845468749999999 0.010768518518518672 0.006562499999999893
0 0.658074074074074 0.7086510416666666 0.018398148148147993 0.009338541666666523
0 0.5732592592592592 0.6686458333333333 0.010324074074074159 0.005552083333333258
0 0.6405740740740741 0.6682656249999999 0.013009259259259269 0.00681770833333335
0 0.6542592592592592 0.6681406249999999 0.013462962962962876 0.012619791666666736
0 0.6461851851851852 0.6718020833333332 0.006277777777777753 0.004291666666666494
0 0.7202222222222221 0.76115625 0.020638888888888828 0.007822916666666657
0 0.7397407407407406 0.7636822916666667 0.01660185185185191 0.005807291666666714
0 0.7594907407407406 0.7619114583333333 0.010324074074074159 0.004291666666666494
0 0.7379444444444444 0.7444947916666667 0.013907407407407391 0.0037864583333332646
0 0.7666481481481482 0.7441979166666666 0.012268518518518413 0.004598958333333236
0 0.8249907407407407 0.7435885416666667 0.01299074074074061 0.004197916666666579
0 0.8115185185185184 0.7395260416666667 0.013472222222222285 0.004197916666666579
0 0.8044166666666666 0.7307291666666667 0.015638888888888876 0.0069010416666666075
0 0.8246296296296296 0.7293125 0.016120370370370552 0.0054114583333332075
0 0.7656851851851851 0.7174687499999999 0.014675925925925842 0.006630208333333343
0 0.7707407407407406 0.7241666666666667 0.013712962962962807 0.006494791666666622
0 0.7931111111111111 0.7024479166666666 0.012268518518518413 0.005817708333333371
0 0.7985277777777777 0.7055572916666667 0.015398148148148355 0.006630208333333343
0 0.8168148148148147 0.7071145833333333 0.010583333333333498 0.0054114583333332075
0 0.8480833333333332 0.7095520833333333 0.012509259259259251 0.004062500000000036
0 0.864324074074074 0.7018385416666666 0.012268518518518413 0.005140624999999943
0 0.872148148148148 0.7145572916666667 0.010101851851851822 0.003791666666666771
0 0.8672129629629629 0.7228125 0.012268518518518413 0.0054114583333332075
0 0.8491666666666666 0.7249791666666667 0.012750000000000088 0.003791666666666771
0 0.7505092592592592 0.6949166666666666 0.014333333333333245 0.005489583333333314
0 0.7507407407407407 0.6889947916666666 0.009000000000000025 0.006520833333333265
0 0.793287037037037 0.6880520833333332 0.012046296296296393 0.005489583333333314
0 0.8819537037037037 0.6892135416666666 0.019518518518518452 0.005401041666666551
0 0.8862962962962962 0.6931979166666666 0.0117407407407408 0.004286458333333343
0 0.8875925925925925 0.67196875 0.012194444444444407 0.005234375000000036
0 0.9380648148148147 0.6669114583333333 0.010370370370370412 0.004718749999999971
0 0.9517129629629628 0.6625364583333333 0.009305555555555619 0.008145833333333208
0 0.9440925925925926 0.6593177083333334 0.015092592592592446 0.006859374999999978
0 0.9344814814814814 0.6542604166666667 0.010824074074074019 0.005489583333333314
0 0.8803518518518517 0.6507864583333334 0.015703703703703633 0.008145833333333208
0 0.9542314814814814 0.6399791666666667 0.01921296296296286 0.005234375000000036
0 0.9567407407407406 0.6289166666666667 0.013574074074074044 0.007463541666666629
0 0.939287037037037 0.6293020833333334 0.011898148148148064 0.006520833333333265
0 0.9497314814814815 0.6247135416666667 0.012046296296296393 0.005744791666666771
0 0.9527037037037037 0.6192656249999999 0.010981481481481599 0.00703125
0 0.9294537037037036 0.6182343749999999 0.014481481481481574 0.00703125
0 0.8786018518518517 0.6254427083333333 0.008537037037037168 0.007890625000000106
0 0.8513055555555554 0.6326875 0.007620370370370388 0.007807291666666494
0 0.8678518518518518 0.631828125 0.009601851851851646 0.00866145833333345
0 0.8297314814814815 0.6476145833333333 0.013574074074074044 0.008145833333333208
0 0.8172962962962962 0.6624947916666667 0.007620370370370388 0.006859374999999978
0 0.8192129629629629 0.6095729166666667 0.01920370370370361 0.009921875000000035
0 0.838074074074074 0.60775 0.011388888888888952 0.008541666666666715
0 0.429574074074074 0.4950677083333333 0.014842592592592515 0.009786458333333314
0 0.4316203703703704 0.531765625 0.014842592592592515 0.010651041666666573
0 0.461037037037037 0.5529218749999999 0.012277777777777821 0.005755208333333428
0 0.4572037037037036 0.50025 0.011768518518518551 0.00575520833333325
0 0.5088796296296296 0.46527604166666664 0.018935185185185173 0.019286458333333378
0 0.5385648148148148 0.47405729166666666 0.026092592592592705 0.0063333333333334355
0 0.5567314814814814 0.4678697916666666 0.013305555555555454 0.004890624999999993
0 0.5165555555555555 0.43030729166666665 0.010749999999999855 0.0109375
0 0.6501111111111111 0.44484375 0.019953703703703713 0.007770833333333371
0 0.7353148148148148 0.41778645833333333 0.022518518518518566 0.009500000000000064
0 0.6582962962962964 0.47894791666666664 0.018935185185185173 0.012666666666666692
0 0.6508796296296296 0.49953125 0.012277777777777821 0.004890624999999993
0 0.6956574074074073 0.5075885416666667 0.020981481481481504 0.008348958333333378
0 0.7289166666666665 0.4972291666666666 0.01586111111111121 0.004317708333333314
0 0.7473333333333332 0.4376458333333333 0.0076759259259258925 0.00546875
0 0.518351851851852 0.6181145833333332 0.013305555555555454 0.00546875
0 0.5423981481481481 0.6179739583333334 0.008185185185185162 0.003453125000000057
0 0.7678055555555555 0.6299166666666667 0.018935185185185333 0.007197916666666693
0 0.7744537037037036 0.6234427083333334 0.011768518518518551 0.006906250000000114
0 0.7930370370370371 0.5985885416666666 0.009796296296296228 0.011192708333333279
0 0.856287037037037 0.60059375 0.009796296296296228 0.007182291666666707
0 0.8626759259259259 0.5965885416666666 0.0089074074074072 0.0061822916666665504
0 0.8978611111111111 0.5991770833333334 0.01751851851851869 0.006015625000000036
0 0.9125648148148148 0.606859375 0.012472222222222247 0.009020833333333478
0 0.9740370370370369 0.6040208333333333 0.013657407407407302 0.007015624999999836
0 0.9624537037037038 0.6071093750000001 0.009500000000000203 0.0061822916666665504
0 0.9548796296296296 0.6023489583333334 0.010398148148148165 0.003677083333333364
0 0.961712962962963 0.6009270833333333 0.005638888888889129 0.0041770833333332645
0 0.9756666666666667 0.5948333333333332 0.005046296296296128 0.0073489583333334
0 0.9841296296296296 0.5914895833333333 0.013657407407407302 0.004677083333333343
0 0.9470092592592592 0.5969218749999999 0.016037037037036978 0.0045104166666666504
0 0.9303796296296295 0.5917395833333334 0.013657407407407302 0.010187499999999971
0 0.9827962962962963 0.5747864583333333 0.016925925925926007 0.007015624999999836
0 0.974925925925926 0.5700260416666667 0.020194444444444393 0.006515625000000113
0 0.8983055555555555 0.5868958333333333 0.014249999999999987 0.007515624999999915
0 0.9797870370370371 0.5488802083333333 0.013694444444444306 0.008343750000000049
0 0.9874907407407407 0.557390625 0.01654629629629609 0.004812499999999886
0 0.9703703703703703 0.5668593749999999 0.011981481481481638 0.008343750000000049
0 0.9561018518518517 0.5551406249999999 0.022259259259259225 0.009947916666666678
0 0.9047499999999999 0.5756822916666666 0.011981481481481638 0.007380208333333371
0 0.8921944444444444 0.5801770833333333 0.010842592592592522 0.007380208333333371
0 0.8639444444444444 0.5780937500000001 0.011416666666666705 0.007703124999999922
0 0.800037037037037 0.5888437499999999 0.011416666666666705 0.006098958333333293
0 0.8773518518518517 0.5642916666666666 0.010842592592592522 0.011557291666666636
0 0.897324074074074 0.5719947916666667 0.013120370370370438 0.007703124999999922
0 0.9066851851851851 0.5595104166666667 0.010824074074074019 0.015333333333333421
0 0.9866666666666665 0.5352708333333334 0.012833333333333346 0.007890625000000106
0 0.9165092592592592 0.5483489583333332 0.008824074074073944 0.006989583333333371
0 0.8675925925925926 0.541921875 0.009620370370370463 0.009473958333333421
0 0.8673981481481481 0.5254583333333332 0.015638888888888876 0.005411458333333385
0 0.9417685185185184 0.517453125 0.015231481481481523 0.010598958333333287
0 0.9750462962962962 0.5165520833333332 0.012833333333333346 0.009244791666666608
0 0.9794537037037035 0.5268124999999999 0.012027777777777575 0.006765625000000064
0 0.7499259259259259 0.556578125 0.013231481481481448 0.0045104166666666504
0 0.6821666666666666 0.5613177083333334 0.014027777777777809 0.004057291666666707
0 0.8493518518518518 0.475890625 0.007296296296296292 0.006781250000000049
0 0.8942592592592591 0.5045364583333333 0.0088888888888887 0.00625
0 0.9079074074074073 0.5042708333333333 0.0088888888888887 0.005713541666666622
0 0.9106018518518518 0.4992708333333333 0.00856481481481492 0.008927083333333386
0 0.9718518518518517 0.49293750000000003 0.011111111111111112 0.005177083333333421
0 0.9769259259259258 0.4881145833333333 0.007296296296296292 0.005177083333333421
0 0.9494722222222223 0.4899895833333333 0.007620370370370388 0.006781250000000049
0 0.9689907407407407 0.48276041666666664 0.01745370370370362 0.005531249999999943
0 0.955824074074074 0.47785416666666664 0.0088888888888887 0.009640624999999936
0 0.9482037037037035 0.47062499999999996 0.013324074074073957 0.0066041666666667
0 0.9654999999999999 0.46044791666666657 0.013648148148148052 0.007677083333333279
0 0.8939444444444444 0.46946354166666665 0.01587037037037046 0.004999999999999893
0 0.8771203703703704 0.4733020833333333 0.006342592592592508 0.0066041666666667
0 0.9099722222222222 0.4425989583333333 0.01745370370370362 0.008390625000000007
0 0.8607777777777778 0.4353697916666667 0.00793518518518523 0.006781250000000049
0 0.8947314814814814 0.4115364583333333 0.006666666666666604 0.011244791666666564
0 0.9158425925925926 0.4209114583333333 0.010787037037037015 0.004286458333333343
0 0.9259907407407408 0.41314583333333327 0.006981481481481448 0.00696354166666655
0 0.9037777777777778 0.40698437499999995 0.006981481481481448 0.004640625000000042
0 0.7330555555555555 0.4010052083333333 0.014601851851851835 0.0066041666666667
0 0.6737129629629629 0.3998489583333333 0.01587037037037046 0.008213541666666612
0 0.88125 0.38761979166666666 0.007620370370370388 0.005890624999999971
0 0.8542777777777777 0.38208333333333333 0.006981481481481448 0.005531249999999943
0 0.8785555555555555 0.37681770833333333 0.00793518518518523 0.006427083333333261
0 0.8219074074074074 0.3532552083333333 0.005712962962963136 0.006781249999999961
0 0.797787037037037 0.35361458333333334 0.0088888888888887 0.0074947916666666895
0 0.789537037037037 0.36146874999999995 0.005712962962963136 0.003213541666666675
0 0.7722407407407407 0.34120833333333334 0.006027777777777664 0.005890624999999971
0 0.7552685185185185 0.3417447916666666 0.011425925925925956 0.010177083333333314
0 0.718925925925926 0.3498645833333333 0.010472222222222171 0.007854166666666629
0 0.7957222222222222 0.32906770833333326 0.00793518518518523 0.007317708333333339