0 0.3786111111111111 0.2282490079365079 0.021759259259259207 0.013633432539682567
0 0.33769400352733686 0.23531498015873015 0.02488536155202823 0.016698908730158734
0 0.356847442680776 0.2459300595238095 0.014351851851851866 0.01318948412698413
0 0.342147266313933 0.2556349206349206 0.02338183421516757 0.010458829365079404
0 0.3748456790123456 0.25713045634920634 0.028126102292768945 0.006081349206349174
0 0.4026851851851851 0.2590550595238095 0.021759259259259207 0.01925347222222227
0 0.414373897707231 0.23199404761904757 0.0243077601410936 0.013963293650793674
0 0.4377557319223986 0.23209077380952378 0.026159611992945347 0.009598214285714324
0 0.527689594356261 0.224109623015873 0.029166666666666667 0.013526785714285694
0 0.5188359788359789 0.2367435515873016 0.014466490299823597 0.016904761904761933
0 0.4294223985890652 0.2473611111111111 0.0243077601410936 0.004784226190476204
0 0.41975749559082887 0.25169146825396826 0.01701499118165783 0.00719246031746037
0 0.44620370370370366 0.2528323412698413 0.03009259259259254 0.006865079365079385
0 0.5613183421516754 0.24553571428571427 0.027896825396825402 0.01624751984126984
0 0.5237566137566138 0.2557936507936508 0.023148148148148095 0.0054960317460317045
0 0.6570987654320988 0.23814732142857142 0.015740740740740635 0.009992559523809508
0 0.549916225749559 0.2599280753968254 0.019444444444444445 0.007648809523809597
0 0.5774074074074074 0.27276041666666667 0.014237213403880055 0.014112103174603163
0 0.4855599647266314 0.26669890873015867 0.013888888888888888 0.01754464285714281
0 0.48550264550264544 0.28229910714285716 0.008218694885361484 0.011738591269841248
0 0.43613756613756605 0.26670138888888884 0.022455908289241697 0.009729662698412689
0 0.43063932980599645 0.2779662698412698 0.020718694885361485 0.014541170634920686
0 0.38584215167548497 0.2703472222222222 0.020026455026455083 0.012852182539682566
0 0.435326278659612 0.29330853174603166 0.017129629629629526 0.011582341269841211
0 0.5364285714285714 0.3040178571428571 0.031366843033509575 0.00931547619047617
0 0.5809347442680776 0.2894618055555555 0.017592592592592698 0.013035714285714307
0 0.6279276895943563 0.2770882936507936 0.01620370370370365 0.011741071428571458
0 0.6776984126984127 0.25400545634920635 0.023148148148148095 0.015662202380952374
0 0.7003306878306877 0.25478422619047614 0.018403880070546563 0.009412202380952372
0 0.7165343915343914 0.25159474206349197 0.01863315696649042 0.017356150793650736
0 0.6972619047619047 0.2650719246031746 0.03264109347442693 0.00907738095238093
0 0.6691931216931216 0.2779662698412698 0.018170194003527405 0.014541170634920686
0 0.726604938271605 0.27054811507936505 0.028359788359788418 0.01749751984126986
0 0.7492901234567901 0.24892361111111105 0.020026455026455083 0.01592013888888886
0 0.7703571428571429 0.2624330357142857 0.028822751322751274 0.013702876984126977
0 0.8010273368606701 0.2626661706349206 0.0209523809523808 0.010848214285714253
0 0.7744664902998236 0.2769940476190476 0.026851851851851745 0.01085813492063501
0 0.7709920634920634 0.28435019841269843 0.021759259259259364 0.009588293650793656
0 0.7868518518518518 0.28926835317460314 0.0247707231040563 0.006914682539682549
0 0.7153174603174602 0.29770089285714285 0.024307760141093444 0.012837301587301652
0 0.7072751322751322 0.3178249007936508 0.01377425044091696 0.015560515873015834
0 0.6937301587301588 0.32010912698412697 0.01701499118165783 0.013747519841269807
0 0.726547619047619 0.3313417658730159 0.018055555555555554 0.014732142857142883
0 0.7522398589065256 0.32567212301587295 0.03611111111111111 0.010932539682539665
0 0.8458818342151675 0.2631051587301587 0.02940035273368614 0.009107142857142847
0 0.8903880070546737 0.28251736111111103 0.012151675485008834 0.021904761904761916
0 0.935410052910053 0.29576884920634916 0.016552028218694975 0.015203373015873023
0 0.9723941798941798 0.3124727182539683 0.03333333333333365 0.011500496031746011
0 0.8465167548500881 0.2876289682539682 0.019329805996472754 0.01324652777777775
0 0.8309479717813051 0.2852827380952381 0.021759259259259364 0.013764880952380931
0 0.8093033509700176 0.2912425595238095 0.01458553791887122 0.015917658730158647
0 0.8467504409171075 0.3033556547619048 0.02187830687830683 0.0062872023809523725
0 0.8164814814814815 0.3109424603174603 0.018752204585537887 0.012998511904761844
0 0.8390520282186948 0.3212946428571429 0.026851851851851745 0.00666418650793652
0 0.8034038800705466 0.31869295634920636 0.008333333333333333 0.01156994047619051
0 0.7904938271604937 0.3200595238095238 0.018403880070546722 0.007792658730158752
0 0.8345943562610229 0.32997767857142857 0.010533509700176245 0.012088293650793603
0 0.8034611992945326 0.35567460317460314 0.01701499118165783 0.012611607142857117
0 0.778747795414462 0.36081845238095234 0.021296296296296507 0.016391369047619085
0 0.7424029982363316 0.3743328373015873 0.029166666666666667 0.010210813492063497
0 0.8450132275132275 0.3415376984126984 0.033452380952380796 0.006545138888888857
0 0.8344223985890652 0.35997271825396826 0.023381834215167728 0.013395337301587328
0 0.7914814814814813 0.381984126984127 0.018981481481481585 0.013147321428571512
0 0.8039814814814815 0.38755456349206346 0.0125 0.017123015873015835
0 0.7768386243386243 0.42141617063492065 0.028589065255732116 0.014117063492063587
0 0.9120899470899471 0.3276339285714286 0.027777777777777776 0.0115674603174603
0 0.9569400352733687 0.3250272817460317 0.03414462081128736 0.01156994047619051
0 0.9541049382716049 0.3392584325396825 0.02014109347442709 0.007197420634920615
0 0.9266137566137564 0.3384796626984127 0.0160890652557318 0.012078373015872935
0 0.8891710758377425 0.3363963293650793 0.014351851851852062 0.018330853174603146
0 0.8984303350970019 0.34384920634920635 0.018055555555555554 0.011688988095238084
0 0.880432098765432 0.3522544642857143 0.013540564373897723 0.011631944444444464
0 0.8972134038800705 0.3582142857142857 0.014700176366843228 0.016388888888888876
0 0.9799735449735449 0.3663864087301587 0.01817019400352725 0.012552083333333375
0 0.9530070546737213 0.3813343253968254 0.02349647266313942 0.014449404761904816
0 0.926847442680776 0.37664434523809526 0.015626102292768628 0.012884424603174516
0 0.9293342151675484 0.39295882936507937 0.014122574955908046 0.013608630952380896
0 0.9040432098765431 0.3838715277777777 0.031137566137566193 0.005218253968253972
0 0.905026455026455 0.3949454365079365 0.016437389770722968 0.009117063492063515
0 0.8837874779541447 0.3912326388888889 0.018403880070546722 0.010808531746031757
0 0.8864506172839506 0.39855654761904763 0.01539241622574947 0.00905257936507935
0 0.8696075837742504 0.36612599206349206 0.022455908289241697 0.012031250000000071
0 0.8591358024691358 0.3471081349206349 0.014466490299823755 0.007852182539682496
0 0.8632451499118164 0.3528373015873016 0.014351851851852062 0.006733630952380931
0 0.9743033509700175 0.413266369047619 0.013311287477954023 0.01255704365079371
0 0.9849514991181656 0.40798611111111105 0.015163139329806086 0.02014136904761905
0 0.9190343915343915 0.41238343253968257 0.023148148148148254 0.015905257936507943
0 0.8948412698412698 0.4234920634920635 0.027548500881834078 0.016078869047619015
0 0.832336860670194 0.4702157738095238 0.022918871252204553 0.014828869047619087
0 0.9910582010582009 0.4893898809523809 0.017883597883598175 0.013749999999999929
0 0.9426455026455026 0.48450396825396824 0.018752204585537887 0.01049107142857153
0 0.9040432098765431 0.5199330357142856 0.013774250440916881 0.01624255952380942
0 0.9303174603174603 0.5218229166666666 0.014466490299823755 0.01871775793650805
0 0.9768474426807758 0.5695486111111111 0.02789682539682556 0.01780753968253972
0 0.8895590828924161 0.60125 0.021243386243386276 0.014873511904762004
0 0.8386507936507936 0.5934573412698413 0.015423280423280516 0.009908234126984005
0 0.8326322751322751 0.5797098214285714 0.013611111111111048 0.014727182539682637
0 0.7879761904761905 0.5643898809523809 0.019828042328042115 0.010644841269841266
0 0.7293915343915343 0.5516393849206349 0.032341269841269754 0.013469742063492163
0 0.771058201058201 0.596376488095238 0.030057319223985877 0.007266865079365204
0 0.7356084656084655 0.5927281746031746 0.00889329805996479 0.015974702380952267
0 0.8487213403880071 0.6168005952380952 0.029744268077601534 0.008467261904761969
0 0.775268959435626 0.6562723214285715 0.013769841269841423 0.008752480158730157
0 0.7940343915343915 0.677328869047619 0.027385361552028246 0.014325396825396908
0 0.91592151675485 0.667953869047619 0.024391534391534405 0.015052083333333322
0 0.9438139329805997 0.6348363095238094 0.013456790123457078 0.012552083333333287
0 0.965652557319224 0.6349900793650793 0.019356261022927392 0.013306051587301582
0 0.9758421516754849 0.6553124999999999 0.014400352733685888 0.014114583333333286
0 0.9647839506172838 0.6787301587301586 0.025811287477954022 0.007212301587301617
0 0.9727733686067018 0.6972594246031745 0.03422839506172832 0.011319444444444571
0 0.8897178130511463 0.7087053571428571 0.024863315696649124 0.006574900793650862
0 0.8332186948853615 0.7061607142857141 0.015105820105820083 0.007368551587301653
0 0.7933245149911815 0.7087524801587302 0.01998677248677249 0.01564980158730176
0 0.7726719576719576 0.7090625 0.014241622574956144 0.008301091269841266
0 0.7956481481481481 0.7244221230158729 0.02179453262786587 0.011436011904761756
0 0.8423324514991181 0.7638392857142857 0.013999118165784807 0.01034970238095223
0 0.9208289241622574 0.7759424603174603 0.026869488536155155 0.012929067460317434
0 0.9724603174603174 0.7724677579365079 0.029647266313932934 0.008298611111111142
0 0.9782231040564374 0.7876190476190476 0.022235449735449858 0.010999503968254132
0 0.9386904761904761 0.7960466269841269 0.014823633156966467 0.01685515873015877
0 0.9754453262786597 0.8014905753968253 0.03397266313932998 0.011530257936507837
0 0.9572751322751322 0.8140575396825398 0.0171913580246913 0.017772817460317468
0 0.9220634920634918 0.8250620039682539 0.016164021164021214 0.016609623015873255
0 0.946979717813051 0.8462351190476189 0.011631393298059973 0.01306299603174601
0 0.9768342151675485 0.8591121031746031 0.027486772486772615 0.020215773809523795
0 0.9610317460317459 0.868204365079365 0.027795414462081187 0.01176587301587304
0 0.9734876543209876 0.8861309523809524 0.03006172839506197 0.008821924603174481
0 0.9419841269841269 0.9042609126984127 0.02470899470899484 0.009357638888888787
0 0.9841534391534391 0.9176413690476191 0.030806878306878123 0.011550099206349173
0 0.9416269841269841 0.9156423611111111 0.03469576719576695 0.012651289682539613
0 0.9297839506172839 0.922157738095238 0.026044973544973496 0.011778273809523654
0 0.8773324514991182 0.8796155753968253 0.030471781305114593 0.014898313492063409
0 0.8555070546737212 0.8410664682539682 0.0370634920634921 0.011344246031746153
0 0.8416093474426807 0.9088640873015873 0.02985449735449745 0.011150793650793744
0 0.8760449735449735 0.9593874007936508 0.02378306878306881 0.0108680555555555
0 0.8643606701940034 0.9719320436507936 0.015238095238095184 0.011324404761904817
0 0.8808333333333332 0.9741021825396825 0.015238095238095184 0.01161706349206355
0 0.9353968253968253 0.9664012896825398 0.013179012345679237 0.022849702380952408
0 0.9566049382716049 0.9686557539682539 0.02429453262786612 0.008546626984126959
0 0.9845546737213403 0.9619965277777777 0.02028218694885374 0.011723710317460601
0 0.9187169312169312 0.991530257936508 0.019356261022927392 0.01693700396825406
0 0.8167989417989417 0.9915674603174602 0.016313932980599726 0.016865079365079437
0 0.7971869488536154 0.972859623015873 0.024400352733686268 0.017812499999999787
0 0.7486463844797178 0.9562872023809523 0.04076719576719591 0.019965277777777856
0 0.6973280423280422 0.924952876984127 0.010604056437389885 0.01349950396825399
0 0.7188932980599647 0.880766369047619 0.010705467372134257 0.01141121031746053
0 0.7861728395061728 0.8449404761904763 0.02192680776014097 0.016778273809523726
0 0.7849867724867724 0.8323983134920635 0.014413580246913525 0.013120039682539542
0 0.6974823633156967 0.7927306547619046 0.035004409171075834 0.010803571428571601
0 0.683478835978836 0.8128298611111111 0.02182539682539676 0.01038442460317448
0 0.6502292768959436 0.7736805555555555 0.031706349206349196 0.012242063492063337
0 0.6439991181657848 0.9850595238095238 0.03283950617283959 0.015696924603174622
0 0.6124955908289241 0.987234623015873 0.015339506172839554 0.017033730158730265
0 0.5625661375661376 0.9868030753968254 0.024603174603174693 0.02253720238095234
0 0.5442416225749559 0.9722891865079365 0.028518518518518478 0.014940476190476204
0 0.5275132275132275 0.9891170634920634 0.02553350970017634 0.017904265873015746
0 0.41668871252204587 0.994298115079365 0.0272795414462081 0.005900297619047734
0 0.4341358024691358 0.9390649801587301 0.036649029982363385 0.015027281746031917
0 0.4239462081128747 0.9068055555555554 0.015030864197530826 0.016579861111111073
0 0.5123765432098766 0.8953943452380951 0.033355379188712515 0.01344494047619058
0 0.3661904761904762 0.95734623015873 0.024294532627865923 0.01284474206349202
0 0.33242504409171075 0.9503075396825397 0.027592592592592523 0.012088293650793603
0 0.29294091710758374 0.9760267857142857 0.02357583774250445 0.01719990079365097
0 0.27971340388007054 0.967829861111111 0.01605820105820107 0.018759920634920844
0 0.23400352733686067 0.9811483134920633 0.033355379188712515 0.010195932539682317
0 0.18257936507936506 0.9675694444444444 0.02748677248677248 0.01650049603174608
0 0.17938712522045855 0.939126984126984 0.03037037037037038 0.014050099206349032
0 0.20723544973544972 0.9411557539682539 0.02923721340388007 0.02389880952380956
0 0.2316358024691358 0.939360119047619 0.02367724867724866 0.021465773809523726
0 0.12081128747795412 0.9936061507936508 0.02336860670194005 0.0066096230158727565
0 0.12338624338624336 0.970374503968254 0.043549382716049384 0.008578869047618908
0 0.11936948853615521 0.9357688492063492 0.033046737213403905 0.01891369047619058
0 0.06290123456790123 0.9497569444444445 0.02141534391534391 0.008090277777777644
0 0.06398148148148149 0.9728993055555556 0.020899470899470904 0.013258928571428541
0 0.030679012345679012 0.975562996031746 0.01791446208112875 0.013955853174603305
0 0.02105379188712522 0.9671626984126984 0.013487654320987653 0.01453124999999993
0 0.013126102292768959 0.9447445436507935 0.014929453262786597 0.00791418650793645
0 0.0291358024691358 0.9227455357142856 0.01688271604938271 0.011398809523809561
0 0.051371252204585535 0.9067584325396826 0.03829805996472662 0.016488095238095114
0 0.23256172839506176 0.8870386904761904 0.021415343915343894 0.017581845238095185
0 0.2820282186948853 0.8934672619047619 0.028721340388007062 0.01770337301587297
0 0.1690432098765432 0.8401289682539682 0.018941798941798954 0.01253720238095255
0 0.1424823633156966 0.8491939484126982 0.01770723104056435 0.006564980158730194
0 0.10001322751322751 0.8371502976190476 0.015132275132275119 0.02030505952380963
0 0.13857142857142854 0.8061259920634921 0.021415343915343932 0.007574404761904674
0 0.09702821869488536 0.8041319444444446 0.01801587301587301 0.01912698412698406
0 0.032173721340388005 0.807232142857143 0.02831128747795414 0.01895585317460329
0 0.015083774250440917 0.814032738095238 0.014722222222222223 0.010870535714285623
0 0.03366402116402116 0.8339335317460318 0.03438712522045855 0.010977182539682672
0 0.0074647266313932975 0.8330952380952381 0.014929453262786595 0.014511408730158947
0 0.04411375661375661 0.7789186507936507 0.02192680776014109 0.018504464285714128
0 0.006393298059964726 0.7826140873015872 0.012786596119929453 0.02951388888888893
0 0.3347398589065256 0.7876661706349205 0.015132275132275119 0.013990575396825378
0 0.3584700176366843 0.805595238095238 0.014823633156966467 0.020314980158730123
0 0.29947971781305116 0.7361210317460317 0.026970899470899527 0.025396825396825307
0 0.3306216931216931 0.7139136904761905 0.02748677248677246 0.01994543650793652
0 0.18813932980599646 0.7352306547619046 0.025220458553791916 0.020885416666666677
0 0.10953703703703703 0.7357242063492063 0.025943562610229284 0.02129216269841283
0 0.04797619047619048 0.7419766865079365 0.03376543209876542 0.010637400793650897
0 0.06012345679012346 0.7002430555555555 0.01935626102292769 0.01808531746031754
0 0.14721781305114637 0.6723735119047619 0.02470899470899468 0.021411210317460315
0 0.062283950617283944 0.6721726190476189 0.01749999999999999 0.02737847222222225
0 0.18031746031746032 0.6724603174603174 0.017808641975308622 0.019848710317460317
0 0.20039241622574952 0.6788888888888889 0.0188403880070547 0.015334821428571389
0 0.032173721340388005 0.6484250992063492 0.025220458553791878 0.013469742063492163
0 0.08585978835978834 0.6140724206349206 0.04859347442680774 0.01078621031746021
0 0.3506966490299823 0.6282118055555554 0.039431216931216935 0.007212301587301617
0 0.47773368606701944 0.6643601190476189 0.021723985890652546 0.019283234126984183
0 0.3609391534391534 0.6054786706349206 0.015648148148148126 0.017916666666666536
0 0.1961199294532628 0.5872048611111111 0.031913580246913556 0.015153769841269949
0 0.014052028218694888 0.5937549603174602 0.016164021164021162 0.013000992063492057
0 0.288205467372134 0.5835887896825397 0.042310405643739 0.008303571428571388
0 0.34055555555555556 0.5423635912698412 0.03335537918871256 0.011024305555555535
0 0.392905643738977 0.5361408730158729 0.01204585537918869 0.013010912698412725
0 0.31347883597883597 0.5218005952380953 0.03191358024691363 0.009298115079364955
0 0.3217151675485008 0.4974404761904762 0.02779541446208111 0.018060515873015957
0 0.21979717813051147 0.4901190476190476 0.03397266313932982 0.021150793650793708
0 0.17810405643738975 0.5222098214285714 0.02470899470899468 0.011207837301587276
0 0.1463932980599647 0.5335887896825395 0.03458994708994712 0.005989583333333215
0 0.10315696649029982 0.5331299603174602 0.0230599647266314 0.020887896825396803
0 0.10094356261022927 0.4992857142857142 0.031812169312169306 0.00821428571428573
0 0.12904761904761905 0.4916369047619047 0.035313051146384486 0.009399801587301582
0 0.14948412698412697 0.47687003968253966 0.020176366843033516 0.013182043650793673
0 0.22463403880070545 0.46438244047619043 0.030471781305114593 0.0054191468253968365
0 0.1743959435626102 0.4422569444444444 0.037883597883597846 0.010555555555555606
0 0.19071428571428573 0.4334548611111111 0.012870370370370428 0.013792162698412724
0 0.043443562610229275 0.47713045634920637 0.0312962962962963 0.00848958333333325
0 0.008236331569664902 0.48080605158730155 0.016472663139329803 0.006743551587301689
0 0.012147266313932982 0.4951413690476191 0.02305996472663139 0.01223710317460327
0 0.018077601410934743 0.4526289682539682 0.036155202821869487 0.008928571428571352
0 0.06516754850088184 0.4183482142857143 0.026150793650793643 0.019893353174603234
0 0.018324514991181658 0.42339285714285707 0.0312962962962963 0.01683283730158731
0 0.03850088183421516 0.38808283730158727 0.02388447971781305 0.010354662698412653
0 0.09286155202821869 0.3851612103174603 0.018941798941798923 0.014494047619047646
0 0.06032627865961199 0.3738343253968254 0.019766313932980593 0.009796626984126977
0 0.11288359788359786 0.3756894841269841 0.012045855379188728 0.020453869047619033
0 0.11123456790123457 0.3870709325396825 0.02357583774250441 0.012524801587301581
0 0.10737654320987654 0.4091369047619048 0.019973544973544973 0.013990575396825378
0 0.15566137566137567 0.40520089285714284 0.020176366843033516 0.005932539682539683
0 0.3178042328042328 0.42912450396825397 0.027385361552028167 0.008611111111111036
0 0.3654717813051146 0.4433754960317461 0.02059082892416231 0.011631944444444464
0 0.3875 0.44743055555555555 0.013589065255731864 0.01047619047619044
0 0.3835890652557319 0.47584325396825394 0.01317901234567908 0.013447420634920526
0 0.3892504409171076 0.48890128968253965 0.01626543209876543 0.01313244047619051
0 0.2895458553791887 0.3878348214285714 0.03345679012345681 0.014905753968253953
0 0.2932010582010582 0.36982390873015875 0.0366490299823633 0.015089285714285782
0 0.24908730158730158 0.3717931547619047 0.02584215167548499 0.02134672619047624
0 0.23626984126984124 0.3565848214285714 0.04014991181657845 0.007725694444444464
0 0.20157407407407407 0.34862351190476193 0.018117283950617333 0.01901537698412703
0 0.6091446208112874 0.6626537698412698 0.025335097001763687 0.01878472222222225
0 0.5774779541446208 0.632455357142857 0.03282627865961195 0.007423115079365239
0 0.651984126984127 0.6148685515873016 0.033646384479717836 0.023583829365079367
0 0.4539991181657848 0.5487872023809524 0.04413139329805994 0.012802579365079402
0 0.5105291005291005 0.5084771825396824 0.03732363315696653 0.013846726190476133
0 0.64163139329806 0.5084399801587302 0.038002645502645455 0.011470734126984183
0 0.7234964726631392 0.499546130952381 0.013214285714285741 0.012447916666666715
0 0.6916931216931216 0.49422123015873015 0.018253968253968366 0.012919146825396943
0 0.746926807760141 0.5013095238095238 0.02084215167548488 0.010453869047619158
0 0.7606172839506172 0.4838764880952381 0.01062610229276907 0.021341765873015995
0 0.8072001763668429 0.5024627976190477 0.022067901234567935 0.014838789682539755
0 0.8449338624338624 0.5003124999999999 0.025061728395061777 0.010912698412698419
0 0.8178924162257496 0.48594494047619047 0.020295414462081062 0.01475198412698422
0 0.6501455026455025 0.44252232142857145 0.038686067019400305 0.019226190476190473
0 0.618342151675485 0.4643278769841269 0.027380952380952315 0.007026289682539577
0 0.6362522045855379 0.47372271825396817 0.017433862433862482 0.020188492063492092
0 0.6171164021164021 0.474908234126984 0.03282627865961195 0.008000992063492163
0 0.548941798941799 0.42307291666666663 0.027244268077601438 0.007767857142857259
0 0.4247134038800705 0.4089335317460317 0.02506172839506162 0.013968253968254097
0 0.38602733686067014 0.4029166666666666 0.02288359788359789 0.01189484126984124
0 0.38337301587301587 0.4103100198412698 0.027380952380952315 0.007797619047619086
0 0.3933862433862434 0.41997023809523804 0.016891534391534437 0.014588293650793638
0 0.6900573192239858 0.3968080357142857 0.028875661375661346 0.0157688492063492
0 0.6806569664902997 0.4064260912698413 0.029149029982363413 0.017383432539682532
0 0.6673765432098765 0.3873040674603174 0.028470017636684334 0.009017857142857189
0 0.6370723104056437 0.39355158730158724 0.025335097001763687 0.019216269841269805
0 0.6210670194003527 0.36534722222222216 0.026018518518518538 0.017973710317460246
0 0.606900352733686 0.3827802579365079 0.02165784832451499 0.004625496031746046
0 0.6624735449735449 0.3647321428571428 0.0295590828924162 0.016746031746031776
0 0.704021164021164 0.35438492063492066 0.02084215167548504 0.012909226190476275
0 0.6895811287477953 0.36246775793650793 0.015665784832451537 0.010002480158730176
0 0.6950970017636684 0.36691468253968257 0.012804232804232799 0.010307539682539701
0 0.6974118165784833 0.37220238095238095 0.016344797178130616 0.007390873015873023
0 0.5778174603174603 0.37285714285714283 0.04304232804232792 0.011540178571428594
0 0.5330026455026454 0.3704811507936508 0.017164902998236187 0.01751736111111111
0 0.5248985890652557 0.3788343253968254 0.026834215167548494 0.01430307539682545
0 0.5836728395061728 0.34151041666666665 0.020432098765432095 0.020870535714285765
0 0.6101675485008817 0.3405133928571428 0.017570546737213356 0.017346230158730158
0 0.6477645502645503 0.3410119047619048 0.016208112874779582 0.01757688492063485
0 0.6652645502645502 0.3330357142857142 0.03160052910052921 0.02289682539682545
0 0.6318253968253968 0.3288640873015873 0.02901234567901238 0.012433035714285712
0 0.6331216931216931 0.31962797619047617 0.025061728395061777 0.01005208333333334
0 0.623042328042328 0.3085292658730159 0.02343033509700171 0.011604662698412671
0 0.5767283950617283 0.32109871031746035 0.025608465608465598 0.018358134920634938
0 0.5521428571428572 0.3290327380952381 0.021384479717813085 0.019665178571428577
0 0.45447530864197533 0.31669146825396827 0.037186948853615495 0.02103670634920638
0 0.44643738977072306 0.3015550595238095 0.018390652557319243 0.011448412698412635
0 0.3978130511463845 0.3105977182539682 0.021931216931216902 0.011145833333333322
0 0.40570987654320984 0.3220138888888889 0.02764991181657845 0.01352430555555557
0 0.43056878306878305 0.35064484126984125 0.011988536155202843 0.019985119047619015
0 0.41259259259259257 0.3554340277777778 0.02288359788359789 0.007341269841269859
0 0.4599911816578483 0.36880704365079364 0.018522927689594345 0.0118700396825397
0 0.4433730158730158 0.37972470238095235 0.013619929453262753 0.01609623015873014
0 0.4801543209876543 0.3681572420634921 0.016344797178130616 0.02053075396825399
0 0.3367857142857143 0.3240550595238095 0.021111111111111174 0.009714781746031775
0 0.3122707231040564 0.31991815476190477 0.01702821869488531 0.0167633928571429
0 0.2989902998236332 0.3330233134920635 0.025881834215167585 0.013859126984127012
0 0.2699735449735449 0.32608630952380946 0.025061728395061697 0.009945436507936467
0 0.26091710758377423 0.33777033730158734 0.013756613756613786 0.016490575396825323
0 0.33801146384479713 0.28217261904761903 0.026287477954144597 0.012524801587301581
0 0.3144488536155203 0.27661706349206344 0.014576719576719514 0.020570436507936486
0 0.290679012345679 0.24867559523809524 0.02288359788359789 0.006961805555555501
0 0.2824382716049383 0.2557688492063492 0.024109347442680788 0.009521329365079368
0 0.2587389770723104 0.26427083333333334 0.02574514991181663 0.011780753968253954
0 0.30007936507936506 0.28397321428571426 0.0226102292768959 0.013829365079365098
0 0.2868650793650794 0.294203869047619 0.015255731922398515 0.013606150793650861
0 0.2754232804232804 0.2856969246031746 0.025061728395061697 0.007316468253968278
0 0.23878306878306874 0.2807936507936508 0.014440035273368639 0.015897817460317397
0 0.21548941798941798 0.2800644841269841 0.03051146384479719 0.01367311507936515
0 0.2285670194003527 0.2912127976190476 0.01961640211640214 0.009236111111111089
0 0.17544091710758375 0.26335565476190476 0.01580246913580249 0.010905257936507873
0 0.17973544973544972 0.28994791666666664 0.03418871252204582 0.007934027777777696
0 0.11305555555555556 0.2850793650793651 0.038139329805996484 0.01230406746031747
0 0.13137566137566137 0.29979662698412696 0.024656084656084647 0.007390873015873023
0 0.1540564373897707 0.3005257936507936 0.029695767195767196 0.005168650793650809
0 0.15957231040564374 0.31562499999999993 0.029012345679012303 0.008177083333333269
0 0.23238095238095235 0.3092237103174603 0.03922839506172843 0.011525297619047591
0 0.24300264550264547 0.32037450396825395 0.02343033509700179 0.006842757936508015
0 0.21440035273368604 0.3214459325396825 0.0283333333333333 0.01695932539682543
0 0.23129188712522047 0.3331746031746031 0.03051146384479719 0.010359623015872987
0 0.19444444444444445 0.33064732142857145 0.01702821869488539 0.00757192460317464
0 0.18416225749559081 0.32512896825396825 0.02124779541446205 0.011860119047619123
0 0.15780423280423278 0.3350173611111111 0.015392416225749548 0.011713789682539666
0 0.14111552028218696 0.3353224206349206 0.02343033509700175 0.00926091269841276
0 0.14275132275132274 0.3450520833333333 0.01580246913580249 0.012653769841269823
0 0.12524691358024692 0.3485044642857143 0.03119488536155204 0.01110863095238095
0 0.0813183421516755 0.3566294642857143 0.022610229276895922 0.008965773809523814
0 0.12123015873015872 0.32834821428571426 0.0272442680776014 0.009104662698412725
0 0.13553350970017636 0.31106398809523805 0.023156966490299802 0.004417162698412724
0 0.11305555555555556 0.31474454365079363 0.02179453262786595 0.005647321428571406
0 0.09208112874779541 0.30945684523809525 0.02343033509700175 0.008861607142857154
0 0.0956878306878307 0.3247098214285714 0.012940917107583792 0.0194494047619048
0 0.07110229276895944 0.3382316468253968 0.014166666666666671 0.009437003968254042
0 0.06742504409171074 0.3435243055555555 0.020432098765432075 0.008807043650793744
0 0.06776455026455025 0.32968998015873013 0.025198412698412692 0.009486607142857118
0 0.04992063492063492 0.3173883928571429 0.041274250440917114 0.010171130952381003
0 0.03718694885361552 0.3354389880952381 0.029149029982363326 0.016388888888888876
0 0.014708994708994708 0.3441765873015873 0.028059964726631397 0.021604662698412724
0 0.5507716049382716 0.8467534722222222 0.020079365079365 0.024918154761904888
0 0.5221649029982363 0.8549032738095237 0.00784391534391536 0.012388392857142706
0 0.5679232804232803 0.7671453373015873 0.008368606701939996 0.010426587301587275