0 0.10344444444444444 0.635 0.009527777777777757 0.012932291666666628
0 0.10063888888888887 0.6168645833333334 0.010648148148148136 0.01261458333333323
0 0.12025925925925925 0.620015625 0.012898148148148141 0.008197916666666494
0 0.1625925925925926 0.6706354166666666 0.007851851851851856 0.009776041666666657
0 0.2719166666666667 0.7059583333333334 0.021305555555555522 0.005989583333333393
0 0.33275 0.7209375 0.019620370370370448 0.005046875000000029
0 0.28341666666666665 0.6870364583333333 0.015138888888888936 0.005989583333333393
0 0.28200925925925924 0.681359375 0.012333333333333406 0.0078854166666666
0 0.2506111111111111 0.6137083333333333 0.014574074074074083 0.006937500000000085
0 0.4112407407407407 0.6912916666666666 0.016259259259259157 0.0063072916666667925
0 0.49786111111111114 0.749953125 0.01682407407407409 0.0063072916666667925
0 0.5701851851851851 0.7464791666666667 0.01569444444444454 0.006937500000000085
0 0.7156759259259259 0.6879791666666667 0.018499999999999992 0.008515624999999893
0 0.8191203703703703 0.637203125 0.015694444444444382 0.01103645833333342
0 0.8549999999999999 0.6310572916666667 0.013453703703703784 0.0075677083333333785
0 0.8650925925925924 0.6190729166666665 0.008972222222222272 0.009463541666666764
0 0.9391018518518518 0.588640625 0.008972222222222272 0.012296875000000007
0 0.9138703703703703 0.5831197916666666 0.025787037037036952 0.008828124999999964
0 0.9147129629629629 0.5348697916666667 0.017379629629629613 0.006937500000000085
0 0.8051018518518518 0.569875 0.010092592592592571 0.01072395833333335
0 0.6845648148148148 0.5485885416666666 0.013453703703703626 0.012296875000000007
0 0.6812037037037038 0.5261979166666666 0.020185185185185143 0.005989583333333393
0 0.5886944444444444 0.52209375 0.0213055555555556 0.0066250000000000146
0 0.4336851851851852 0.6081354166666666 0.01991666666666671 0.005484375000000164
0 0.46376851851851847 0.6615260416666666 0.008898148148148108 0.005484375000000164
0 0.3521111111111111 0.6006302083333332 0.015250000000000026 0.004765625000000107
0 0.09613888888888888 0.5540364583333333 0.012055555555555566 0.008395833333333335
0 0.3441018518518518 0.4917239583333333 0.010907407407407355 0.011624999999999908
0 0.26403703703703707 0.4518489583333333 0.00803703703703699 0.009364583333333343
0 0.4462685185185185 0.454109375 0.016648148148148165 0.006781250000000049
0 0.44655555555555554 0.4476510416666667 0.02066666666666666 0.007427083333333329
0 0.2987592592592593 0.42618229166666666 0.010907407407407355 0.009041666666666615
0 0.20921296296296296 0.35644270833333336 0.014351851851851826 0.010979166666666628
0 0.11623148148148148 0.36144791666666665 0.018944444444444427 0.011302083333333357
0 0.5553333333333333 0.32738541666666665 0.016648148148148165 0.016145833333333304
0 0.8687222222222223 0.40422916666666664 0.010907407407407277 0.012916666666666642
0 0.9576944444444444 0.4426510416666666 0.015499999999999799 0.0058125000000000425
0 0.9398981481481482 0.3691979166666667 0.022388888888889052 0.006135416666666682
0 0.8707314814814814 0.2986510416666667 0.01722222222222203 0.007750000000000057
0 0.7855 0.2762135416666667 0.016648148148148165 0.01001041666666671
0 0.05680555555555555 0.367046875 0.02091666666666667 0.012401041666666668
0 0.04351851851851852 0.42443229166666663 0.014694444444444453 0.009536458333333364
0 0.06387037037037037 0.42363541666666665 0.010175925925925929 0.011125000000000006
0 0.5529722222222222 0.2170625 0.01708333333333343 0.011213541666666682
0 0.39538888888888885 0.2655208333333333 0.016138888888888894 0.010947916666666658
0 0.5392037037037037 0.1962395833333333 0.018037037037037053 0.006942708333333369
0 0.4630185185185185 0.19036458333333334 0.021361111111111105 0.006942708333333369
0 0.3930092592592592 0.22480729166666666 0.01898148148148143 0.006942708333333325
0 0.3400925925925926 0.23428645833333334 0.012814814814814845 0.013083333333333336