0 0.28965740740740736 0.298265625 0.013212962962962945 0.007432291666666657
0 0.37502777777777774 0.251859375 0.00867592592592593 0.009369791666666672
0 0.520462962962963 0.277921875 0.007981481481481327 0.002145833333333247
0 0.3816296296296296 0.31404166666666666 0.005351851851851879 0.0039270833333333146
0 0.41129629629629627 0.31372395833333333 0.003148148148148127 0.002239583333333339
0 0.12994444444444445 0.45099999999999996 0.010824074074074059 0.00756250000000005
0 0.1790648148148148 0.46241666666666664 0.012601851851851857 0.006989583333333371
0 0.7192777777777778 0.2806927083333333 0.009481481481481384 0.007874999999999943
0 0.7938333333333333 0.30273958333333334 0.004120370370370412 0.0033854166666666963
0 0.4940740740740741 0.3218958333333333 0.009500000000000045 0.006567708333333311
0 0.40777777777777774 0.36179687499999996 0.009814814814814889 0.00390625
0 0.42995370370370367 0.41328125 0.01212962962962965 0.0067708333333333925
0 0.28785185185185186 0.37188541666666663 0.006203703703703746 0.0026041666666666964
0 0.11869444444444444 0.40621875 0.0045740740740740585 0.003276041666666707
0 0.6578796296296295 0.367046875 0.010518518518518425 0.008072916666666697
0 0.7441666666666666 0.4598177083333333 0.005185185185185206 0.0035937500000001064
0 0.793287037037037 0.491796875 0.004722222222222032 0.003177083333333286
0 0.10059259259259258 0.4741041666666666 0.006064814814814825 0.0031197916666666713
0 0.2538796296296296 0.5115000000000001 0.015518518518518536 0.005817708333333371
0 0.5354166666666667 0.5107291666666667 0.007898148148148071 0.005489583333333314
0 0.8968055555555554 0.558078125 0.007888888888888976 0.00607291666666665
0 0.9120833333333332 0.5928125 0.004935185185185118 0.0024166666666666004
0 0.7600555555555556 0.672390625 0.005305555555555467 0.0028906250000000355
0 0.7160555555555554 0.6975 0.004861111111111111 0.0027083333333331795
0 0.47628703703703695 0.7880520833333333 0.004814814814814857 0.002531250000000007
0 0.45915740740740735 0.7938645833333333 0.010175925925925988 0.0047604166666666
0 0.4822407407407408 0.8204427083333332 0.009694444444444469 0.005171874999999914
0 0.4331851851851852 0.8107604166666667 0.012314814814814825 0.005218749999999872
0 0.3843796296296296 0.7985104166666667 0.0107037037037036 0.006020833333333364
0 0.2804907407407407 0.795171875 0.006194444444444495 0.002833333333333421
0 0.3140555555555556 0.7718802083333334 0.011194444444444448 0.004796875000000078
0 0.3671296296296296 0.7706770833333334 0.012592592592592666 0.006562499999999893
0 0.3398148148148148 0.7354947916666668 0.011666666666666714 0.005260416666666679
0 0.1929907407407407 0.7535677083333333 0.008148148148148158 0.007432291666666657
0 0.14652777777777778 0.7140364583333334 0.008055555555555531 0.0032812500000000354
0 0.17263888888888887 0.6884114583333333 0.0037962962962963176 0.0035937500000001064
0 0.13271296296296298 0.6216822916666667 0.003324074074074051 0.0020312500000001068
0 0.10624074074074073 0.6000364583333333 0.010259259259259284 0.0058802083333333146
0 0.34772222222222227 0.5564374999999999 0.005388888888888961 0.003125
0 0.2927314814814815 0.5681770833333333 0.004907407407407366 0.0029166666666666785
0 0.3106111111111111 0.6000416666666666 0.003435185185185219 0.0019843749999999714
0 0.2205185185185185 0.5571979166666666 0.006314814814814835 0.003968749999999943
0 0.3619537037037037 0.6120208333333332 0.0049259259259260245 0.002989583333333279