0 0.42480555555555555 0.2322552083333333 0.013814814814814724 0.004031249999999975
0 0.4463148148148148 0.23408333333333334 0.009314814814814712 0.006505208333333368
0 0.4430185185185185 0.2284583333333333 0.0150740740740741 0.006442708333333336
0 0.4738888888888888 0.222421875 0.022398148148148146 0.006734375000000003
0 0.4735277777777779 0.22766145833333332 0.011620370370370382 0.005156250000000018
0 0.4942962962962963 0.22863541666666665 0.017166666666666684 0.008510416666666654
0 0.524074074074074 0.22766145833333332 0.017268518518518603 0.00986979166666666
0 0.4963888888888889 0.25593229166666664 0.012138888888888744 0.011348958333333315
0 0.41570370370370363 0.2624375 0.013185185185185194 0.004489583333333336
0 0.3851388888888888 0.2442708333333333 0.01988888888888896 0.006864583333333308
0 0.3693333333333333 0.2516927083333333 0.017583333333333288 0.007578124999999947
0 0.3722685185185185 0.260109375 0.014231481481481486 0.009114583333333304
0 0.3541111111111111 0.23855729166666664 0.009731481481481473 0.008395833333333335
0 0.3420740740740741 0.24312499999999998 0.015388888888888867 0.003979166666666689
0 0.3439537037037037 0.24957291666666664 0.010777777777777765 0.0056927083333333075
0 0.3319722222222222 0.25063020833333327 0.008787037037037019 0.005458333333333343
0 0.3343333333333333 0.2547552083333333 0.016638888888888915 0.006640625
0 0.32668518518518513 0.25584375000000004 0.009101851851851863 0.005874999999999986
0 0.32663888888888887 0.26291145833333335 0.01276851851851851 0.008234374999999971
0 0.30596296296296294 0.24863020833333332 0.021250000000000015 0.006161458333333325
0 0.28132407407407406 0.2562864583333333 0.012981481481481438 0.009703124999999969
0 0.3028796296296296 0.2663541666666666 0.017583333333333367 0.0051145833333333
0 0.2771296296296296 0.2696197916666666 0.012981481481481438 0.007531249999999989
0 0.2641574074074074 0.2728020833333333 0.011305555555555616 0.009182291666666753
0 0.23553703703703702 0.26573437499999997 0.021870370370370373 0.0025989583333332787
0 0.22423148148148148 0.27395312499999996 0.006805555555555603 0.009713541666666714
0 0.23642592592592593 0.28136979166666665 0.01276851851851851 0.008067708333333368
0 0.26253703703703707 0.2814583333333333 0.01810185185185181 0.0053020833333333964
0 0.28550925925925924 0.28101562499999994 0.017166666666666608 0.004416666666666647
0 0.21324074074074073 0.28808333333333336 0.018314814814814815 0.007364583333333385
0 0.19225925925925924 0.2958593749999999 0.020305555555555563 0.008781249999999918
0 0.18100925925925923 0.30042187499999995 0.013499999999999979 0.0067239583333333465
0 0.17100925925925925 0.318265625 0.011722222222222259 0.008265624999999943
0 0.17996296296296294 0.32747916666666665 0.015592592592592562 0.007270833333333382
0 0.16300925925925927 0.332484375 0.018314814814814777 0.009041666666666615
0 0.17080555555555554 0.3418177083333333 0.020509259259259238 0.005854166666666672
0 0.1323888888888889 0.340140625 0.019888888888888918 0.010223958333333361
0 0.15452777777777776 0.351796875 0.0164351851851852 0.008848958333333368
0 0.22292592592592592 0.31905729166666663 0.012555555555555584 0.008088541666666681
0 0.2208240740740741 0.32694791666666667 0.012555555555555584 0.0073854166666667
0 0.2352685185185185 0.3171145833333333 0.017166666666666684 0.00639583333333329
0 0.24615740740740744 0.32677083333333334 0.020509259259259238 0.005921874999999943
0 0.2600185185185185 0.33251041666666664 0.018944444444444503 0.007979166666666603
0 0.2571481481481482 0.34776562499999997 0.017370370370370362 0.006911458333333354
0 0.30068518518518517 0.33798958333333334 0.014027777777777731 0.012333333333333396
0 0.2785462962962963 0.311078125 0.016009259259259227 0.010380208333333396
0 0.3285740740740741 0.31664583333333335 0.02626851851851855 0.006791666666666618
0 0.34442592592592597 0.3496458333333333 0.014444444444444492 0.0078489583333333
0 0.3595 0.35268229166666665 0.02616666666666667 0.0059062499999999575
0 0.4198333333333333 0.34956249999999994 0.019574074074074115 0.010229166666666688
0 0.3338611111111111 0.364046875 0.012555555555555506 0.008588541666666671
0 0.43751851851851853 0.3302447916666667 0.02396296296296296 0.0072135416666665895
0 0.3944537037037037 0.3084895833333333 0.014861111111111016 0.00990624999999996
0 0.39665740740740735 0.29800520833333327 0.01674074074074083 0.010135416666666685
0 0.36798148148148146 0.2910260416666667 0.013814814814814724 0.0109010416666667
0 0.35217592592592595 0.29394270833333336 0.013601851851851915 0.010255208333333331
0 0.37844444444444447 0.28125 0.019675925925925875 0.007833333333333314
0 0.39575925925925926 0.2781875 0.013287037037037111 0.005359375000000011
0 0.4650462962962963 0.290140625 0.01287037037037035 0.008536458333333385
0 0.47828703703703696 0.29641666666666666 0.008370370370370337 0.00813541666666664
0 0.4769259259259259 0.3051614583333333 0.017370370370370362 0.005583333333333318
0 0.503037037037037 0.28667187499999996 0.010148148148148234 0.011604166666666683
0 0.5180555555555556 0.295328125 0.012555555555555506 0.008901041666666654
0 0.5013611111111111 0.26941666666666664 0.021870370370370217 0.005249999999999933
0 0.45478703703703705 0.2465989583333333 0.00826851851851842 0.007401041666666686
0 0.532712962962963 0.2819583333333333 0.012555555555555506 0.013947916666666681
0 0.5603425925925924 0.27689062499999995 0.01339814814814812 0.008531250000000056
0 0.5509166666666666 0.30489062499999997 0.01800000000000005 0.00788541666666669
0 0.5295648148148148 0.30586458333333333 0.01046296296296292 0.005249999999999933
0 0.6199444444444444 0.34519791666666666 0.029620370370370432 0.010276041666666647
0 0.4901111111111111 0.3511197916666666 0.016120370370370393 0.010401041666666711
0 0.5151296296296296 0.36963541666666666 0.014231481481481328 0.009671874999999996
0 0.4666203703703704 0.37957291666666665 0.020194444444444393 0.009026041666666628
0 0.3922592592592592 0.3771875 0.038092592592592525 0.007197916666666604
0 0.2870740740740741 0.39465104166666665 0.011935185185185146 0.010916666666666686
0 0.2778703703703704 0.39423437499999997 0.01569444444444446 0.008916666666666639
0 0.22417592592592592 0.40659895833333326 0.0226018518518519 0.008744791666666706
0 0.20214814814814813 0.39332291666666663 0.015388888888888867 0.008854166666666696
0 0.17373148148148146 0.37344791666666666 0.014648148148148129 0.006192708333333385
0 0.15662037037037038 0.3702395833333333 0.017055555555555556 0.012140624999999971
0 0.12470370370370369 0.36808854166666666 0.027944444444444452 0.010786458333333382
0 0.13950925925925925 0.37733333333333335 0.019462962962962946 0.004546875000000039
0 0.15975925925925924 0.385078125 0.02271296296296299 0.00649479166666671
0 0.14217592592592593 0.389703125 0.011824074074074058 0.008088541666666681
0 0.13102777777777777 0.38522395833333334 0.012138888888888902 0.008557291666666699
0 0.15515740740740738 0.39008333333333334 0.0151759259259259 0.0035104166666666712
0 0.15437037037037035 0.3929114583333333 0.013601851851851837 0.004921875000000053
0 0.11653703703703704 0.41153125 0.011824074074074096 0.01171875
0 0.11276851851851852 0.4212447916666666 0.019361111111111107 0.00770833333333325
0 0.1317685185185185 0.41606249999999995 0.018000000000000013 0.0039427083333333
0 0.1479351851851852 0.43196874999999996 0.016009259259259265 0.009020833333333301
0 0.11973148148148148 0.4356197916666666 0.02323148148148147 0.009260416666666594
0 0.11162037037037036 0.44474479166666664 0.007009259259259239 0.007500000000000106
0 0.1313425925925926 0.44624479166666664 0.014648148148148129 0.00873437500000005
0 0.11752777777777779 0.4510729166666666 0.017166666666666684 0.008973958333333342
0 0.14600000000000002 0.4509270833333333 0.014648148148148129 0.009265624999999921
0 0.09974074074074074 0.47044791666666663 0.014231481481481486 0.008869791666666594
0 0.118 0.47778124999999994 0.017268518518518523 0.008812499999999978
0 0.1401851851851852 0.47984374999999996 0.010574074074074088 0.009401041666666643
0 0.1338611111111111 0.493328125 0.018000000000000013 0.006937499999999907
0 0.16802777777777778 0.4896145833333333 0.00931481481481483 0.005406250000000057
0 0.16206481481481483 0.49632812499999995 0.010148148148148116 0.004718749999999971
0 0.19587037037037033 0.4623541666666666 0.01224074074074074 0.01328125
0 0.2297222222222222 0.4381458333333333 0.018842592592592588 0.008052083333333293
0 0.4672407407407407 0.4213385416666666 0.011620370370370382 0.007187500000000036
0 0.26096296296296295 0.49106249999999996 0.02585185185185179 0.015354166666666735
0 0.21187962962962964 0.49335416666666665 0.01999074074074072 0.011848958333333392
0 0.23804629629629628 0.5063072916666667 0.017898148148148132 0.009484375000000078
0 0.12752777777777777 0.5227083333333333 0.021249999999999977 0.005531249999999943
0 0.1645740740740741 0.5328697916666667 0.0151759259259259 0.011848958333333392
0 0.1478796296296296 0.5401406249999999 0.0150740740740741 0.012854166666666523
0 0.1252777777777778 0.5422604166666667 0.014231481481481486 0.010026041666666607
0 0.1192037037037037 0.539671875 0.009629629629629636 0.00955729166666668
0 0.11135185185185185 0.5390520833333333 0.006490740740740719 0.01126041666666655
0 0.09796296296296296 0.5377864583333333 0.012351851851851867 0.010494791666666715
0 0.13704629629629628 0.5626979166666667 0.02103703703703705 0.009687499999999894
0 0.15389814814814815 0.5639010416666667 0.01454629629629629 0.007333333333333236
0 0.23475000000000001 0.5474270833333332 0.012981481481481517 0.0073124999999999215
0 0.32328703703703704 0.5400989583333333 0.011722222222222219 0.009229166666666622
0 0.4101574074074074 0.5213697916666666 0.022185185185185217 0.01416666666666675
0 0.21177777777777776 0.5832604166666666 0.013916666666666641 0.01431770833333328
0 0.15902777777777777 0.5790781249999999 0.01454629629629629 0.009489583333333228
0 0.16420370370370369 0.5988958333333334 0.01758333333333333 0.008500000000000086
0 0.1862407407407407 0.5945104166666667 0.010361111111111083 0.007374999999999865
0 0.20544444444444443 0.6013697916666667 0.012138888888888902 0.00873437500000005
0 0.22265740740740741 0.6164739583333334 0.021453703703703694 0.004036458333333393
0 0.20277777777777778 0.6224166666666666 0.01517592592592594 0.005088541666666657
0 0.1520648148148148 0.6279270833333332 0.0150740740740741 0.0076197916666666645
0 0.1382037037037037 0.6234531249999999 0.012453703703703706 0.006979166666666714
0 0.12287037037037035 0.6098177083333333 0.01235185185185183 0.014453125
0 0.11967592592592591 0.5945989583333333 0.011194444444444448 0.012854166666666523
0 0.14264814814814814 0.6459895833333332 0.012981481481481478 0.00908333333333342
0 0.18823148148148144 0.6417187499999999 0.021249999999999995 0.0035833333333334496
0 0.236 0.6450729166666667 0.023027777777777755 0.007468750000000135
0 0.21925925925925926 0.6492864583333333 0.010462962962963 0.010968749999999972
0 0.21795370370370368 0.6641822916666666 0.01622222222222223 0.007515624999999915
0 0.22616666666666663 0.6754322916666666 0.013398148148148199 0.011453124999999887
0 0.20214814814814813 0.6764635416666666 0.01224074074074074 0.004739583333333286
0 0.19257407407407404 0.6710156249999999 0.009416666666666709 0.008505208333333236
0 0.20266666666666666 0.6983697916666666 0.009101851851851863 0.010817708333333264
0 0.2479907407407407 0.691359375 0.02103703703703709 0.004375000000000106
0 0.2676111111111111 0.6764895833333332 0.02679629629629632 0.007624999999999993
0 0.30591666666666667 0.6533177083333332 0.029722222222222268 0.009817708333333286
0 0.3370462962962963 0.6388333333333333 0.02920370370370367 0.005822916666666522
0 0.3498148148148148 0.6060625 0.016222222222222193 0.007192708333333364
0 0.4132962962962963 0.5858333333333332 0.015907407407407308 0.008208333333333507
0 0.4587685185185185 0.6028489583333333 0.01810185185185181 0.015380208333333378
0 0.3184722222222222 0.6739114583333333 0.021351851851851775 0.0069010416666666075
0 0.3381018518518518 0.6838593749999999 0.022916666666666665 0.007010416666666686
0 0.24710185185185185 0.72184375 0.013398148148148199 0.007578125000000035
0 0.26368518518518513 0.734328125 0.018944444444444503 0.01086979166666655
0 0.31077777777777776 0.7153958333333332 0.025222222222222257 0.006932291666666579
0 0.3345925925925926 0.7096510416666666 0.014231481481481486 0.011942708333333307
0 0.34667592592592594 0.7078854166666667 0.00994444444444448 0.0060520833333333355
0 0.3515462962962963 0.7147760416666665 0.013814814814814764 0.009937500000000021
0 0.3492962962962963 0.7354479166666665 0.010990740740740771 0.007453124999999972
0 0.33794444444444444 0.739953125 0.015907407407407387 0.013161458333333265
0 0.29948148148148146 0.7451041666666666 0.014342592592592575 0.006973958333333208
0 0.3306111111111111 0.7577083333333332 0.015490740740740784 0.010031250000000113
0 0.3747314814814814 0.7382760416666667 0.025009259259259252 0.006505208333333279
0 0.3806388888888888 0.745578125 0.018416666666666654 0.006031250000000021
0 0.3823148148148148 0.7574427083333333 0.01925925925925927 0.012328124999999978
0 0.4022037037037037 0.7688645833333333 0.017166666666666684 0.005958333333333421
0 0.4508148148148148 0.7608593749999999 0.021453703703703614 0.006286458333333478
0 0.4603333333333333 0.7552343749999999 0.021250000000000095 0.0062239583333331796
0 0.4436944444444444 0.7315624999999999 0.018944444444444427 0.005973958333333229
0 0.47938888888888886 0.7395729166666667 0.02082407407407408 0.007859375000000135
0 0.4492962962962963 0.7133958333333333 0.01925925925925927 0.006229166666666686
0 0.48409259259259263 0.720375 0.01349999999999988 0.009499999999999887
0 0.5342222222222222 0.7064739583333333 0.01580555555555555 0.013593749999999894
0 0.4907407407407407 0.6892239583333333 0.011722222222222299 0.009598958333333307
0 0.5014166666666666 0.7275572916666666 0.011305555555555537 0.006750000000000078
0 0.5488240740740741 0.7659374999999999 0.015907407407407467 0.010052083333333428
0 0.5910555555555556 0.7492135416666666 0.0099444444444444 0.008177083333333179
0 0.6022037037037037 0.7518072916666666 0.013814814814814882 0.008786458333333335
0 0.5793333333333333 0.6949479166666667 0.016638888888888915 0.008973958333333342
0 0.5932037037037037 0.7085520833333334 0.01925925925925927 0.005286458333333322
0 0.6248611111111111 0.7355833333333333 0.015592592592592464 0.01107291666666672
0 0.6505555555555556 0.7397916666666667 0.01339814814814812 0.008307291666666572
0 0.6260648148148148 0.664265625 0.024703703703703814 0.01264062500000005
0 0.6961851851851851 0.7462291666666666 0.014231481481481328 0.007640624999999979
0 0.7120925925925925 0.7535885416666667 0.024277777777777804 0.007072916666666628
0 0.7286296296296295 0.7494375 0.01632407407407407 0.005369791666666579
0 0.7432777777777777 0.74590625 0.012138888888888902 0.003015624999999922
0 0.73925 0.7404895833333333 0.0191481481481481 0.0044322916666667215
0 0.7537499999999999 0.7358958333333334 0.012138888888888902 0.0065572916666667425
0 0.737101851851852 0.7328645833333333 0.014027777777777967 0.006145833333333428
0 0.7285277777777778 0.723796875 0.014444444444444255 0.011046875000000077
0 0.8131944444444444 0.715609375 0.02302777777777768 0.006510416666666607
0 0.814287037037037 0.7226770833333334 0.00931481481481487 0.0041510416666666215
0 0.7881759259259259 0.731390625 0.008166666666666503 0.005557291666666764
0 0.8279444444444443 0.7060833333333333 0.017583333333333447 0.009072916666666764
0 0.8439629629629629 0.7056406249999999 0.008583333333333422 0.008192708333333344
0 0.8006296296296296 0.6899791666666666 0.011509259259259212 0.006552083333333236
0 0.7968148148148148 0.6788802083333334 0.013916666666666641 0.00951562500000005
0 0.5571944444444443 0.6305 0.0169537037037036 0.01519270833333337
0 0.5011018518518519 0.6163072916666665 0.020305555555555563 0.004958333333333264
0 0.5473611111111111 0.5661354166666667 0.01569444444444454 0.007734374999999893
0 0.5478333333333333 0.5868020833333334 0.024175925925925885 0.006270833333333314
0 0.5967592592592592 0.5743177083333333 0.017370370370370362 0.0053333333333332785
0 0.6837777777777778 0.5997604166666666 0.01810185185185181 0.01022395833333345
0 0.7334907407407406 0.5982864583333333 0.01705555555555552 0.00803124999999998
0 0.803037037037037 0.6349895833333333 0.010888888888888774 0.009458333333333258
0 0.7598148148148147 0.6308072916666667 0.0198888888888888 0.004796875000000078
0 0.7614907407407407 0.639171875 0.020722222222222322 0.009265624999999921
0 0.7553148148148148 0.6553333333333333 0.02260185185185182 0.008140625000000058
0 0.8652037037037036 0.6376145833333333 0.012138888888888902 0.011755208333333479
0 0.8495092592592592 0.624859375 0.018416666666666654 0.00845312499999995
0 0.8534351851851852 0.6474739583333333 0.017898148148147976 0.00560937500000005
0 0.866361111111111 0.6509166666666666 0.016120370370370552 0.004020833333333229
0 0.8691851851851851 0.664578125 0.012555555555555506 0.007307291666666771
0 0.8635277777777778 0.6684947916666666 0.015490740740740862 0.009484375000000078
0 0.8442777777777778 0.6681145833333333 0.01632407407407407 0.007307291666666771
0 0.8916851851851851 0.6709687499999999 0.012555555555555506 0.005130208333333286
0 0.8973333333333332 0.664578125 0.013814814814814882 0.007901041666666764
0 0.8644722222222222 0.6145989583333333 0.016740740740740674 0.010135416666666685
0 0.8480925925925926 0.5980833333333333 0.010777777777777765 0.0068749999999999645
0 0.6379074074074075 0.42247916666666663 0.027000000000000076 0.011838541666666735
0 0.5618240740740741 0.37924479166666664 0.019194444444444514 0.008942708333333372
0 0.5396851851851852 0.5117760416666666 0.019962962962962964 0.011255208333333221
0 0.5388518518518519 0.48913020833333326 0.020601851851851906 0.009875000000000078
0 0.6198055555555555 0.5274374999999999 0.018425925925926064 0.008536458333333385
0 0.7055462962962963 0.49690104166666665 0.026111111111111127 0.009130208333333379
0 0.9149814814814814 0.6264687499999999 0.014203703703703734 0.005958333333333421
0 0.8994351851851851 0.6207447916666666 0.01587037037037046 0.008187499999999837
0 0.8803055555555555 0.6124270833333332 0.019583333333333522 0.008109375000000085
0 0.8937407407407407 0.5948177083333333 0.015740740740740635 0.006229166666666686
0 0.9273333333333332 0.59759375 0.021500000000000026 0.007161458333333393
0 0.9336111111111111 0.5733958333333333 0.011518518518518464 0.006604166666666522
0 0.9240092592592593 0.5657291666666666 0.012796296296296342 0.007578125000000035
0 0.9327777777777777 0.56140625 0.017018518518518513 0.0068229166666666785
0 0.9365462962962963 0.5526562499999998 0.018425925925925905 0.007765624999999865
0 0.9156851851851852 0.5559010416666667 0.008962962962963021 0.005916666666666792
0 0.8775555555555554 0.5335052083333333 0.011009259259259352 0.008640624999999957
0 0.8523425925925925 0.5277083333333333 0.012796296296296342 0.012166666666666614
0 0.8336574074074075 0.5206510416666666 0.011259259259259441 0.012447916666666715
0 0.791037037037037 0.5325677083333333 0.009981481481481562 0.008208333333333328
0 0.9309166666666666 0.5099479166666667 0.014333333333333245 0.0082395833333333
0 0.9159444444444444 0.49857291666666664 0.016129629629629803 0.009322916666666714
0 0.8947037037037037 0.5010208333333332 0.018175925925926133 0.00845833333333328
0 0.887787037037037 0.48553645833333337 0.011009259259259352 0.006671874999999971
0 0.9093518518518519 0.4723593749999999 0.015231481481481523 0.011614583333333251
0 0.9122314814814814 0.45079166666666665 0.01587037037037046 0.008072916666666607
0 0.887537037037037 0.4329739583333333 0.016638888888888915 0.012020833333333236
0 0.9116574074074074 0.42296354166666666 0.015740740740740635 0.007838541666666643
0 0.846712962962963 0.44658333333333333 0.013824074074074133 0.011885416666666693
0 0.8382592592592591 0.46436979166666664 0.010240740740740585 0.014343749999999923
0 0.8024259259259259 0.44899479166666667 0.010240740740740585 0.008791666666666665
0 0.8222685185185185 0.4403906249999999 0.014074074074074221 0.0052552083333333496
0 0.8385185185185186 0.43095312499999994 0.014842592592592673 0.00798958333333335
0 0.8611666666666666 0.41846354166666666 0.018175925925926133 0.008197916666666671
0 0.8822222222222221 0.4043854166666666 0.018305555555555644 0.008114583333333236
0 0.921574074074074 0.3955989583333333 0.015101851851851696 0.006578125000000057
0 0.9149259259259259 0.3826354166666667 0.013055555555555366 0.0037083333333332467
0 0.9023796296296297 0.3910989583333333 0.012546296296296253 0.0033437500000000676
0 0.8781296296296296 0.38706770833333326 0.011129629629629613 0.008755208333333275
0 0.8517685185185185 0.38753645833333333 0.012666666666666831 0.011848958333333303
0 0.8995 0.37085937499999994 0.011898148148148064 0.004937500000000039
0 0.8584166666666666 0.3615833333333333 0.015999999999999976 0.004776041666666675
0 0.815287037037037 0.36709375 0.018046296296296303 0.008401041666666753
0 0.8531111111111112 0.3459375 0.022777777777777588 0.01072395833333326
0 0.8776203703703703 0.32379687500000004 0.013435185185185283 0.008911458333333311
0 0.864111111111111 0.32116666666666666 0.019712962962963036 0.004375000000000018
0 0.8130462962962963 0.33171874999999995 0.013305555555555454 0.01323958333333337
0 0.7994166666666666 0.32102604166666665 0.008574074074074171 0.009848958333333347
0 0.8099814814814814 0.31295833333333334 0.019453703703703695 0.0062864583333333
0 0.7657592592592591 0.315625 0.013694444444444306 0.006244791666666671
0 0.750787037037037 0.29697395833333334 0.013694444444444306 0.013578124999999996
0 0.794425925925926 0.29632291666666666 0.015999999999999976 0.010843749999999996
0 0.6555092592592593 0.33677083333333335 0.009722222222222222 0.008223958333333314
0 0.6429629629629628 0.33615625 0.009212962962962952 0.0077187499999999964
0 0.6466111111111111 0.30850520833333334 0.012157407407407561 0.007125000000000004
0 0.6611388888888888 0.30447395833333335 0.013824074074074133 0.0105833333333333
0 0.6040648148148148 0.2733645833333333 0.015361111111111036 0.008833333333333382
0 0.5828796296296296 0.2670989583333333 0.017787037037037122 0.006380208333333304
0 0.5950370370370369 0.2632083333333333 0.016768518518518426 0.007156249999999975
0 0.578212962962963 0.25071875 0.01587037037037046 0.007453124999999972
0 0.5956111111111111 0.24967708333333333 0.016888888888888846 0.014723958333333353
0 0.622361111111111 0.25370312500000003 0.017148148148148183 0.006010416666666618
0 0.6424537037037037 0.2449583333333333 0.015361111111111036 0.013208333333333312
0 0.6296574074074074 0.23376041666666664 0.015361111111111036 0.007369791666666625
0 0.6262685185185185 0.22951041666666666 0.015740740740740795 0.008953125000000029
0 0.6662592592592591 0.23181249999999998 0.018944444444444427 0.00947916666666666
0 0.6698425925925926 0.24596354166666665 0.022009259259259294 0.00781770833333333
0 0.6828333333333333 0.24387499999999998 0.015231481481481523 0.009609375000000054
0 0.6976111111111111 0.2516145833333333 0.015611111111110966 0.008749999999999947
0 0.6725277777777778 0.26893229166666666 0.019194444444444514 0.012265624999999947
0 0.6938981481481481 0.26915104166666665 0.009722222222222222 0.009765625