0 0.41891666666666666 0.11305208333333332 0.013814814814814724 0.00989062500000002
0 0.5883981481481482 0.30050520833333333 0.02116666666666652 0.007005208333333357
0 0.06662037037037037 0.4810520833333333 0.007472222222222216 0.008755208333333365
0 0.2724074074074074 0.6987239583333332 0.016814814814814758 0.009807291666666629
0 0.21232407407407408 0.7073020833333332 0.01618518518518523 0.008057291666666622
0 0.2624444444444444 0.7475833333333333 0.018055555555555554 0.008755208333333365
0 0.5924444444444444 0.7004739583333334 0.026777777777777897 0.011208333333333265
0 0.7948055555555555 0.7333958333333332 0.013074074074073868 0.009104166666666736
0 0.8931851851851851 0.7143072916666666 0.01556481481481487 0.005953124999999915
0 0.6294907407407407 0.63340625 0.01867592592592599 0.008057291666666622
0 0.9887592592592591 0.5861197916666666 0.00996296296296306 0.006656250000000164
0 0.9688333333333332 0.41013020833333336 0.014944444444444432 0.012609375000000079
0 0.8651666666666666 0.333078125 0.010583333333333498 0.008406250000000082
0 0.535787037037037 0.35899479166666665 0.014324074074074152 0.008406250000000082
0 0.03439814814814815 0.552546875 0.012138888888888881 0.015932291666666744