0 0.4273055555555555 0.09953645833333333 0.021203703703703683 0.011010416666666656
0 0.9598148148148147 0.32521875 0.014675925925925842 0.006421874999999933
0 0.5369907407407407 0.35044791666666664 0.01875925925925925 0.008255208333333286
0 0.06074999999999999 0.34976041666666663 0.015490740740740744 0.009630208333333367
0 0.04566666666666666 0.3692552083333333 0.013046296296296294 0.013760416666666674
0 0.2405648148148148 0.5550312500000001 0.019574074074074035 0.015593750000000028
0 0.017120370370370366 0.49379166666666663 0.021203703703703704 0.01146875000000005
0 0.1174259259259259 0.6802552083333333 0.011416666666666665 0.012843749999999866
0 0.1798148148148148 0.7052552083333332 0.017120370370370373 0.007796874999999837
0 0.4093703703703704 0.5341614583333333 0.014675925925926 0.01238541666666677
0 0.7543148148148147 0.68346875 0.01630555555555557 0.009171875000000006
0 0.7816296296296296 0.7302552083333332 0.008972222222222272 0.009171875000000006
0 0.8697037037037036 0.714890625 0.02201851851851839 0.005963541666666572