0 0.485991512345679 0.2057595486111111 0.01677083333333324 0.006232638888888875
0 0.5652777777777779 0.20865885416666669 0.022870370370370412 0.006851128472222179
0 0.6159336419753086 0.20891493055555554 0.01684799382716054 0.00908203125
0 0.5326466049382715 0.22716796874999998 0.018599537037037015 0.00827907986111116
0 0.5528510802469137 0.23493055555555556 0.014787808641975334 0.005794270833333304
0 0.532380401234568 0.2412152777777778 0.016238425925926 0.009359809027777822
0 0.558414351851852 0.2504166666666667 0.01524691358024689 0.008463541666666696
0 0.5823533950617285 0.24801215277777774 0.01433256172839508 0.0053732638888889465
0 0.5943981481481482 0.2533333333333333 0.022565586419752984 0.0091514756944445
0 0.6344984567901235 0.24149305555555553 0.008842592592592603 0.009487847222222179
0 0.6610262345679013 0.2265668402777778 0.011280864197530762 0.008793402777777803
0 0.6707831790123457 0.20968750000000003 0.019209104938271555 0.005479600694444464
0 0.6867168209876543 0.21337673611111113 0.019363425925926 0.0059960937500000535
0 0.41787808641975316 0.20990234375 0.007851080246913493 0.0119140625
0 0.4065933641975309 0.20606336805555556 0.015779320987654284 0.008951822916666696
0 0.3853240740740741 0.20870008680555557 0.01745756172839508 0.007795138888888875
0 0.40167824074074077 0.22339192708333339 0.018904320987654287 0.007588975694444411
0 0.3625308641975309 0.23495008680555557 0.008310185185185207 0.008318142361111124
0 0.37712962962962965 0.24057074652777777 0.01555169753086416 0.008930121527777769
0 0.37983796296296296 0.24833333333333335 0.011817129629629618 0.007280815972222232
0 0.350829475308642 0.25189236111111113 0.017229938271604954 0.009594184027777786
0 0.3695447530864198 0.27880859375 0.015628858024691304 0.010221354166666608
0 0.33531635802469134 0.26476345486111114 0.011967592592592603 0.011002604166666607
0 0.33424768518518516 0.22433593750000003 0.01898148148148151 0.014624565972222215
0 0.3223186728395062 0.21590711805555557 0.014178240740740715 0.011918402777777804
0 0.3117592592592593 0.233984375 0.013800154320987683 0.005959201388888858
0 0.29052854938271605 0.22504123263888892 0.020736882716049364 0.007981770833333356
0 0.2798186728395062 0.2337912326388889 0.02126929012345684 0.009348958333333357
0 0.2817978395061728 0.24258463541666667 0.017303240740740713 0.008055555555555571
0 0.3070717592592593 0.2693142361111111 0.012654320987654287 0.00809895833333334
0 0.4659799382716049 0.30455295138888894 0.02401234567901219 0.010392795138888822
0 0.35814814814814816 0.3108376736111111 0.016315586419753104 0.012239583333333392
0 0.29479552469135806 0.28171006944444443 0.01341820987654319 0.009138454861111178
0 0.2981520061728395 0.2919422743055556 0.018904320987654287 0.009184027777777803
0 0.28969135802469137 0.26288194444444446 0.02210648148148143 0.008951822916666696
0 0.2848495370370371 0.26502604166666666 0.022337962962963014 0.016675347222222213
0 0.2635030864197531 0.2586762152777778 0.013186728395061761 0.005690104166666643
0 0.2566435185185186 0.2631380208333333 0.020810185185185206 0.009466145833333339
0 0.23925925925925923 0.2549001736111111 0.01959104938271605 0.005292968749999983
0 0.23106481481481483 0.24883246527777775 0.018904320987654287 0.009587673611111036
0 0.22801697530864196 0.26757595486111113 0.017685185185185127 0.008674045138888874
0 0.2443287037037037 0.27922092013888894 0.02591820987654327 0.005536024305555642
0 0.2263387345679012 0.29238932291666664 0.019209104938271555 0.005785590277777785
0 0.2922067901234568 0.3087977430555556 0.021651234567901176 0.004275173611111072
0 0.2853819444444445 0.32277994791666664 0.01776234567901235 0.012330729166666731
0 0.25820601851851854 0.31952039930555554 0.017075617283950587 0.01027343750000007
0 0.2238233024691358 0.31199435763888894 0.013568672839506175 0.00855251736111109
0 0.27341435185185187 0.3368294270833333 0.018831018518518525 0.00267144097222225
0 0.20289737654320988 0.32393880208333337 0.011662808641975332 0.010872395833333303
0 0.20293595679012344 0.29380859375 0.020127314814814827 0.00991319444444443
0 0.16409336419753087 0.30864583333333334 0.014864969135802476 0.008435329861111108
0 0.14148919753086422 0.30901475694444447 0.020432098765432095 0.010737847222222197
0 0.12304012345679015 0.32595052083333337 0.017685185185185207 0.008591579861111143
0 0.12029706790123458 0.33673828125000005 0.01402777777777777 0.0065798611111111075
0 0.1318865740740741 0.34973524305555553 0.009147376543209873 0.011134982638888857
0 0.16100694444444444 0.3271527777777778 0.011894290123456802 0.00927734375
0 0.15829861111111113 0.3354709201388889 0.009375 0.00667534722222225
0 0.17209876543209873 0.33159071180555555 0.016388888888888883 0.00829427083333325
0 0.17042052469135804 0.34149739583333333 0.016693672839506176 0.008771701388888876
0 0.15681327160493827 0.3529730902777778 0.01875385802469138 0.005978732638888928
0 0.10996913580246916 0.36974392361111114 0.011817129629629618 0.011458333333333393
0 0.14991512345679012 0.36976562500000004 0.015474537037037056 0.00841145833333341
0 0.21360725308641976 0.3856141493055556 0.030798611111111047 0.007159288194444358
0 0.16077932098765432 0.38503472222222224 0.015092592592592604 0.01046223958333332
0 0.16885802469135802 0.3931640625 0.016010802469135794 0.007497829861111161
0 0.13523919753086422 0.3901605902777778 0.017380401234567897 0.010073784722222267
0 0.11618055555555556 0.39796875 0.01280864197530865 0.008181423611111072
0 0.10836805555555556 0.39762586805555555 0.013186728395061723 0.007152777777777786
0 0.10371527777777777 0.3895399305555556 0.017611882716049364 0.00917317708333334
0 0.17640432098765432 0.40725477430555557 0.01433256172839506 0.008904079861111214
0 0.13863040123456788 0.4121223958333333 0.01623842592592592 0.010746527777777714
0 0.10398148148148147 0.4173589409722222 0.01158564814814815 0.013448350694444323
0 0.1162577160493827 0.4239626736111111 0.01905864197530865 0.005935329861111072
0 0.09391975308641975 0.4264301215277778 0.016466049382716046 0.00400390625
0 0.09754243827160496 0.4333680555555556 0.012881944444444453 0.009422743055555571
0 0.19039351851851855 0.4471158854166667 0.011817129629629618 0.00980034722222225
0 0.18650848765432101 0.41843967013888894 0.008919753086419745 0.008402777777777714
0 0.22332947530864197 0.4229231770833334 0.016084104938271636 0.011875000000000035
0 0.21158950617283953 0.42796440972222227 0.009224537037037095 0.006510416666666607
0 0.14934413580246914 0.46099609375000006 0.013568672839506175 0.015488281250000036
0 0.19390046296296296 0.4577799479166666 0.013950617283950587 0.005622829861111
0 0.1980555555555556 0.4646440972222222 0.011894290123456762 0.007335069444444464
0 0.24471064814814814 0.4676888020833334 0.022870370370370333 0.00724826388888875
0 0.14991512345679012 0.47648220486111115 0.015474537037037056 0.012819010416666643
0 0.12266203703703703 0.4660199652777778 0.015397376543209874 0.0125694444444445
0 0.15246913580246915 0.5106922743055555 0.012199074074074072 0.011436631944444465
0 0.19111882716049383 0.5301888020833334 0.009606481481481507 0.010546875
0 0.12193672839506174 0.5081380208333334 0.017611882716049364 0.006108940972222143
0 0.09552083333333335 0.509084201388889 0.011739969135802476 0.007790798611111071
0 0.396875 0.4821245659722223 0.025308641975308573 0.007473958333333286
0 0.38688657407407406 0.4637651909722223 0.014483024691358063 0.006777343749999965
0 0.3613117283950617 0.42917100694444443 0.02675925925925924 0.008344184027777679
0 0.44917052469135804 0.4370855034722222 0.02317515432098768 0.008305121527777714
0 0.36702932098765434 0.52876953125 0.010748456790123366 0.00858506944444457
0 0.5215162037037037 0.49758463541666664 0.01966820987654327 0.011777343750000035
0 0.47600694444444447 0.4002973090277778 0.011589506172839492 0.011243489583333321
0 0.38288580246913584 0.36323784722222224 0.04612268518518524 0.008980034722222285
0 0.45313657407407404 0.5453428819444445 0.019209104938271555 0.005455729166666678
0 0.2755092592592593 0.5367838541666667 0.017685185185185127 0.01271050347222218
0 0.22942515432098765 0.5503190104166666 0.01151234567901235 0.007510850694444393
0 0.19185185185185183 0.5443967013888888 0.023634259259259237 0.009945746527777822
0 0.2489197530864198 0.5785026041666667 0.020945216049382667 0.011547309027777786
0 0.24536265432098767 0.5986653645833334 0.01844521604938273 0.01121093749999993
0 0.2877314814814815 0.5995290798611111 0.03362654320987654 0.013804253472222073
0 0.30934799382716055 0.6142881944444445 0.02497685185185187 0.011310763888888787
0 0.1375733024691358 0.56396484375 0.014988425925925952 0.008012152777777715
0 0.1494868827160494 0.5687478298611112 0.008881172839506174 0.008747829861111178
0 0.16186342592592592 0.5781467013888889 0.015578703703703706 0.005549045138888787
0 0.19076003086419754 0.5756618923611112 0.00743827160493827 0.009042968750000036
0 0.19324074074074074 0.5834136284722222 0.012025462962963 0.006462673611111036
0 0.14578703703703705 0.5896484375 0.010358796296296309 0.005438368055555642
0 0.2505362654320988 0.6125455729166667 0.00784336419753081 0.0071006944444445
0 0.2735532407407408 0.6113997395833334 0.021608796296296303 0.007309027777777821
0 0.17031635802469136 0.6323654513888889 0.00873070987654319 0.00908854166666675
0 0.17514660493827164 0.6396657986111112 0.005659722222222227 0.006134982638888964
0 0.15392746913580246 0.6349500868055555 0.008510802469135785 0.009401041666666643
0 0.13871913580246914 0.6223328993055556 0.007696759259259286 0.006644965277777715
0 0.21342592592592596 0.6508637152777778 0.01827932098765438 0.0039344618055555
0 0.15807098765432098 0.649709201388889 0.016057098765432088 0.0052039930555555
0 0.24300925925925926 0.6485525173611112 0.00906635802469135 0.008975694444444394
0 0.27251543209876544 0.6415581597222223 0.011840277777777825 0.0079796006944445
0 0.2973804012345679 0.6400998263888888 0.006512345679012397 0.009229600694444428
0 0.2972145061728395 0.6692881944444444 0.013877314814814825 0.004131944444444357
0 0.24304398148148149 0.6682378472222222 0.009729938271604984 0.009359809027777822
0 0.2086689814814815 0.6645963541666667 0.005142746913580254 0.009585503472222178
0 0.19307484567901234 0.6647526041666667 0.02242283950617284 0.005108506944444357
0 0.1635841049382716 0.6704014756944445 0.009178240740740723 0.015021701388888965
0 0.18089891975308645 0.6755338541666667 0.0071026234567901116 0.011623263888889035
0 0.18724537037037037 0.679865451388889 0.007364969135802508 0.011289062500000035
0 0.20110339506172842 0.6757638888888889 0.0066589506172839204 0.007417534722222285
0 0.20062114197530864 0.6830555555555555 0.010879629629629682 0.006569010416666821
0 0.21398148148148147 0.6814344618055557 0.007253086419753095 0.009335937500000035
0 0.2489814814814815 0.6827235243055555 0.010065586419753064 0.007235243055555607
0 0.20903935185185188 0.7021896701388889 0.020682870370370348 0.011595052083333357
0 0.30108024691358026 0.7031879340277778 0.016871141975308666 0.011888020833333356
0 0.31832561728395065 0.6926323784722223 0.010509259259259255 0.012601996527777715
0 0.3349382716049383 0.7069552951388889 0.015023148148148143 0.013094618055555608
0 0.3447993827160494 0.7162109375000001 0.01491126543209881 0.005614149305555571
0 0.32809413580246916 0.7263715277777778 0.011693672839506144 0.006106770833333464
0 0.3232831790123457 0.7312630208333333 0.021311728395061715 0.006729600694444571
0 0.2819328703703704 0.7143576388888889 0.006697530864197492 0.00807074652777775
0 0.2878356481481482 0.7147352430555556 0.00784336419753081 0.004335937499999965
0 0.2872260802469136 0.7294618055555556 0.008695987654321 0.009290364583333498
0 0.26500385802469134 0.7273806423611111 0.007916666666666652 0.00929253472222218
0 0.25603395061728396 0.7267578125 0.008101851851851825 0.006113281250000035
0 0.24746527777777774 0.7275911458333333 0.008364197530864223 0.007779947916666785
0 0.3699614197530865 0.7119943576388889 0.012966820987654318 0.010071614583333322
0 0.37105324074074075 0.6920377604166666 0.01246527777777781 0.013196614583333498
0 0.3984683641975309 0.6922591145833333 0.018557098765432063 0.007096354166666608
0 0.40855709876543217 0.6999631076388889 0.012241512345678985 0.009921875000000035
0 0.38103009259259263 0.7450477430555555 0.010956790123456826 0.004956597222222215
0 0.36104552469135803 0.7502213541666667 0.009000771604938191 0.004984809027777893
0 0.36381558641975315 0.7571875 0.016319444444444445 0.00960503472222225
0 0.34433641975308643 0.7536176215277778 0.010003858024691364 0.00699652777777775
0 0.32843364197530867 0.7550043402777777 0.01967592592592595 0.007723524305555607
0 0.4123842592592593 0.7504730902777778 0.018109567901234573 0.005110677083333392
0 0.42077160493827165 0.7563845486111112 0.010285493827160508 0.00712022569444457
0 0.4331211419753087 0.7628645833333334 0.01576388888888892 0.007996961805555713
0 0.44181327160493833 0.7479557291666666 0.011234567901234508 0.007628038194444286
0 0.43206018518518524 0.7399544270833334 0.012295524691358 0.010638020833333428
0 0.46976080246913576 0.7341536458333333 0.02230324074074067 0.008151041666666714
0 0.4368942901234568 0.7299066840277778 0.018834876543209905 0.005319010416666714
0 0.4962268518518519 0.7477213541666667 0.015875771604938253 0.0071571180555555
0 0.48753472222222227 0.7196853298611111 0.013692129629629493 0.010657552083333322
0 0.4761033950617284 0.7059592013888889 0.009166666666666698 0.012443576388888999
0 0.46987268518518527 0.6943077256944444 0.020289351851851874 0.013348524305555642
0 0.4695100308641975 0.6839431423611112 0.017885802469135903 0.007398003472222215
0 0.5148109567901236 0.7247482638888889 0.015034722222222128 0.006321614583333357
0 0.5179706790123456 0.7337413194444444 0.015983796296296284 0.008391927083333427
0 0.5190895061728396 0.7437413194444444 0.01755015432098759 0.01102864583333325
0 0.539934413580247 0.7416514756944446 0.008942901234567873 0.0060915798611111075
0 0.5440162037037037 0.7300173611111112 0.013749999999999969 0.009626736111111001
0 0.5483217592592593 0.7370746527777778 0.007824074074074221 0.006753472222222179
0 0.5526234567901235 0.7440907118055555 0.01151234567901235 0.00664713541666675
0 0.5587731481481482 0.6998697916666667 0.010397376543209842 0.00885199652777775
0 0.5684413580246914 0.7007031250000001 0.010061728395061682 0.008756510416666785
0 0.597758487654321 0.7104839409722222 0.016824845679012414 0.006171874999999894
0 0.6099729938271605 0.7033007812500001 0.019787808641975366 0.007441406250000071
0 0.614386574074074 0.7165212673611111 0.007600308641975239 0.012962239583333179
0 0.6004128086419753 0.71845703125 0.015428240740740604 0.00751953125
0 0.5906327160493827 0.7226714409722222 0.018221450617283905 0.0066362847222222856
0 0.5714313271604939 0.7233355034722223 0.016601080246913587 0.01292534722222225
0 0.5547762345679013 0.7544683159722223 0.012241512345678985 0.007282986111111178
0 0.5595833333333334 0.7574392361111112 0.009332561728395047 0.004698350694444286
0 0.5783912037037038 0.7576106770833334 0.016543209876543268 0.00906901041666668
0 0.6085185185185185 0.75 0.0070408950617284125 0.009199218750000071
0 0.6147222222222222 0.7595920138888889 0.006929012345679079 0.010766059027777785
0 0.5438503086419754 0.7656315104166668 0.014533179012345777 0.006234809027777644
0 0.5508912037037038 0.7701605902777778 0.01609567901234562 0.00472222222222225
0 0.6628472222222223 0.7504578993055556 0.02079089506172838 0.006087239583333392
0 0.6733564814814815 0.7557118055555556 0.022133487654321014 0.007565104166666536
0 0.6656983024691359 0.7234418402777778 0.01620756172839511 0.0066688368055555
0 0.6548533950617285 0.715881076388889 0.009054783950617207 0.007447916666666643
0 0.6697762345679013 0.7397634548611112 0.011400462962963015 0.01112413194444457
0 0.6854012345679013 0.7494965277777778 0.015370370370370444 0.00894965277777775
0 0.7238271604938272 0.7376410590277779 0.009502314814814857 0.013170572916666502
0 0.685343364197531 0.7167578125 0.01022762345679019 0.00965928819444457
0 0.6644675925925926 0.7064605034722222 0.016431327160493937 0.005902777777777679
0 0.6492091049382717 0.6931271701388889 0.019004629629629715 0.008157552083333287
0 0.6380285493827161 0.6815364583333333 0.014533179012345777 0.004157986111111
0 0.690570987654321 0.7083637152777778 0.007824074074074221 0.006877170138888822
0 0.7440895061728396 0.7216796875 0.012017746913580317 0.01019097222222225
0 0.7677314814814815 0.7145572916666667 0.010563271604938348 0.005258246527777644
0 0.7697993827160494 0.7301888020833334 0.014251543209876634 0.006067708333333322
0 0.7521952160493828 0.6961914062500001 0.008105709876543365 0.009294704861111036
0 0.7729591049382716 0.7004665798611112 0.008495370370370223 0.010800781250000035
0 0.7907060185185186 0.7340256076388889 0.00910879629629638 0.005384114583333499
0 0.7883024691358025 0.7289626736111111 0.016601080246913587 0.0046875
0 0.803167438271605 0.7195117187500001 0.015034722222222286 0.007482638888888715
0 0.7974691358024691 0.6963628472222223 0.02096064814814819 0.0061176215277777505
0 0.7917939814814815 0.68388671875 0.011847993827160508 0.0053993055555555
0 0.7841358024691358 0.6774565972222222 0.011068672839506159 0.005427517361111178
0 0.6857638888888888 0.6655360243055556 0.017997685185185238 0.006113281250000035
0 0.7960416666666668 0.6686480034722223 0.006485339506172889 0.0033832465277777502
0 0.800906635802469 0.6717621527777778 0.01799768518518508 0.0040733506944445
0 0.8344135802469137 0.6810872395833333 0.010787037037037015 0.009635416666666608
0 0.8589776234567901 0.6792165798611112 0.01699074074074076 0.006434461805555536
0 0.8733719135802471 0.6854904513888889 0.007770061728395047 0.005464409722222285
0 0.8776195987654322 0.6914171006944445 0.01358410493827162 0.011924913194444465
0 0.8914544753086421 0.6658007812500001 0.012743055555555492 0.010021701388888892
0 0.8847453703703705 0.6535069444444445 0.02079089506172838 0.006263020833333322
0 0.8690972222222222 0.66330078125 0.008271604938271556 0.011562499999999965
0 0.8524961419753087 0.6553320312500001 0.017102623456790096 0.006137152777777643
0 0.8164429012345679 0.6539322916666668 0.01430941358024711 0.007426215277777893
0 0.8295524691358024 0.63859375 0.015482253086419935 0.003754340277777857
0 0.827175925925926 0.6460329861111112 0.017438271604938098 0.005779079861111214
0 0.7431404320987655 0.6438780381944444 0.018387345679012256 0.00828124999999993
0 0.7794714506172841 0.6279665798611112 0.015034722222222286 0.010201822916666714
0 0.890420524691358 0.6402126736111111 0.022303240740740825 0.010264756944444463
0 0.9150424382716049 0.6314539930555555 0.011624228395061841 0.014891493055555571
0 0.9283140432098766 0.6279513888888889 0.011346450617284 0.013001302083333322
0 0.7224845679012347 0.62271484375 0.017214506172839428 0.011647135416666643
0 0.6630131172839506 0.6155425347222223 0.013190586419753143 0.00484809027777775
0 0.8161072530864197 0.602345920138889 0.016319444444444445 0.010210503472222321
0 0.8214197530864198 0.5754578993055556 0.01687885802469143 0.0086219618055555
0 0.8735378086419754 0.5715082465277779 0.015482253086419935 0.008394097222222285
0 0.9081095679012346 0.5735047743055556 0.007600308641975239 0.004490017361110965
0 0.9149305555555556 0.5926909722222222 0.007376543209876571 0.01124565972222218
0 0.929236111111111 0.59322265625 0.01006172839506184 0.013472222222222285
0 0.9454205246913582 0.590881076388889 0.009444444444444382 0.007313368055555536
0 0.9492476851851851 0.5971723090277778 0.014756944444444444 0.004802517361111214
0 0.9486882716049383 0.6011328125000001 0.011400462962963173 0.0048828125
0 0.9434066358024691 0.6069813368055555 0.014699074074074284 0.005759548611111142
0 0.9248765432098766 0.6093424479166667 0.021014660493827365 0.005878906250000071
0 0.9358333333333333 0.6128472222222222 0.01699074074074076 0.004403211805555607
0 0.9334876543209876 0.6172981770833335 0.017214506172839428 0.0052495659722222145
0 0.524525462962963 0.6475282118055555 0.015378086419753205 0.016690538194444392
0 0.37203703703703705 0.6443598090277778 0.019077932098765397 0.006462673611111036
0 0.4536921296296297 0.6643098958333333 0.014664351851851935 0.006206597222222321
0 0.6338695987654321 0.5645724826388889 0.011959876543209841 0.01656249999999986
0 0.5745717592592593 0.5632508680555556 0.01409722222222219 0.008309461805555607
0 0.5392592592592593 0.5952517361111112 0.01637345679012346 0.0037673611111110005
0 0.6259683641975309 0.5516341145833333 0.02235339506172838 0.012309027777777893
0 0.7328935185185186 0.5615277777777778 0.016373456790123617 0.007267795138888822
0 0.5868865740740741 0.5075694444444445 0.025057870370370317 0.008546006944444429
0 0.6138657407407409 0.5228342013888889 0.009540895061728349 0.008365885416666784
0 0.6239043209876544 0.49751953125000004 0.03189429012345689 0.012196180555555537
0 0.7130324074074074 0.48181640625 0.023348765432098795 0.009624565972222322
0 0.8498611111111113 0.5380512152777779 0.03160879629629644 0.012454427083333464
0 0.8129128086419755 0.5112543402777778 0.021500771604938032 0.010787760416666714
0 0.8995486111111112 0.5227495659722222 0.014807098765432 0.012623697916666643
0 0.8804706790123457 0.5441840277777777 0.024490740740740573 0.011822916666666572
0 0.9332947530864197 0.5536328125 0.018510802469135494 0.014127604166666785
0 0.9569290123456791 0.5516341145833333 0.016801697530864128 0.009103732638888928
0 0.9260339506172841 0.5261176215277777 0.024490740740740573 0.010130208333333357
0 0.967391975308642 0.5220290798611111 0.017226080246913335 0.012463107638888892
0 0.9607716049382716 0.48544921875 0.017654320987654477 0.013684895833333498
0 0.8958487654320989 0.4823242187500001 0.011959876543209841 0.01224175347222225
0 0.9177739197530864 0.46221571180555554 0.018225308641975364 0.012070312500000036
0 0.9403395061728396 0.46449869791666665 0.014378858024691491 0.009427083333333286
0 0.8747762345679013 0.44595269097222223 0.018792438271604952 0.009976128472222179
0 0.8592554012345679 0.4656987847222222 0.012812499999999874 0.00899739583333332
0 0.9476736111111111 0.42949001736111114 0.02676697530864216 0.00828559027777782
0 0.5874537037037038 0.4427452256944445 0.015378086419753205 0.012456597222222143
0 0.6200617283950618 0.4156705729166667 0.015663580246913493 0.010279947916666643
0 0.6683256172839507 0.41855251736111115 0.018792438271604952 0.00638237847222225
0 0.6959066358024691 0.40043836805555555 0.006666666666666762 0.004327256944444491
0 0.6933217592592592 0.40465711805555554 0.0050347222222222225 0.0049218749999999645
0 0.8072916666666666 0.39007595486111113 0.018811728395061778 0.009765625
0 0.8579745370370371 0.39973958333333337 0.014023919753086665 0.013587239583333365
0 0.8712422839506173 0.3833463541666667 0.017719907407407556 0.007476128472222144
0 0.896940586419753 0.37899739583333336 0.02679012345678997 0.006338975694444482
0 0.9407368827160494 0.38402994791666667 0.01897762345678997 0.008374565972222215
0 0.9283912037037036 0.40706597222222224 0.018476080246913777 0.00768012152777775
0 0.701099537037037 0.3202712673611111 0.03552469135802462 0.012651909722222233
0 0.6371527777777778 0.3661284722222222 0.013101851851851936 0.0038107638888888575
0 0.5811381172839506 0.3811545138888889 0.012596450617283967 0.003990885416666678
0 0.8148495370370371 0.32466362847222224 0.010412808641975364 0.007851562499999964
0 0.8245910493827162 0.3253276909722222 0.011084104938271366 0.008591579861111143
0 0.897403549382716 0.3472265625 0.01830632716049365 0.007601996527777821
0 0.919320987654321 0.3558268229166667 0.019818672839506096 0.00929904513888884
0 0.9040779320987654 0.3612131076388889 0.01755015432098743 0.00986328125
0 0.9011805555555555 0.33201171875 0.00907021604938273 0.005911458333333286
0 0.8898881172839508 0.3189496527777778 0.014023919753086665 0.010006510416666715
0 0.8769945987654322 0.31561631944444446 0.016458333333333207 0.007593315972222214
0 0.9028626543209877 0.3073459201388889 0.00907021604938273 0.008003472222222285
0 0.873846450617284 0.28530164930555557 0.01083333333333327 0.011940104166666642
0 0.8553703703703703 0.28953342013888894 0.014193672839506158 0.010223524305555554
0 0.8315200617283952 0.2942599826388889 0.008144290123456698 0.008337673611111106
0 0.8018325617283951 0.2840060763888889 0.01461419753086438 0.007669270833333375
0 0.7831481481481481 0.29955078125 0.01083333333333327 0.009474826388888857
0 0.8284992283950616 0.2717209201388889 0.01083333333333327 0.009552951388888875
0 0.8366010802469136 0.2652690972222222 0.00890046296296292 0.006571180555555589
0 0.7816705246913581 0.23267578125000005 0.007993827160493714 0.008016493055555607
0 0.8365779320987654 0.2549001736111111 0.01436728395061727 0.008971354166666678
0 0.7616859567901234 0.24480034722222221 0.014733796296296318 0.005644531250000018
0 0.7682677469135804 0.23125 0.014104938271604953 0.006634114583333339
0 0.7575848765432098 0.2327213541666667 0.00893518518518527 0.007224392361111142
0 0.7440779320987656 0.22209418402777775 0.011701388888888825 0.0068359375
0 0.7193904320987654 0.21797743055555557 0.016250000000000063 0.0037499999999999643
0 0.7222916666666668 0.22568142361111115 0.006790123456790158 0.008131510416666644
0 0.7038503086419754 0.22703125000000002 0.022777777777777748 0.006801215277777839
0 0.7139853395061728 0.25780598958333334 0.01839120370370379 0.00978515625000007
0 0.6994868827160494 0.2473394097222222 0.011859567901234413 0.007662760416666625
0 0.6823225308641976 0.2456944444444445 0.01358410493827162 0.007897135416666678
0 0.677229938271605 0.2536176215277778 0.0070524691358024765 0.007578125000000035
0 0.6858526234567902 0.2602430555555556 0.01018904320987654 0.007085503472222232
0 0.6188734567901235 0.30395616319444446 0.009872685185185207 0.005397135416666643