0 0.14953703703703702 0.27121874999999995 0.02947222222222222 0.006380208333333304
0 0.16854629629629628 0.2731458333333333 0.01492592592592593 0.005484374999999986
0 0.18637962962962962 0.2594114583333333 0.013046296296296273 0.007588541666666693
0 0.21975 0.2555052083333333 0.03173148148148144 0.008218749999999986
0 0.19187037037037033 0.24771354166666665 0.010509259259259255 0.004781250000000003
0 0.19229629629629627 0.24142708333333332 0.015675925925925958 0.003828124999999982
0 0.19835185185185186 0.23778125 0.019333333333333355 0.003932291666666643
0 0.22811111111111113 0.22178124999999999 0.009388888888888875 0.011000000000000032
0 0.2695092592592592 0.24100520833333333 0.022342592592592563 0.0050937499999999854
0 0.29677777777777775 0.255796875 0.012481481481481498 0.013552083333333353
0 0.2637777777777778 0.2701614583333333 0.01313888888888894 0.008489583333333339
0 0.3091203703703704 0.22843229166666665 0.019333333333333355 0.005296874999999979
0 0.2970555555555556 0.22233333333333333 0.02637962962962964 0.009468750000000003
0 0.2789444444444444 0.20546354166666667 0.02562962962962961 0.006880208333333382
0 0.31672222222222224 0.19198958333333332 0.012388888888888911 0.012671875000000022
0 0.32441666666666663 0.18511979166666664 0.018027777777777802 0.010546875
0 0.33160185185185187 0.19660416666666666 0.008916666666666689 0.014536458333333302
0 0.3840277777777778 0.1808125 0.033601851851851765 0.009854166666666631
0 0.4028981481481481 0.16919270833333333 0.02778703703703703 0.007734375000000027
0 0.40862037037037036 0.18810416666666668 0.015583333333333371 0.011760416666666672
0 0.4408703703703703 0.1926145833333333 0.017175925925925935 0.010364583333333321
0 0.45663888888888887 0.18076041666666667 0.02637962962962964 0.012921874999999972
0 0.4814722222222222 0.17550520833333333 0.018962962962962928 0.010328125000000021
0 0.37755555555555553 0.20896875 0.0191481481481481 0.00596354166666666
0 0.35624074074074075 0.204875 0.012203703703703658 0.005697916666666724
0 0.38975925925925925 0.22330729166666666 0.028537037037037135 0.011942708333333307
0 0.43974074074074077 0.218765625 0.01887037037037042 0.007078125000000046
0 0.4220925925925926 0.239734375 0.017175925925925935 0.012057291666666626
0 0.4819351851851852 0.22441666666666665 0.017648148148148045 0.010989583333333375
0 0.46786111111111106 0.25935416666666666 0.030787037037036984 0.007473958333333375
0 0.405712962962963 0.2635520833333333 0.02215740740740731 0.00795312499999996
0 0.3841666666666666 0.25945833333333335 0.012675925925925924 0.005572916666666661
0 0.17544444444444443 0.28703124999999996 0.03022222222222221 0.012135416666666643
0 0.19318518518518515 0.29590625 0.015398148148148117 0.010875000000000056
0 0.49799074074074073 0.16745312499999998 0.014083333333333314 0.006369791666666691
0 0.525824074074074 0.18858333333333333 0.008731481481481593 0.006385416666666676
0 0.5472222222222223 0.19227604166666667 0.01605555555555548 0.005234374999999991
0 0.563324074074074 0.16875 0.020842592592592583 0.01265624999999999
0 0.569 0.18422395833333333 0.013796296296296381 0.01298437499999996
0 0.5857592592592593 0.17941666666666667 0.015018518518518596 0.0044218750000000195
0 0.5873518518518518 0.1868125 0.016333333333333477 0.00865104166666666
0 0.5820092592592593 0.19460416666666663 0.022527777777777657 0.006921874999999966
0 0.5637037037037036 0.19830208333333332 0.010324074074074159 0.011036458333333355
0 0.6094166666666666 0.20442708333333331 0.02102777777777776 0.006390624999999961
0 0.6252777777777777 0.186046875 0.016712962962962923 0.00976041666666667
0 0.6398333333333333 0.18163541666666666 0.019527777777777703 0.00804166666666668
0 0.6794444444444443 0.181609375 0.015398148148148197 0.013562499999999967
0 0.7334166666666666 0.18710416666666668 0.019333333333333435 0.011874999999999991
0 0.6822592592592593 0.2017083333333333 0.017268518518518603 0.008874999999999989
0 0.6372037037037036 0.20041666666666663 0.020277777777777808 0.008927083333333318
0 0.6399722222222222 0.20815104166666662 0.018305555555555485 0.0078125
0 0.7320555555555555 0.21092708333333335 0.016240740740740812 0.005656250000000007
0 0.7104722222222222 0.23364062499999996 0.015675925925925958 0.019401041666666695
0 0.5928425925925925 0.22880208333333335 0.014925925925925771 0.009208333333333308
0 0.5383981481481481 0.23163020833333334 0.01887037037037042 0.00905208333333336
0 0.5727592592592592 0.2520989583333333 0.01999074074074072 0.004041666666666633
0 0.6281944444444445 0.254578125 0.009759259259259226 0.010067708333333324
0 0.6378611111111111 0.25753645833333333 0.010324074074074159 0.009645833333333353
0 0.6506296296296296 0.23588020833333329 0.018583333333333327 0.0064635416666666504
0 0.6377685185185185 0.2447552083333333 0.013888888888888888 0.007312500000000011
0 0.7445925925925925 0.25119791666666663 0.024027777777777714 0.01359895833333331
0 0.7714351851851851 0.25109375 0.011638888888888725 0.01154166666666665
0 0.7641666666666665 0.22433854166666664 0.010416666666666666 0.007145833333333318
0 0.802324074074074 0.23038541666666665 0.015583333333333371 0.008749999999999947
0 0.7986574074074073 0.21211458333333333 0.009759259259259226 0.00961979166666671
0 0.8352685185185185 0.22146354166666665 0.014648148148148089 0.010364583333333321
0 0.8224999999999999 0.234640625 0.018398148148148153 0.004999999999999982
0 0.8436759259259259 0.23485416666666667 0.009861111111111301 0.010213541666666704
0 0.8535277777777778 0.23767708333333332 0.013611111111111048 0.010057291666666668
0 0.8535277777777778 0.2589375 0.012675925925926082 0.011916666666666664
0 0.8320833333333332 0.2711927083333333 0.015768518518518387 0.006854166666666739
0 0.8648425925925926 0.26553645833333334 0.014453703703703505 0.0076197916666666645
0 0.8696296296296296 0.27470312499999994 0.015768518518518387 0.0077760416666667
0 0.8905648148148148 0.27390624999999996 0.006944444444444444 0.010416666666666696
0 0.8288888888888888 0.28590625000000003 0.020648148148148002 0.008598958333333328
0 0.8455925925925925 0.29269791666666667 0.013518518518518539 0.017125000000000057
0 0.875074074074074 0.29055729166666666 0.018398148148148153 0.009151041666666604
0 0.8725833333333333 0.3032552083333333 0.0113611111111112 0.012442708333333385
0 0.9098518518518517 0.28442708333333333 0.017370370370370362 0.005343750000000025
0 0.9239351851851852 0.29615625 0.018305555555555644 0.007671875000000039
0 0.944537037037037 0.3075364583333333 0.011638888888888725 0.014072916666666657
0 0.9292407407407407 0.3175989583333333 0.013333333333333523 0.004354166666666615
0 0.9385277777777777 0.31999999999999995 0.011638888888888725 0.005359375000000011
0 0.8044351851851851 0.33429166666666665 0.012296296296296166 0.012135416666666643
0 0.7416296296296296 0.2946770833333333 0.01417592592592598 0.0068281249999999185
0 0.6972777777777778 0.3073229166666666 0.02102777777777776 0.007312500000000011
0 0.6318055555555555 0.313 0.010231481481481492 0.006156249999999997
0 0.5601296296296296 0.32927083333333335 0.014453703703703663 0.005265624999999918
0 0.686574074074074 0.34494791666666663 0.017648148148148045 0.004937500000000039
0 0.8857777777777778 0.35573958333333333 0.01426851851851849 0.009093749999999989
0 0.8985833333333334 0.3623385416666667 0.017370370370370362 0.0064583333333334105
0 0.9254814814814813 0.3841510416666667 0.009574074074073893 0.010114583333333371
0 0.9586203703703703 0.3731145833333333 0.009009259259259276 0.013223958333333386
0 0.9602129629629629 0.42242187499999995 0.015203703703703771 0.010979166666666628
0 0.7739259259259259 0.38690104166666667 0.024314814814814806 0.005942708333333347
0 0.6552222222222223 0.4223020833333333 0.024407407407407315 0.004932291666666621
0 0.5544074074074073 0.38607291666666665 0.027037037037037078 0.012729166666666725
0 0.5142777777777777 0.3629583333333333 0.021870370370370217 0.004447916666666618
0 0.48583333333333334 0.3813697916666666 0.016990740740740605 0.004380208333333346
0 0.450537037037037 0.38120833333333326 0.013990740740740805 0.009348958333333357
0 0.4367407407407407 0.426953125 0.007981481481481485 0.005781249999999893
0 0.5005740740740741 0.41746874999999994 0.01173148148148155 0.009526041666666707
0 0.7725648148148149 0.4442239583333333 0.011268518518518691 0.011812500000000092
0 0.833398148148148 0.4662239583333333 0.021027777777777916 0.0067031249999999435
0 0.5291574074074075 0.4633385416666666 0.013703703703703714 0.006979166666666714
0 0.37924074074074066 0.3361822916666667 0.04130555555555557 0.010640625000000004
0 0.2878611111111111 0.3731041666666667 0.01530555555555553 0.007390625000000028
0 0.3447407407407407 0.39864062499999997 0.006101851851851908 0.010411458333333323
0 0.3641759259259259 0.42673958333333334 0.006666666666666762 0.009583333333333322
0 0.3120277777777778 0.4275052083333333 0.021777777777777788 0.010588541666666628
0 0.24669444444444444 0.3970572916666667 0.009759259259259226 0.011468750000000005
0 0.30362962962962964 0.33902083333333327 0.009296296296296289 0.008927083333333386
0 0.2864537037037037 0.33571875 0.011925925925925895 0.009187500000000081
0 0.23106481481481483 0.32940625 0.010046296296296317 0.010822916666666682
0 0.222287037037037 0.31229687500000003 0.016518518518518495 0.0040520833333332895
0 0.20764814814814814 0.31229687500000003 0.009759259259259304 0.006161458333333325
0 0.16727777777777778 0.3191614583333333 0.010888888888888894 0.0093385416666667
0 0.14869444444444443 0.31659895833333335 0.008259259259259287 0.008963541666666686
0 0.10030555555555555 0.31554166666666666 0.01812037037037035 0.00684895833333341
0 0.09518518518518518 0.32681770833333335 0.016148148148148148 0.006697916666666614
0 0.11471296296296296 0.34890104166666663 0.011638888888888883 0.014953124999999989
0 0.13635185185185184 0.33226041666666667 0.006101851851851829 0.008078125000000025
0 0.14225925925925922 0.34084375 0.018675925925925953 0.00781770833333333
0 0.19093518518518518 0.337015625 0.010138888888888904 0.009135416666666618
0 0.2155277777777778 0.33172916666666663 0.012018518518518562 0.009880208333333317
0 0.18699074074074074 0.34810416666666666 0.005259259259259292 0.008083333333333354
0 0.22289814814814812 0.38909374999999996 0.009481481481481464 0.007687500000000025
0 0.09856481481481481 0.3753333333333333 0.016898148148148134 0.006041666666666589
0 0.08448148148148148 0.3661458333333333 0.011268518518518513 0.008781249999999918
0 0.07772222222222222 0.37464583333333334 0.01351851851851852 0.005723958333333367
0 0.08288888888888887 0.37863541666666667 0.008824074074074081 0.010005208333333382
0 0.07960185185185185 0.4063385416666666 0.02027777777777778 0.009968749999999993
0 0.1102037037037037 0.42389062499999997 0.012388888888888871 0.009166666666666679
0 0.11654629629629629 0.431265625 0.02130555555555556 0.004989583333333237
0 0.11419444444444442 0.439078125 0.020370370370370358 0.006838541666666665
0 0.14193518518518516 0.4338541666666666 0.013518518518518539 0.013333333333333286
0 0.2151574074074074 0.41343749999999996 0.016518518518518495 0.008937500000000043
0 0.2180185185185185 0.41924479166666667 0.007981481481481485 0.0069010416666666075
0 0.21675 0.4512239583333333 0.011453703703703707 0.007864583333333286
0 0.21374999999999997 0.4612604166666666 0.01746296296296295 0.005859375
0 0.19529629629629627 0.4645625 0.0141759259259259 0.012890625
0 0.1924351851851852 0.47549479166666664 0.01313888888888886 0.008546875000000042
0 0.2504074074074074 0.4922083333333333 0.016425925925925906 0.011546874999999979
0 0.2369814814814815 0.4946927083333333 0.011166666666666616 0.009750000000000014
0 0.21562037037037038 0.4986302083333333 0.012583333333333337 0.012380208333333264
0 0.10813888888888891 0.4635052083333333 0.02778703703703703 0.015005208333333363
0 0.08134259259259259 0.4594635416666666 0.0109814814814815 0.011671875000000043
0 0.07894444444444446 0.4545520833333333 0.01708333333333333 0.009239583333333279
0 0.09659259259259258 0.4798541666666667 0.018583333333333327 0.005979166666666735
0 0.10185185185185185 0.4834947916666666 0.014083333333333354 0.0067968750000000355
0 0.09889814814814814 0.49358854166666666 0.019055555555555555 0.00809895833333325
0 0.12362962962962963 0.4931354166666667 0.02121296296296297 0.005619791666666707
0 0.11358333333333334 0.5001041666666667 0.0131388888888889 0.010010416666666622
0 0.1338148148148148 0.50615625 0.01680555555555555 0.013229166666666714
0 0.17948148148148146 0.5145 0.009009259259259276 0.009208333333333308
0 0.11414814814814815 0.5236927083333333 0.004509259259259263 0.007723958333333236
0 0.09162037037037038 0.5072083333333334 0.015768518518518515 0.009005208333333315
0 0.07908333333333332 0.5163489583333333 0.025814814814814815 0.012447916666666715
0 0.0740648148148148 0.5296614583333333 0.015203703703703692 0.011609374999999922
0 0.09541666666666665 0.5347552083333333 0.02037037037037037 0.012526041666666644
0 0.12212962962962963 0.5324583333333333 0.01671296296296296 0.00919791666666665
0 0.3131111111111111 0.5464479166666667 0.01774074074074071 0.008151041666666714
0 0.31611111111111106 0.5188802083333333 0.015490740740740784 0.012744791666666621
0 0.3496759259259259 0.5213333333333333 0.02628703703703701 0.00610937499999995
0 0.3666203703703703 0.5286458333333333 0.019620370370370368 0.008901041666666564
0 0.40974999999999995 0.5236302083333333 0.022527777777777817 0.009432291666666615
0 0.4195092592592592 0.503640625 0.02553703703703702 0.008140625000000058
0 0.3963703703703704 0.45877083333333335 0.007981481481481485 0.012921874999999972
0 0.3524907407407407 0.47234374999999995 0.02064814814814808 0.007333333333333236
0 0.4894444444444444 0.522390625 0.018962962962962928 0.012906249999999985
0 0.30930555555555556 0.5609479166666667 0.03566666666666667 0.0076458333333333075
0 0.33385185185185184 0.572140625 0.019435185185185194 0.007979166666666693
0 0.267537037037037 0.5666510416666666 0.02910185185185183 0.012723958333333308
0 0.19966666666666666 0.5526562499999998 0.029666666666666685 0.004791666666666572
0 0.2286759259259259 0.5732708333333333 0.010138888888888904 0.006953124999999893
0 0.3780648148148148 0.5931562499999999 0.025814814814814863 0.003953125000000135
0 0.16652777777777777 0.5620468750000001 0.010509259259259293 0.010380208333333307
0 0.15062037037037035 0.5604374999999999 0.009296296296296329 0.009796874999999972
0 0.10752777777777776 0.5709479166666667 0.011166666666666656 0.010755208333333321
0 0.0955648148148148 0.5718177083333333 0.009009259259259236 0.009859374999999915
0 0.12081481481481479 0.5926666666666667 0.013703703703703714 0.007718750000000085
0 0.11997222222222222 0.6022239583333333 0.009009259259259276 0.006776041666666721
0 0.12766666666666665 0.6103281249999999 0.016898148148148134 0.008166666666666522
0 0.10799999999999998 0.6038385416666665 0.008351851851851874 0.011583333333333279
0 0.15878703703703703 0.6285572916666666 0.010046296296296317 0.012442708333333208
0 0.2445833333333333 0.606109375 0.026194444444444465 0.004505208333333321
0 0.2643425925925926 0.6119427083333333 0.010138888888888904 0.009697916666666551
0 0.3476111111111111 0.6044687499999999 0.010703703703703679 0.010739583333333335
0 0.34150925925925923 0.6343125000000001 0.021027777777777836 0.008786458333333335
0 0.3419722222222222 0.6508697916666667 0.02947222222222226 0.005854166666666494
0 0.34291666666666665 0.6440312499999999 0.00995370370370373 0.006432291666666678
0 0.26025925925925925 0.6418125 0.01924074074074069 0.012557291666666793
0 0.19924074074074072 0.63634375 0.013611111111111128 0.007432291666666657
0 0.2001388888888889 0.6297447916666666 0.011638888888888883 0.005843749999999837
0 0.2164259259259259 0.6502083333333333 0.015111111111111105 0.005062499999999836
0 0.22121296296296294 0.6544114583333334 0.018490740740740738 0.007651041666666636
0 0.2813796296296296 0.6613489583333333 0.016425925925925906 0.01730208333333323
0 0.17385185185185184 0.6536875 0.014648148148148148 0.015713541666666764
0 0.20769444444444443 0.6676041666666667 0.014546296296296252 0.014505208333333287
0 0.1951111111111111 0.665890625 0.015675925925925958 0.007374999999999865
0 0.1598611111111111 0.6776145833333332 0.015583333333333331 0.0075937500000000215
0 0.14686111111111114 0.6681614583333333 0.009296296296296329 0.010859374999999893
0 0.19937962962962963 0.692171875 0.015203703703703692 0.014510416666666793
0 0.19459259259259257 0.7018906250000001 0.015398148148148117 0.007744791666666551
0 0.24007407407407402 0.7111354166666667 0.023000000000000003 0.0096927083333334
0 0.2908148148148148 0.6878958333333334 0.013703703703703635 0.009677083333333236
0 0.2841481481481481 0.6930989583333333 0.013518518518518539 0.0036822916666666926
0 0.26542592592592595 0.6963958333333332 0.009861111111111064 0.008171875000000028
0 0.2614814814814815 0.7006770833333332 0.010231481481481413 0.00911979166666672
0 0.2800648148148148 0.7008125 0.01812037037037039 0.007520833333333421
0 0.2831203703703703 0.7066979166666666 0.00920370370370378 0.00763541666666665
0 0.2851388888888889 0.7162864583333333 0.01173148148148147 0.006942708333333237
0 0.26799999999999996 0.7170520833333333 0.015018518518518518 0.010963541666666821
0 0.2748055555555556 0.7278541666666667 0.02487962962962966 0.004578124999999922
0 0.3262037037037037 0.7137239583333332 0.01877777777777775 0.009427083333333286
0 0.32146296296296295 0.698171875 0.010231481481481413 0.01068750000000005
0 0.34291666666666665 0.683828125 0.015398148148148117 0.010078124999999893
0 0.3759537037037036 0.7017343749999999 0.016898148148148096 0.009895833333333392
0 0.3714537037037037 0.7144635416666667 0.014648148148148247 0.007947916666666721
0 0.4021481481481481 0.7305208333333333 0.015203703703703613 0.009630208333333279
0 0.3826203703703704 0.7275364583333332 0.013333333333333365 0.008166666666666522
0 0.36727777777777776 0.7394479166666666 0.011731481481481391 0.013510416666666636
0 0.38699074074074075 0.74496875 0.020185185185185143 0.007124999999999914
0 0.39341666666666664 0.7488958333333333 0.01952777777777786 0.005473958333333506
0 0.4366944444444444 0.750796875 0.008824074074074102 0.009276041666666578
0 0.46659259259259256 0.7537031249999999 0.01492592592592593 0.007692708333333265
0 0.47757407407407404 0.7441927083333333 0.013611111111111206 0.009213541666666636
0 0.42852777777777773 0.7062708333333333 0.016898148148148096 0.005765625000000085
0 0.42687962962962955 0.6964218750000001 0.012675925925925924 0.007713541666666579
0 0.4454259259259259 0.703125 0.016898148148148096 0.011614583333333428
0 0.46508333333333335 0.7180989583333333 0.014175925925925823 0.006479166666666636
0 0.47687037037037033 0.711078125 0.012203703703703658 0.010098958333333208
0 0.4937685185185185 0.7325468749999999 0.012203703703703815 0.010270833333333229
0 0.518074074074074 0.7191822916666666 0.02177777777777771 0.0057187499999999504
0 0.5430462962962963 0.7520104166666666 0.01313888888888894 0.014874999999999972
0 0.5559074074074074 0.7487916666666667 0.011824074074074058 0.009489583333333228
0 0.46250925925925923 0.6619010416666666 0.017268518518518444 0.007854166666666629
0 0.5436574074074073 0.6813645833333333 0.03163888888888901 0.0086666666666666
0 0.5441759259259259 0.6656770833333333 0.022157407407407466 0.009416666666666629
0 0.5296203703703704 0.6249010416666666 0.015583333333333213 0.008307291666666572
0 0.5986203703703704 0.6254322916666666 0.014648148148148089 0.011473958333333378
0 0.5804074074074074 0.6447135416666666 0.03229629629629645 0.013072916666666679
0 0.6163148148148149 0.6652552083333333 0.010231481481481492 0.012979166666666764
0 0.5926111111111111 0.6949635416666666 0.01914814814814826 0.008395833333333335
0 0.5866018518518518 0.67978125 0.01238888888888899 0.013515624999999965
0 0.6125648148148148 0.70159375 0.021500000000000026 0.011729166666666657
0 0.6290833333333332 0.71371875 0.010981481481481441 0.011156249999999979
0 0.6240555555555556 0.7247291666666666 0.01821296296296298 0.007307291666666771
0 0.6491666666666667 0.7079843749999999 0.012111111111110991 0.010343750000000007
0 0.6600555555555556 0.7220104166666667 0.016611111111111163 0.00979166666666682
0 0.5734166666666666 0.7369270833333333 0.019055555555555437 0.0052552083333333496
0 0.5858518518518518 0.7415520833333333 0.013888888888888888 0.010859374999999893
0 0.6053796296296295 0.7488958333333333 0.023657407407407367 0.009697916666666551
0 0.6675185185185184 0.7427135416666666 0.014268518518518647 0.006843749999999993
0 0.6774722222222221 0.7412083333333332 0.014648148148148089 0.010427083333333264
0 0.7006574074074075 0.7470208333333332 0.018962962962962928 0.005421874999999865
0 0.7164722222222221 0.7410208333333334 0.018305555555555564 0.011328125
0 0.7399907407407407 0.735765625 0.024777777777777663 0.007578125000000035
0 0.7065277777777776 0.7070364583333333 0.011546296296296296 0.008348958333333378
0 0.7189166666666665 0.7115989583333333 0.012481481481481498 0.00627604166666682
0 0.6904259259259259 0.6869114583333332 0.021592592592592535 0.007177083333333378
0 0.6509074074074074 0.6708541666666666 0.016148148148148148 0.013083333333333336
0 0.7107037037037036 0.6692447916666666 0.026092592592592626 0.006161458333333236
0 0.727361111111111 0.6869375 0.021870370370370373 0.004588541666666579
0 0.7346851851851852 0.706453125 0.018490740740740662 0.004020833333333229
0 0.7576388888888889 0.7006458333333333 0.01858333333333317 0.009296874999999894
0 0.7825648148148148 0.7024635416666667 0.009101851851851785 0.01082291666666677
0 0.772611111111111 0.7129739583333333 0.010231481481481335 0.0035312500000001636
0 0.769935185185185 0.71846875 0.011638888888888725 0.00521875000000005
0 0.7869722222222221 0.7127916666666666 0.009666666666666717 0.006135416666666771
0 0.7986111111111112 0.714453125 0.008916666666666767 0.006911458333333264
0 0.81025 0.71575 0.011925925925926133 0.005713541666666622
0 0.7958425925925926 0.7221666666666666 0.018398148148148153 0.006270833333333314
0 0.7070555555555555 0.63409375 0.02385185185185179 0.014124999999999943
0 0.6624537037037037 0.6385208333333333 0.008685185185185339 0.008036458333333307
0 0.8126018518518517 0.6926145833333333 0.009148148148148355 0.008932291666666713
0 0.8247592592592592 0.693453125 0.010027777777777816 0.007718750000000085
0 0.8436203703703703 0.7025052083333333 0.016499999999999834 0.004828125000000049
0 0.8296666666666666 0.70121875 0.01470370370370391 0.004453125000000035
0 0.8348888888888888 0.7100260416666666 0.01752777777777794 0.006744791666666572
0 0.8323425925925926 0.684234375 0.010796296296296267 0.004067708333333364
0 0.8447037037037036 0.6710729166666667 0.00920370370370386 0.0072083333333333496
0 0.834212962962963 0.6734739583333333 0.005500000000000051 0.004765625000000107
0 0.8334999999999998 0.6683697916666667 0.011564814814814719 0.004979166666666579
0 0.8759907407407408 0.671984375 0.009666666666666717 0.005848958333333343
0 0.8513888888888889 0.657765625 0.016398148148148075 0.007843749999999972
0 0.8146296296296296 0.64159375 0.011879629629629563 0.007828125000000163
0 0.8857592592592592 0.6551614583333334 0.011925925925926133 0.004307291666666657
0 0.8907407407407406 0.65875 0.009148148148148355 0.004718749999999971
0 0.8715925925925926 0.6318229166666666 0.011981481481481638 0.005348958333333265
0 0.8826944444444444 0.62628125 0.01238888888888899 0.008338541666666721
0 0.8479166666666667 0.6116302083333333 0.009462962962962883 0.007276041666666622
0 0.9014629629629629 0.614484375 0.014962962962962933 0.007390625000000028
0 0.8989907407407407 0.5992760416666666 0.01578703703703689 0.0061770833333334
0 0.9294259259259259 0.6206458333333333 0.012490740740740748 0.01064583333333342
0 0.9417962962962961 0.6285624999999999 0.012953703703703606 0.006630208333333343
0 0.9430277777777778 0.6115937499999999 0.016657407407407416 0.007354166666666551
0 0.9350370370370371 0.5967343749999999 0.0187685185185185 0.007177083333333378
0 0.9239259259259259 0.5874375000000001 0.020407407407407478 0.0067968750000000355
0 0.9427222222222222 0.5832395833333333 0.015212962962963022 0.004765625000000107
0 0.934824074074074 0.5772812500000001 0.010953703703703532 0.005572916666666572
0 0.95575 0.5811718749999999 0.008277777777777828 0.008442708333333293
0 0.9630740740740739 0.5670989583333332 0.014185185185185231 0.007187500000000036
0 0.6216203703703703 0.5747083333333334 0.015037037037037099 0.004093750000000007
0 0.5240185185185186 0.5623854166666666 0.006824074074074026 0.006593749999999865
0 0.6779722222222222 0.5390937499999999 0.012666666666666673 0.007520833333333421
0 0.7621666666666667 0.5116562499999999 0.010305555555555656 0.013859375000000007
0 0.8799259259259259 0.5159479166666666 0.014759259259259415 0.010848958333333237
0 0.9277592592592593 0.507875 0.015583333333333371 0.011401041666666778
0 0.9016203703703703 0.5285416666666667 0.010138888888888826 0.008677083333333436
0 0.91675 0.5365677083333333 0.012037037037037143 0.009604166666666636
0 0.9626388888888889 0.5398177083333333 0.012620370370370577 0.00681770833333335
0 0.9703518518518518 0.52453125 0.016166666666666805 0.0066770833333333005
0 0.9666759259259259 0.49601562499999996 0.019379629629629372 0.005781249999999893
0 0.9508055555555555 0.49390624999999994 0.012370370370370488 0.01036979166666665
0 0.9721666666666667 0.45670312499999993 0.013851851851851886 0.008786458333333335