0 0.3078518518518519 0.2514114583333333 0.026370370370370388 0.005932291666666689
0 0.43013888888888885 0.313890625 0.012527777777777752 0.015203125000000029
0 0.15572222222222223 0.30724479166666663 0.01198148148148148 0.009880208333333317
0 0.17848148148148146 0.330265625 0.02075925925925927 0.010557291666666658
0 0.1497314814814815 0.33734375 0.017564814814814787 0.0062864583333333
0 0.19464814814814813 0.34924479166666667 0.009981481481481482 0.008984375
0 0.2756388888888889 0.3488072916666667 0.01019444444444441 0.009677083333333326
0 0.4005462962962963 0.383578125 0.02740740740740743 0.005020833333333386
0 0.507824074074074 0.4141770833333333 0.015916666666666718 0.006640625
0 0.3928055555555555 0.4505 0.009240740740740706 0.010255208333333422
0 0.47150000000000003 0.4736041666666667 0.012583333333333257 0.00649999999999995
0 0.539611111111111 0.5417083333333332 0.015398148148148197 0.0047239583333334775
0 0.14062962962962963 0.38217187499999994 0.01846296296296295 0.00447916666666659
0 0.0646111111111111 0.3941822916666667 0.009046296296296299 0.007739583333333311
0 0.05700925925925926 0.4249270833333333 0.00687962962962963 0.004885416666666665
0 0.06262037037037035 0.4729791666666666 0.010861111111111101 0.008552083333333372
0 0.12469444444444443 0.5938229166666666 0.014120370370370358 0.012828125000000056
0 0.1522777777777778 0.6729479166666665 0.01325925925925924 0.00408333333333335
0 0.14276851851851852 0.6761145833333334 0.021768518518518496 0.008729166666666722
0 0.25425925925925924 0.6700625 0.014018518518518479 0.010979166666666628
0 0.28003703703703703 0.6896302083333332 0.011009259259259272 0.010979166666666628
0 0.31519444444444444 0.7034270833333333 0.017268518518518523 0.005911458333333286
0 0.2870462962962963 0.7205989583333332 0.010509259259259255 0.01126041666666655
0 0.34535185185185185 0.73671875 0.008009259259259239 0.00802604166666665
0 0.3820185185185184 0.6869583333333333 0.020268518518518557 0.007036458333333506
0 0.36829629629629623 0.6301302083333333 0.016222222222222152 0.009036458333333285
0 0.3874537037037037 0.6279375 0.015111111111111105 0.005364583333333428
0 0.4700277777777777 0.6585260416666665 0.011925925925925975 0.012380208333333264
0 0.5433981481481481 0.7204322916666667 0.01925925925925927 0.007223958333333336
0 0.6816111111111111 0.7231822916666666 0.015648148148148286 0.009364583333333343
0 0.6576388888888889 0.7621302083333333 0.01963888888888887 0.0048697916666666785
0 0.7078333333333333 0.6664375 0.027018518518518577 0.007369791666666714
0 0.4306759259259259 0.7645364583333334 0.024564814814814737 0.007369791666666714
0 0.8160648148148147 0.7115937499999999 0.016342592592592572 0.006598958333333372
0 0.922287037037037 0.6560833333333334 0.010055555555555568 0.005890624999999971
0 0.9072037037037036 0.65078125 0.010898148148148027 0.0061302083333332645
0 0.9138333333333334 0.6461302083333333 0.01234259259259242 0.008984375
0 0.9027037037037036 0.630953125 0.015240740740740775 0.010755208333333321
0 0.7204722222222222 0.600515625 0.015250000000000026 0.0059322916666666005
0 0.6099999999999999 0.5639270833333333 0.01009259259259273 0.009968749999999993
0 0.9619814814814814 0.5045520833333332 0.010777777777777765 0.00955208333333335
0 0.9600277777777777 0.43179166666666663 0.011435185185185206 0.011942708333333307
0 0.865462962962963 0.41470312499999995 0.0202499999999999 0.006984375000000043
0 0.8583148148148149 0.37471354166666665 0.014842592592592673 0.01015625
0 0.6342592592592592 0.41838020833333334 0.01123148148148153 0.011734374999999986
0 0.7883148148148147 0.26853645833333334 0.010435185185185169 0.010380208333333307
0 0.6809999999999999 0.25510937499999997 0.020462962962962825 0.0038385416666666394
0 0.607787037037037 0.24518229166666666 0.014444444444444413 0.00834895833333329
0 0.6029722222222222 0.24924479166666663 0.015240740740740775 0.006093750000000053