0 0.5927037037037037 0.259984375 0.030518518518518552 0.010390625000000053
0 0.42296296296296293 0.26411979166666666 0.01939814814814819 0.005458333333333343
0 0.40570370370370373 0.29768229166666665 0.02052777777777774 0.0058385416666666854
0 0.3671296296296296 0.31499999999999995 0.009703703703703721 0.010786458333333382
0 0.31028703703703703 0.3090364583333333 0.017824074074074048 0.008499999999999997
0 0.3908148148148148 0.3419010416666667 0.015111111111111105 0.010276041666666647
0 0.48172222222222216 0.3688020833333333 0.019175925925926013 0.005203124999999975
0 0.39375 0.3561770833333333 0.0128611111111111 0.003807291666666668
0 0.32426851851851846 0.37850520833333334 0.011499999999999962 0.009895833333333303
0 0.25969444444444445 0.2920989583333333 0.01644444444444441 0.007770833333333371
0 0.22210185185185186 0.35598437499999996 0.012277777777777743 0.012458333333333372
0 0.17605555555555555 0.3711510416666667 0.01885185185185186 0.007770833333333371
0 0.15478703703703703 0.38083333333333336 0.009648148148148177 0.012333333333333396
0 0.1379074074074074 0.3705364583333333 0.012712962962962966 0.009250000000000026
0 0.13965740740740742 0.39784895833333334 0.009212962962962952 0.006411458333333319
0 0.09893518518518517 0.4810833333333333 0.00918518518518516 0.00908333333333342
0 0.06252777777777777 0.49595312499999994 0.014879629629629616 0.010328125000000021
0 0.0449537037037037 0.498265625 0.012027777777777773 0.00997395833333332
0 0.21717592592592594 0.5053020833333333 0.01583333333333338 0.007302083333333265
0 0.057305555555555554 0.5637135416666667 0.012666666666666673 0.014427083333333179
0 0.10304629629629629 0.6149114583333334 0.017416666666666657 0.012109375
0 0.15307407407407406 0.660765625 0.022481481481481443 0.005875000000000163
0 0.18899999999999997 0.6520416666666666 0.01583333333333338 0.005875000000000163
0 0.16019444444444442 0.6462552083333333 0.010129629629629615 0.010682291666666722
0 0.27133333333333337 0.6928645833333332 0.01212962962962965 0.0061302083333332645
0 0.2287037037037037 0.7015625 0.01582407407407405 0.005338541666666608
0 0.25119444444444444 0.7475572916666666 0.018138888888888892 0.009651041666666771
0 0.3342685185185185 0.759546875 0.012740740740740759 0.009927083333333364
0 0.4026388888888889 0.7820208333333334 0.014212962962962985 0.007442708333333314
0 0.5523425925925926 0.749671875 0.011046296296296356 0.0121822916666666
0 0.8510092592592593 0.7016041666666666 0.021083333333333423 0.015083333333333292
0 0.7409074074074073 0.7008385416666666 0.012351851851851671 0.012541666666666628
0 0.8424259259259259 0.66678125 0.01175000000000005 0.010843750000000086
0 0.9255648148148148 0.608578125 0.020185185185185143 0.009317708333333207
0 0.7186111111111111 0.6225572916666666 0.010546296296296494 0.007458333333333478
0 0.9730092592592592 0.5568958333333333 0.024101851851852037 0.0072864583333332785
0 0.9697037037037036 0.5427447916666666 0.013259259259259516 0.010843750000000086
0 0.9269259259259259 0.5295260416666666 0.0132592592592592 0.011520833333333336
0 0.9471111111111112 0.4454791666666667 0.022296296296296227 0.006098958333333293
0 0.8934814814814814 0.3822760416666667 0.01807407407407406 0.010843749999999996
0 0.6516481481481481 0.3091666666666667 0.020481481481481326 0.0061250000000000245
0 0.6511851851851851 0.4051406249999999 0.005555555555555556 0.007973958333333364
0 0.6429814814814814 0.40474999999999994 0.012509259259259251 0.0034374999999998933
0 0.4442685185185185 0.4557135416666666 0.015287037037037028 0.006255208333333329
0 0.4633055555555555 0.49526562499999993 0.010564814814814838 0.005317708333333293
0 0.5462685185185185 0.5050364583333333 0.0074999999999999685 0.00390625
0 0.39558333333333334 0.6407604166666666 0.022638888888888983 0.006369791666666735
0 0.3792685185185185 0.64825 0.00932407407407412 0.005619791666666707
0 0.05976851851851851 0.4468177083333333 0.01147222222222223 0.007979166666666693