0 0.16460185185185186 0.7713020833333333 0.01657407407407404 0.018953124999999994
0 0.19692592592592592 0.7676041666666666 0.011722222222222219 0.006328125000000106
0 0.1867222222222222 0.7608802083333334 0.009611111111111133 0.006593749999999865
0 0.17441666666666664 0.7612083333333333 0.010787037037036996 0.006723958333333257
0 0.1532037037037037 0.7371458333333333 0.011953703703703727 0.008437499999999964
0 0.17675925925925925 0.7397812500000001 0.01453703703703704 0.003166666666666629
0 0.13854629629629628 0.7300885416666667 0.030944444444444445 0.005406250000000057
0 0.17394444444444446 0.7201979166666665 0.02156481481481484 0.00909895833333323
0 0.11615740740740742 0.720265625 0.01899074074074076 0.0044843750000000075
0 0.1905925925925926 0.702328125 0.011722222222222219 0.006859374999999978
0 0.17277777777777775 0.7105052083333334 0.015472222222222184 0.0076458333333333075
0 0.1584722222222222 0.7109687499999999 0.010314814814814789 0.006723958333333257
0 0.15249999999999997 0.7158489583333333 0.007740740740740767 0.006723958333333257
0 0.11029629629629628 0.689078125 0.011490740740740751 0.011473958333333378
0 0.18508333333333332 0.67740625 0.012898148148148181 0.00501041666666655
0 0.1597685185185185 0.6764166666666667 0.01570370370370367 0.01015625
0 0.09412037037037037 0.6754947916666667 0.014296296296296291 0.007781250000000029
0 0.1299907407407407 0.6713385416666666 0.02039814814814811 0.012395833333333429
0 0.15050925925925926 0.6694270833333332 0.009379629629629625 0.007781250000000029
0 0.10819444444444443 0.6704843749999999 0.009138888888888906 0.006989583333333371
0 0.12882407407407406 0.660265625 0.019925925925925923 0.0055364583333334496
0 0.07689814814814813 0.6522864583333334 0.011722222222222219 0.011473958333333378
0 0.11721296296296296 0.64859375 0.018287037037037025 0.006989583333333371
0 0.11159259259259259 0.653734375 0.007972222222222195 0.003296875000000021
0 0.14417592592592593 0.6334947916666666 0.016879629629629633 0.008968749999999836
0 0.11182407407407406 0.6303281249999999 0.021101851851851844 0.009229166666666622
0 0.09131481481481482 0.6271666666666667 0.006796296296296303 0.009229166666666622
0 0.11780555555555557 0.6215625 0.01429629629629632 0.008572916666666685
0 0.0981111111111111 0.6232083333333333 0.006796296296296312 0.005802083333333208
0 0.09119444444444444 0.6192552083333334 0.006092592592592608 0.006067708333333322
0 0.07654629629629629 0.606859375 0.01008333333333334 0.009760416666666494
0 0.09763888888888889 0.6071197916666666 0.011953703703703687 0.0076458333333333075
0 0.0899074074074074 0.594 0.012898148148148152 0.0059322916666666005
0 0.16937962962962963 0.6175364583333334 0.013833333333333345 0.0055364583333334496
0 0.09552777777777778 0.5856250000000001 0.01758333333333334 0.006328125000000106
0 0.08123148148148147 0.5861562499999999 0.009611111111111114 0.006328125000000106
0 0.08814814814814816 0.5712552083333333 0.01453703703703703 0.008177083333333179
0 0.0782962962962963 0.579890625 0.008435185185185191 0.009890624999999886
0 0.0782962962962963 0.5644635416666667 0.020629629629629637 0.007255208333333307
0 0.13822222222222222 0.5948958333333334 0.01146296296296296 0.01213541666666682
0 0.1147962962962963 0.5901510416666665 0.0064074074074073825 0.009859374999999915
0 0.12647222222222224 0.5792916666666666 0.014259259259259239 0.011562499999999965
0 0.14787037037037035 0.5715625 0.01006481481481482 0.008848958333333278
0 0.1623425925925926 0.5779322916666667 0.012583333333333297 0.00908333333333342
0 0.15919444444444444 0.585953125 0.007546296296296262 0.011916666666666664
0 0.16275925925925927 0.592859375 0.010907407407407395 0.005192708333333229
0 0.21625 0.6013541666666666 0.014685185185185171 0.009437499999999942
0 0.2274722222222222 0.611203125 0.00943518518518521 0.010734375000000008
0 0.23388888888888887 0.626828125 0.023194444444444427 0.0141354166666666
0 0.08875925925925926 0.5028385416666666 0.017861111111111102 0.005119791666666628
0 0.09541666666666665 0.537796875 0.01925925925925927 0.004531249999999964
0 0.11292592592592589 0.5341562499999999 0.014351851851851826 0.006697916666666614
0 0.1374351851851852 0.5367135416666666 0.015759259259259254 0.009453125000000107
0 0.13778703703703704 0.5432135416666666 0.0164537037037037 0.0035468749999999715
0 0.12833333333333333 0.5525677083333334 0.008749999999999977 0.009255208333333265
0 0.09808333333333334 0.505859375 0.014435185185185202 0.01022395833333345
0 0.10107407407407407 0.51209375 0.011953703703703687 0.00728124999999995
0 0.1206111111111111 0.5101302083333333 0.012194444444444445 0.008963541666666686
0 0.11077777777777777 0.49725 0.013444444444444453 0.007843749999999972
0 0.10132407407407408 0.4973177083333333 0.012444444444444456 0.005739583333333265
0 0.11314814814814814 0.4797447916666666 0.013194444444444444 0.006442708333333336
0 0.11077777777777777 0.48737499999999995 0.011453703703703707 0.006859374999999978
0 0.12248148148148148 0.46826041666666657 0.0154351851851852 0.009520833333333378
0 0.13393518518518518 0.4756822916666666 0.014435185185185162 0.008682291666666763
0 0.14637962962962964 0.47505208333333326 0.01045370370370371 0.008822916666666635
0 0.15310185185185182 0.4829635416666666 0.014435185185185162 0.008401041666666664
0 0.16629629629629628 0.48884895833333336 0.00995370370370369 0.008963541666666686
0 0.16168518518518518 0.4675625 0.020166666666666642 0.005322916666666622
0 0.13741666666666666 0.454609375 0.018916666666666672 0.00490104166666665
0 0.15608333333333332 0.46175 0.0214074074074074 0.006302083333333286
0 0.15621296296296297 0.4506875 0.013194444444444444 0.008822916666666635
0 0.18359259259259259 0.47183333333333327 0.017175925925925935 0.008260416666666614
0 0.16791666666666666 0.4448072916666666 0.0102037037037037 0.00518229166666675
0 0.235 0.4485885416666666 0.023898148148148123 0.006302083333333286
0 0.235 0.47659375 0.026888888888888907 0.006020833333333364
0 0.25616666666666665 0.4747760416666667 0.01045370370370367 0.005739583333333265
0 0.17189814814814813 0.5184635416666666 0.012694444444444406 0.005739583333333265
0 0.17787037037037037 0.511390625 0.014185185185185172 0.010921875000000015
0 0.17276851851851852 0.5424114583333333 0.01593518518518518 0.007703124999999922
0 0.21036111111111108 0.5162239583333333 0.011453703703703707 0.008822916666666635
0 0.22579629629629627 0.5123697916666666 0.023398148148148105 0.006161458333333236
0 0.2645 0.5098541666666666 0.006722222222222188 0.009520833333333378
0 0.2539259259259259 0.5336562499999999 0.017925925925925963 0.010083333333333399
0 0.18235185185185185 0.5559895833333333 0.023148148148148154 0.005739583333333265
0 0.21596296296296297 0.5504583333333334 0.011203703703703698 0.013161458333333265
0 0.22902777777777775 0.5559218749999999 0.016925925925925928 0.012885416666666493
0 0.2539259259259259 0.5513697916666667 0.008962962962962943 0.006859374999999978
0 0.28192592592592597 0.5451406249999999 0.012194444444444407 0.0047604166666666
0 0.3091851851851852 0.566421875 0.00995370370370373 0.008401041666666664
0 0.26960185185185187 0.5713229166666667 0.007962962962962984 0.005322916666666622
0 0.21873148148148147 0.7801302083333332 0.009999999999999985 0.011067708333333393
0 0.23271296296296298 0.7635677083333332 0.014583333333333334 0.013963541666666579
0 0.24630555555555553 0.7709947916666666 0.018916666666666672 0.007093749999999943
0 0.2614814814814815 0.7588020833333333 0.01694444444444443 0.017291666666666573
0 0.27493518518518517 0.7505624999999999 0.020231481481481475 0.006624999999999837
0 0.2536759259259259 0.7453802083333334 0.012546296296296253 0.01066145833333323
0 0.2573888888888889 0.7390416666666667 0.008194444444444492 0.006338541666666764
0 0.28774074074074074 0.731765625 0.010500000000000002 0.008786458333333335
0 0.2961944444444444 0.7560416666666666 0.012546296296296253 0.006338541666666764
0 0.3057962962962963 0.7633854166666667 0.02202777777777772 0.0040312499999998865
0 0.290425925925926 0.7794479166666666 0.019972222222222294 0.008786458333333335
0 0.2719907407407407 0.7924843749999999 0.010240740740740663 0.009218749999999965
0 0.23869444444444446 0.785140625 0.014342592592592575 0.0069166666666667705
0 0.2299907407407407 0.791625 0.021509259259259277 0.005760416666666579
0 0.24095370370370373 0.7050520833333334 0.012027777777777813 0.008010416666666664
0 0.24271296296296296 0.699328125 0.012953703703703686 0.00447395833333335
0 0.27619444444444446 0.6959479166666667 0.01147222222222221 0.00603645833333335
0 0.30625925925925923 0.6796614583333334 0.024972222222222246 0.005723958333333279
0 0.329287037037037 0.7329427083333333 0.01887037037037034 0.006765624999999886
0 0.3241111111111111 0.7460520833333334 0.01442592592592599 0.006973958333333208
0 0.35186111111111107 0.7526614583333332 0.010361111111111161 0.006661458333333314
0 0.3442777777777778 0.7364791666666666 0.00813888888888883 0.0075937500000000215
0 0.3702685185185185 0.7532864583333333 0.014611111111111085 0.005619791666666707
0 0.33932407407407406 0.7110208333333333 0.014749999999999928 0.003348958333333307
0 0.312287037037037 0.7084010416666666 0.012935185185185185 0.007130208333333421
0 0.2925555555555555 0.8067864583333332 0.021416666666666688 0.006515625000000113
0 0.2980185185185185 0.79971875 0.010490740740740752 0.0076197916666666645
0 0.32205555555555554 0.7948020833333332 0.01136111111111112 0.008109375000000085
0 0.3398611111111111 0.7967708333333332 0.01288888888888885 0.009588541666666561
0 0.3314537037037037 0.7910572916666666 0.007861111111111145 0.00454687499999995
0 0.350787037037037 0.813484375 0.008953703703703693 0.007375000000000043
0 0.36870370370370364 0.8341927083333334 0.013324074074074115 0.0038125000000000854
0 0.362037037037037 0.7820833333333332 0.008305555555555582 0.010203125000000136
0 0.3764629629629629 0.7675208333333334 0.01616666666666665 0.008848958333333278
0 0.37897222222222227 0.7869375 0.01682407407407409 0.005901041666666629
0 0.35712037037037037 0.7906875 0.008953703703703653 0.007744791666666551
0 0.3895740740740741 0.7952343749999999 0.011361111111111042 0.008723958333333393
0 0.36687037037037035 0.8017760416666666 0.007990740740740736 0.007260416666666725
0 0.4172407407407407 0.8373802083333333 0.010018518518518565 0.008187500000000014
0 0.42469444444444443 0.829125 0.012046296296296236 0.010468750000000072
0 0.4133611111111111 0.8287239583333333 0.008944444444444363 0.008994791666666658
0 0.4055648148148148 0.8263541666666665 0.00841666666666675 0.009640625000000114
0 0.45817592592592593 0.8293958333333332 0.02104629629629626 0.010317708333333186
0 0.41593518518518513 0.8078385416666667 0.01953703703703711 0.009468749999999915
0 0.4739537037037037 0.824578125 0.022546296296296318 0.007104166666666601
0 0.43698148148148147 0.7861041666666666 0.012324074074074076 0.005244791666666693
0 0.5101851851851852 0.7823854166666667 0.024055555555555625 0.014713541666666607
0 0.48057407407407404 0.8052135416666666 0.01774074074074071 0.007270833333333471
0 0.49725925925925923 0.8082604166666666 0.020444444444444324 0.007609375000000185
0 0.5175462962962963 0.8357395833333332 0.020740740740740823 0.012515624999999985
0 0.5291203703703704 0.8156145833333334 0.013231481481481448 0.007442708333333314
0 0.5437037037037038 0.817390625 0.014731481481481505 0.007947916666666898
0 0.5195 0.8271145833333332 0.013833333333333383 0.008791666666666842
0 0.5587407407407408 0.826609375 0.011722222222222299 0.009130208333333556
0 0.5751203703703703 0.8320208333333333 0.014435185185185162 0.006765624999999886
0 0.613 0.8270312499999999 0.011425925925925798 0.010317708333333186
0 0.6227777777777778 0.8305833333333332 0.008722222222222343 0.009979166666666473
0 0.6453240740740741 0.8329479166666666 0.013527777777777632 0.007609375000000185
0 0.6744814814814815 0.8333697916666665 0.010518518518518425 0.008791666666666842
0 0.6459259259259259 0.8244947916666666 0.009916666666666648 0.008286458333333257
0 0.6504351851851852 0.8189947916666667 0.015333333333333282 0.009468749999999915
0 0.6430648148148148 0.8009895833333334 0.013833333333333383 0.004567708333333353
0 0.6620092592592592 0.8086822916666666 0.022249999999999975 0.004734374999999957
0 0.5310555555555555 0.73484375 0.03501851851851841 0.0112552083333334
0 0.5981759259259258 0.7667343750000001 0.017509259259259283 0.018760416666666658
0 0.6327685185185185 0.775640625 0.013342592592592616 0.012192708333333257
0 0.6865462962962963 0.7866614583333333 0.014175925925925823 0.011723958333333506
0 0.6915462962962963 0.7939322916666666 0.012509259259259251 0.0112552083333334
0 0.7754259259259259 0.8113125 0.02538888888888885 0.008651041666666614
0 0.7468240740740741 0.8220729166666667 0.026814814814814743 0.008046874999999787
0 0.7082037037037037 0.8061822916666666 0.013231481481481448 0.00764583333333313
0 0.7271574074074073 0.8105052083333334 0.004648148148148026 0.006234375000000014
0 0.7428888888888889 0.8096041666666667 0.018240740740740887 0.010458333333333413
0 0.7121388888888889 0.7845572916666665 0.00893518518518527 0.007843749999999972
0 0.7207222222222222 0.7850624999999999 0.009657407407407467 0.009250000000000114
0 0.7655925925925926 0.7985364583333332 0.012157407407407403 0.003619791666666483
0 0.7725648148148149 0.7837552083333332 0.013944444444444395 0.006635416666666494
0 0.8474814814814814 0.7785260416666666 0.015731481481481385 0.009854166666666764
0 0.8317499999999999 0.784359375 0.022888888888888913 0.006635416666666494
0 0.691037037037037 0.7657499999999999 0.01609259259259264 0.005229166666666707
0 0.7092777777777777 0.7637395833333334 0.016805555555555667 0.0076458333333333075
0 0.7189351851851852 0.759015625 0.0196666666666667 0.004625000000000057
0 0.721611111111111 0.7560989583333333 0.017879629629629475 0.00603645833333335
0 0.7294814814814815 0.7478489583333332 0.01073148148148151 0.012874999999999836
0 0.74325 0.7326666666666666 0.010370370370370412 0.014281249999999978
0 0.7670277777777778 0.742421875 0.014305555555555492 0.0076458333333333075
0 0.7590833333333333 0.7366979166666667 0.010268518518518337 0.0049635416666667705
0 0.8078055555555554 0.7282395833333333 0.016935185185185258 0.00546875
0 0.8245555555555555 0.7278854166666666 0.015129629629629448 0.00962499999999995
0 0.8373425925925926 0.7422708333333333 0.013324074074074273 0.005776041666666743
0 0.8477037037037036 0.7399427083333333 0.00954629629629614 0.0061822916666665504
0 0.8493240740740741 0.7347239583333334 0.01314814814814819 0.005270833333333336
0 0.8605740740740739 0.7332552083333332 0.00575925925925939 0.008005208333333336
0 0.7850185185185186 0.715828125 0.014231481481481486 0.00739583333333318
0 0.8360833333333334 0.715828125 0.016574074074074158 0.0047604166666666
0 0.8516666666666666 0.7148177083333334 0.01711111111111102 0.008411458333333321
0 0.8756574074074075 0.7106927083333333 0.009157407407407605 0.008072916666666607
0 0.8749166666666666 0.7303177083333333 0.010638888888889003 0.006125000000000114
0 0.8936018518518518 0.7351875 0.013361111111111275 0.006125000000000114
0 0.8803611111111109 0.7175156250000001 0.011129629629629613 0.0041770833333332645
0 0.8922407407407407 0.7241249999999999 0.008657407407407428 0.005703124999999964
0 0.9216759259259258 0.728578125 0.006675925925925854 0.01015625
0 0.895824074074074 0.7173020833333333 0.0089074074074072 0.00681770833333335
0 0.846712962962963 0.7058229166666667 0.013111111111111186 0.0041770833333332645
0 0.7118888888888888 0.6962916666666666 0.01608333333333323 0.005151041666666601
0 0.7160925925925925 0.7030416666666666 0.015092592592592524 0.0077916666666666854
0 0.7435555555555554 0.6989375 0.016574074074074158 0.008765625000000022
0 0.7588888888888888 0.6944114583333333 0.006675925925925854 0.0072343749999999925
0 0.7830092592592592 0.6853645833333333 0.011379629629629701 0.009463541666666764
0 0.789074074074074 0.6928802083333332 0.016574074074074158 0.006125000000000114
0 0.8151759259259259 0.698515625 0.017814814814814717 0.006260416666666657
0 0.7637129629629628 0.698796875 0.007425925925925804 0.004593750000000086
0 0.8564814814814814 0.7528854166666666 0.021972222222222133 0.007005208333333179
0 0.8934074074074074 0.75390625 0.018796296296296255 0.006244791666666494
0 0.8717777777777778 0.7570260416666666 0.019935185185185056 0.006114583333333279
0 0.8621481481481481 0.7651145833333333 0.012907407407407352 0.007005208333333179
0 0.8744907407407407 0.7633333333333333 0.00996296296296306 0.006244791666666494
0 0.9433425925925925 0.6918593749999999 0.011777777777777804 0.010317708333333364
0 0.9083518518518519 0.6957447916666666 0.01699074074074076 0.007390625000000028
0 0.8669074074074073 0.6938333333333333 0.01653703703703684 0.006369791666666735
0 0.9414166666666666 0.6803958333333332 0.018796296296296255 0.007770833333333371
0 0.8603148148148148 0.689015625 0.016657407407407416 0.0042291666666665504
0 0.8959166666666666 0.6805520833333334 0.014777777777777917 0.006046875000000007
0 0.8749629629629629 0.6742812499999999 0.011555555555555467 0.0046875
0 0.8839629629629628 0.6776822916666667 0.012361111111110922 0.006046875000000007
0 0.905324074074074 0.6772239583333333 0.014777777777777917 0.0066510416666666575
0 0.9364907407407407 0.6744322916666666 0.015851851851851645 0.007406249999999837
0 0.8932129629629628 0.6686145833333332 0.005907407407407403 0.004062500000000036
0 0.9046944444444445 0.6677395833333333 0.008203703703703507 0.006552083333333236
0 0.9297870370370369 0.6685677083333333 0.015092592592592446 0.004338541666666629
0 0.8670462962962963 0.6605416666666667 0.013944444444444395 0.009317708333333207
0 0.8140555555555554 0.6653854166666666 0.012305555555555417 0.00627604166666682
0 0.7986388888888889 0.6570833333333332 0.009351851851851873 0.009781250000000163
0 0.8152037037037037 0.6526510416666665 0.00803703703703699 0.009411458333333478
0 0.8355462962962962 0.6456875 0.010666666666666755 0.005260416666666679
0 0.8331666666666666 0.637703125 0.014759259259259415 0.0057187499999999504
0 0.8195555555555555 0.6299999999999999 0.015416666666666856 0.011901041666666678
0 0.8531018518518518 0.6277864583333332 0.012629629629629827 0.007656249999999964
0 0.8882870370370369 0.6283385416666667 0.016731481481481424 0.007104166666666601
0 0.8266111111111111 0.6206354166666666 0.009185185185185359 0.008489583333333429
0 0.8728703703703704 0.61034375 0.012796296296296342 0.01079687499999995
0 0.9019907407407407 0.6059166666666667 0.018537037037036914 0.007104166666666601
0 0.9292962962962962 0.6051302083333333 0.006231481481481498 0.0121822916666666
0 0.9425833333333333 0.5983489583333332 0.012462962962962997 0.008765625000000022
0 0.9569444444444445 0.6211875 0.01492592592592593 0.009598958333333307
0 0.9531666666666666 0.5967343749999999 0.008694444444444432 0.0075677083333333785
0 0.9629259259259259 0.5961822916666667 0.01050000000000024 0.008302083333333422
0 0.925824074074074 0.5956666666666667 0.0051018518518519485 0.003036458333333236
0 0.9323796296296295 0.5920989583333333 0.017648148148148204 0.0054114583333332075
0 0.9343518518518519 0.5866041666666666 0.012249999999999912 0.007052083333333315
0 0.9444907407407407 0.5833645833333333 0.015018518518518438 0.005166666666666764
0 0.9389444444444444 0.57790625 0.012685185185185332 0.005250000000000021
0 0.9070833333333332 0.5864010416666667 0.0139999999999999 0.002869791666666721
0 0.8925740740740741 0.5805729166666667 0.016481481481481333 0.006973958333333208
0 0.9054074074074074 0.5726979166666666 0.012101851851851898 0.006151041666666579
0 0.9269444444444445 0.6364687499999999 0.015388888888888787 0.008656249999999944
0 0.9306296296296296 0.6465729166666667 0.022768518518518337 0.007937499999999886
0 0.9444166666666667 0.644859375 0.0125 0.00847916666666677
0 0.939287037037037 0.6574843749999999 0.013787037037037129 0.006671874999999971
0 0.9267777777777777 0.5700989583333332 0.009935185185185307 0.008656249999999944
0 0.9072222222222222 0.5503541666666667 0.015074074074073943 0.0048697916666666785
0 0.8919907407407408 0.5594583333333334 0.0076944444444443936 0.00685416666666665
0 0.9351203703703703 0.534390625 0.007370370370370299 0.007213541666666679
0 0.9062592592592592 0.5345729166666666 0.01699074074074076 0.005052083333333357
0 0.8815740740740741 0.5417864583333334 0.022768518518518337 0.005052083333333179
0 0.8618518518518518 0.5457552083333332 0.015388888888888787 0.009380208333333506
0 0.8589629629629628 0.5939739583333333 0.010675925925926005 0.007588541666666693
0 0.8685277777777777 0.5938020833333333 0.008462962962963162 0.004984375000000085
0 0.8350925925925926 0.5901770833333334 0.008861111111110946 0.011104166666666693
0 0.8006481481481482 0.6003177083333332 0.01812962962962956 0.008953125000000029
0 0.7782962962962962 0.632890625 0.01168518518518498 0.008838541666666621
0 0.7566388888888889 0.6529479166666666 0.011074074074074108 0.007249999999999979
0 0.7201851851851852 0.6669947916666666 0.015111111111110947 0.007703124999999922
0 0.723537037037037 0.640875 0.00813888888888875 0.011187499999999951
0 0.6701851851851851 0.6548645833333333 0.010546296296296337 0.006614583333333179
0 0.6678425925925926 0.6496614583333333 0.016333333333333477 0.006890624999999951
0 0.7239537037037037 0.6128333333333333 0.014185185185185231 0.010026041666666607
0 0.7412314814814814 0.5965677083333334 0.01018518518518508 0.0102291666666666
0 0.6668611111111111 0.706640625 0.02087962962962959 0.00886979166666677
0 0.6485370370370369 0.71290625 0.008351851851851834 0.010958333333333315
0 0.6269629629629629 0.6928124999999999 0.010666666666666597 0.007307291666666771
0 0.6336944444444444 0.6881145833333333 0.015768518518518546 0.008348958333333378
0 0.6311388888888888 0.67571875 0.010666666666666597 0.010697916666666706
0 0.5077499999999999 0.6620572916666667 0.00906481481481478 0.009104166666666736
0 0.49707407407407406 0.6667916666666667 0.012296296296296324 0.00728124999999995
0 0.49415740740740743 0.6815364583333332 0.01035185185185191 0.005822916666666522
0 0.4286388888888889 0.7318697916666667 0.0095462962962963 0.006833333333333335
0 0.39002777777777775 0.6608541666666665 0.0190925925925926 0.005859375
0 0.35689814814814813 0.6141354166666667 0.007759259259259268 0.012281250000000021
0 0.37470370370370365 0.6235885416666667 0.009481481481481542 0.0075937500000000215
0 0.3999814814814815 0.6051666666666666 0.015222222222222272 0.006947916666666743
0 0.45412037037037034 0.6241510416666666 0.0080462962962964 0.0096927083333334
0 0.47509259259259257 0.6298072916666666 0.010916666666666686 0.009046874999999944
0 0.4891666666666666 0.6243958333333333 0.012064814814814737 0.006624999999999837
0 0.49390740740740735 0.5959583333333333 0.01349999999999988 0.012119791666666657
0 0.5995185185185185 0.6039895833333333 0.02541666666666676 0.010213541666666793
0 0.5396018518518518 0.587953125 0.020333333333333314 0.005515625000000135
0 0.5363333333333333 0.5999010416666666 0.012342592592592579 0.0057187499999999504
0 0.46715740740740735 0.5737552083333333 0.009805555555555638 0.008171875000000028
0 0.42322222222222217 0.5686510416666666 0.009074074074074031 0.006536458333333428
0 0.3999814814814815 0.576921875 0.014157407407407322 0.005515625000000135
0 0.39652777777777776 0.5667083333333333 0.012342592592592579 0.005515625000000135
0 0.4068148148148148 0.56428125 0.007601851851851886 0.0069166666666667705
0 0.34049999999999997 0.58328125 0.007379629629629628 0.0054114583333332075
0 0.7144259259259259 0.5498541666666666 0.02202777777777772 0.013796874999999886
0 0.6628703703703703 0.5789322916666666 0.014425925925925911 0.007124999999999914
0 0.7071944444444443 0.5577604166666668 0.011611111111111051 0.007520833333333421
0 0.7666388888888889 0.5616197916666665 0.0045740740740740195 0.008114583333333236
0 0.7624166666666666 0.5483645833333333 0.017935185185184978 0.0096927083333334
0 0.7799999999999999 0.5430208333333333 0.009499999999999887 0.010088541666666551
0 0.802861111111111 0.54975 0.008092592592592495 0.0096927083333334
0 0.8253796296296296 0.5405468749999999 0.009499999999999887 0.008312500000000079
0 0.723898148148148 0.5375833333333333 0.01899074074074084 0.005937500000000107
0 0.9524814814814815 0.5195729166666666 0.010055555555555568 0.006572916666666551
0 0.8984074074074073 0.5179635416666667 0.017657407407407455 0.00458333333333325
0 0.9238148148148148 0.5109375 0.015759259259259136 0.009473958333333421
0 0.9429722222222221 0.5146041666666666 0.014944444444444432 0.007947916666666721
0 0.9577777777777778 0.5137604166666666 0.014675925925925842 0.005958333333333421
0 0.9338703703703704 0.5033697916666666 0.015759259259259136 0.005348958333333265
0 0.9053425925925924 0.5048229166666667 0.014675925925925842 0.005499999999999972
0 0.8883611111111109 0.5084895833333333 0.014398148148148 0.00458333333333325
0 0.8825185185185185 0.5037499999999999 0.010870370370370273 0.006114583333333279
0 0.8943333333333333 0.502375 0.014398148148148 0.0073385416666665645
0 0.8265462962962962 0.5032187499999999 0.014129629629629726 0.009322916666666714
0 0.798148148148148 0.5141458333333333 0.01223148148148141 0.011921874999999993
0 0.7897314814814813 0.5016145833333333 0.014398148148148 0.007640624999999979
0 0.802361111111111 0.49671875 0.015212962962963022 0.005197916666666735
0 0.7522314814814813 0.49412500000000004 0.014398148148148 0.010390624999999964
0 0.69775 0.5068854166666666 0.014675925925925842 0.006265624999999986
0 0.6775092592592593 0.5003124999999999 0.01005555555555541 0.009015624999999972
0 0.6883796296296296 0.4942760416666666 0.012231481481481567 0.013145833333333279
0 0.6375648148148149 0.49373958333333334 0.024722222222222315 0.008713541666666736
0 0.6307777777777778 0.48166666666666663 0.008425925925925842 0.006880208333333293
0 0.5879814814814814 0.49121875 0.009777777777777727 0.013145833333333279
0 0.5722222222222222 0.489078125 0.010324074074074159 0.008864583333333264
0 0.6565925925925926 0.46806249999999994 0.01712037037037043 0.005656250000000007
0 0.6322685185185185 0.46714583333333326 0.013046296296296273 0.0074895833333334496
0 0.5730925925925926 0.533078125 0.02335185185185193 0.011458333333333393
0 0.5492407407407407 0.5137968749999999 0.014407407407407409 0.009781249999999986
0 0.5696111111111111 0.5657760416666666 0.019379629629629688 0.008104166666666579
0 0.464537037037037 0.53559375 0.012916666666666762 0.00866145833333345
0 0.4781944444444445 0.5416041666666667 0.012416666666666742 0.007265624999999965
0 0.5196759259259258 0.5611666666666666 0.01788888888888888 0.00447395833333335
0 0.4357129629629629 0.49744791666666666 0.021861111111111123 0.005031250000000043
0 0.464537037037037 0.528046875 0.011925925925925975 0.007546875000000064
0 0.4098518518518518 0.528140625 0.017166666666666684 0.010749999999999992
0 0.38824999999999993 0.5368645833333333 0.007203703703703625 0.009499999999999887
0 0.36650925925925926 0.5130312499999999 0.011907407407407472 0.007010416666666686
0 0.37994444444444436 0.513734375 0.006648148148148102 0.00560937500000005
0 0.3670648148148148 0.5049322916666666 0.01965740740740737 0.007322916666666579
0 0.33023148148148146 0.4903645833333333 0.01965740740740745 0.003427083333333236
0 0.3071111111111111 0.49215625 0.01606481481481481 0.004515624999999979
0 0.35294444444444445 0.4969114583333333 0.021879629629629624 0.007786458333333357
0 0.3764814814814815 0.45819791666666665 0.015231481481481523 0.010437499999999923
0 0.38880555555555557 0.4540729166666667 0.008861111111111104 0.013395833333333407
0 0.3404814814814815 0.44410416666666663 0.015787037037036968 0.012463541666666699
0 0.11174074074074074 0.4285885416666666 0.01363888888888888 0.00703125
0 0.14128703703703702 0.43040104166666665 0.018185185185185186 0.00596354166666675
0 0.12064814814814816 0.419640625 0.0125 0.00532812499999995
0 0.11969444444444445 0.4019583333333333 0.01363888888888888 0.008307291666666706
0 0.14602777777777778 0.410375 0.008712962962962973 0.00596354166666675
0 0.15511111111111112 0.42305208333333333 0.009472222222222252 0.00703125
0 0.13690740740740742 0.39146875 0.013462962962962994 0.006734375000000003
0 0.15 0.40278125 0.01683333333333334 0.004526041666666636
0 0.16412037037037036 0.4143020833333333 0.011037037037037066 0.00546875
0 0.1748796296296296 0.41125 0.010472222222222232 0.008208333333333328
0 0.1904907407407407 0.41340625 0.01327777777777778 0.004312499999999986
0 0.19703703703703704 0.416828125 0.015148148148148187 0.0033645833333332932
0 0.2177037037037037 0.42508333333333326 0.01047222222222225 0.0072604166666666355
0 0.23275925925925922 0.4228229166666667 0.015148148148148187 0.0035781249999999433
0 0.2239722222222222 0.41961458333333324 0.01477777777777776 0.004734374999999957
0 0.2501851851851852 0.42919270833333323 0.011277777777777704 0.011098958333333363
0 0.2681574074074074 0.407984375 0.014333333333333325 0.010437499999999923
0 0.2487777777777778 0.388296875 0.010805555555555518 0.008062500000000038
0 0.17301851851851852 0.3880989583333333 0.017148148148148145 0.0034374999999999822
0 0.16774074074074072 0.38351562499999997 0.00866666666666668 0.004390625000000004
0 0.1753148148148148 0.382703125 0.008314814814814832 0.0031927083333333607
0 0.16324999999999998 0.37665624999999997 0.009731481481481473 0.004104166666666753
0 0.17764814814814814 0.3788229166666667 0.01095370370370369 0.0043333333333333
0 0.17125925925925928 0.3722083333333333 0.011157407407407404 0.004104166666666753
0 0.16212962962962962 0.3705572916666667 0.008722222222222223 0.004677083333333343
0 0.17814814814814814 0.368328125 0.009527777777777796 0.005473958333333329
0 0.18991666666666668 0.3673020833333333 0.0079074074074074 0.004791666666666661
0 0.2035 0.3653645833333333 0.00993518518518523 0.005020833333333386
0 0.21505555555555553 0.3618854166666667 0.011555555555555546 0.0033072916666665895
0 0.2285462962962963 0.36388020833333334 0.014194444444444404 0.0043333333333333
0 0.22287037037037033 0.37083854166666663 0.006083333333333327 0.006385416666666632
0 0.24243518518518517 0.375859375 0.007500000000000047 0.007526041666666661
0 0.25206481481481485 0.3723802083333333 0.01378703703703705 0.003765625000000039
0 0.2945555555555555 0.40175520833333334 0.008314814814814832 0.004791666666666705
0 0.32608333333333334 0.41555729166666666 0.010953703703703768 0.003880208333333357
0 0.3289259259259259 0.4028958333333333 0.010546296296296257 0.005473958333333329
0 0.3509259259259259 0.4091666666666667 0.01034259259259258 0.005020833333333386
0 0.34312037037037035 0.3931979166666667 0.012166666666666654 0.007984374999999932
0 0.33775 0.37711458333333325 0.006287037037037003 0.008671875000000018
0 0.35467592592592595 0.36753125 0.023527777777777734 0.004104166666666753
0 0.3623888888888888 0.3837291666666666 0.016222222222222193 0.004104166666666753
0 0.3627962962962963 0.3924583333333333 0.015009259259259305 0.005588541666666646
0 0.37810185185185186 0.38378645833333336 0.00993518518518515 0.0071874999999999465
0 0.42234259259259255 0.40884374999999995 0.011166666666666616 0.007296874999999936
0 0.44044444444444447 0.41172916666666665 0.009962962962962903 0.006281249999999972
0 0.43078703703703697 0.4256510416666666 0.00573148148148148 0.010354166666666664
0 0.4381851851851852 0.43507291666666664 0.018712962962962997 0.0037343749999999786
0 0.464287037037037 0.424125 0.011166666666666616 0.008656249999999944
0 0.4001574074074074 0.35723958333333333 0.02293518518518517 0.004921875000000053
0 0.4170555555555555 0.38244791666666667 0.01086111111111118 0.004411458333333318
0 0.3900462962962963 0.40214062500000003 0.011166666666666616 0.006453125000000037
0 0.45010185185185186 0.3750677083333333 0.01478703703703701 0.008656249999999944
0 0.6773703703703703 0.5371041666666667 0.011999999999999981 0.003296875000000021
0 0.6246111111111111 0.5144947916666667 0.018148148148148063 0.006124999999999936
0 0.9309074074074074 0.4855104166666666 0.018407407407407404 0.008000000000000007
0 0.9063055555555555 0.49198437500000003 0.009462962962962883 0.005937500000000107
0 0.8671759259259257 0.4902447916666667 0.006916666666666692 0.005119791666666628
0 0.8776388888888889 0.48640624999999993 0.02129629629629619 0.003380208333333279
0 0.886462962962963 0.4892708333333333 0.011287037037037193 0.0037864583333332646
0 0.9119444444444443 0.47678125 0.01200925925925939 0.009932291666666693
0 0.9155833333333334 0.48261458333333335 0.009462962962962883 0.005630208333333364
0 0.9463796296296296 0.4559218749999999 0.007222222222222285 0.008401041666666664
0 0.9275925925925924 0.46026041666666667 0.013009259259259111 0.0056927083333333075
0 0.939398148148148 0.44996354166666663 0.007703703703703645 0.006776041666666721
0 0.900861111111111 0.45361979166666666 0.013490740740740787 0.006505208333333279
0 0.9259074074074074 0.43926041666666665 0.009638888888888964 0.008130208333333222
0 0.9278981481481481 0.4327135416666666 0.008694444444444432 0.005369791666666579
0 0.9259907407407408 0.42907812500000003 0.00954629629629614 0.005489583333333314
0 0.9063703703703703 0.431640625 0.0089074074074072 0.006322916666666778
0 0.9223796296296295 0.424125 0.011240740740740938 0.0041770833333332645
0 0.8953425925925925 0.42484374999999996 0.015694444444444382 0.0075156250000000925
0 0.9086018518518517 0.41655208333333327 0.009120370370370286 0.005723958333333279
0 0.8823055555555556 0.44434375 0.007842592592592724 0.008109374999999908
0 0.8679907407407407 0.4516822916666666 0.005509259259259301 0.006083333333333307
0 0.8719074074074074 0.44643229166666665 0.007842592592592724 0.006562499999999893
0 0.8567499999999999 0.44416666666666665 0.0089074074074072 0.01061458333333345
0 0.8350277777777778 0.4620104166666666 0.014916666666666679 0.005437500000000028
0 0.8516018518518518 0.4340833333333333 0.012157407407407403 0.004270833333333357
0 0.7465555555555555 0.47372395833333325 0.006314814814814756 0.0068749999999999645
0 0.7922777777777777 0.469828125 0.008148148148148 0.008708333333333406
0 0.8218148148148147 0.479109375 0.008555555555555669 0.0068749999999999645
0 0.7949259259259258 0.4576874999999999 0.015074074074073943 0.006416666666666693
0 0.7799537037037036 0.462328125 0.009981481481481562 0.003781249999999936
0 0.7468611111111111 0.45418229166666657 0.00781481481481497 0.008786458333333335
0 0.7642407407407408 0.46081770833333324 0.01470370370370391 0.003963541666666614
0 0.7769537037037036 0.4536666666666666 0.011638888888888725 0.003098958333333357
0 0.7758055555555554 0.4450520833333333 0.009953703703703808 0.007583333333333364
0 0.785222222222222 0.45112499999999994 0.007962962962962984 0.007494791666666778
0 0.7556666666666666 0.43428125 0.017768518518518465 0.00809895833333325
0 0.49114814814814817 0.47024999999999995 0.01592592592592597 0.007276041666666622
0 0.5249907407407407 0.49711979166666664 0.017916666666666636 0.0061562499999999075
0 0.5480092592592593 0.4760989583333333 0.02100925925925926 0.00529166666666665
0 0.5629074074074074 0.47706770833333334 0.010037037037036909 0.0051145833333333
0 0.572787037037037 0.478921875 0.01097222222222219 0.0067031249999999435
0 0.5666666666666667 0.46648437499999995 0.005648148148148064 0.009348958333333357
0 0.5219814814814815 0.44205729166666663 0.009092592592592534 0.009880208333333407
0 0.49297222222222215 0.4413489583333333 0.011916666666666565 0.00564583333333335
0 0.5384444444444444 0.42891145833333333 0.015675925925926038 0.00546875
0 0.5694907407407407 0.40404166666666663 0.008777777777777848 0.012526041666666644
0 0.5450925925925927 0.4469322916666666 0.011907407407407315 0.004677083333333343
0 0.6071203703703704 0.4373906249999999 0.011462962962963117 0.007838541666666643
0 0.5709351851851852 0.3907395833333333 0.02539814814814826 0.006572916666666639
0 0.5126203703703703 0.39137500000000003 0.01033333333333341 0.00859375
0 0.6682962962962963 0.4330104166666667 0.013120370370370438 0.009187499999999993
0 0.6380648148148148 0.40941666666666665 0.013305555555555454 0.0035208333333333285
0 0.6636944444444444 0.4045729166666666 0.017601851851851792 0.008364583333333364
0 0.675037037037037 0.3969270833333333 0.018388888888888743 0.005390624999999982
0 0.6931296296296297 0.40842708333333333 0.015453703703703702 0.0068229166666666785
0 0.7132777777777777 0.4262499999999999 0.010370370370370412 0.009901041666666721
0 0.7304907407407406 0.418 0.013888888888888888 0.010343750000000007
0 0.749074074074074 0.4134322916666666 0.007629629629629638 0.012875000000000015
0 0.7361666666666666 0.40353125 0.019361111111111187 0.008473958333333309
0 0.8459999999999999 0.428453125 0.01877777777777775 0.005942708333333435
0 0.8288796296296296 0.43890104166666666 0.018194444444444634 0.004401041666666749
0 0.8177314814814814 0.42966145833333336 0.010370370370370412 0.007703124999999922
0 0.8054074074074073 0.4251510416666666 0.006064814814814667 0.0072604166666666355
0 0.7957222222222222 0.4202552083333333 0.010953703703703532 0.010010416666666622
0 0.8297592592592592 0.4216302083333333 0.01721296296296278 0.005499999999999972
0 0.8162685185185186 0.4175052083333333 0.016037037037036978 0.004729166666666629
0 0.8394444444444444 0.41805208333333327 0.013101851851851936 0.005171875000000092
0 0.819 0.41420312499999995 0.01721296296296278 0.0045104166666666504
0 0.5666018518518517 0.3688489583333333 0.014351851851851904 0.01033854166666659
0 0.5959351851851852 0.36835416666666665 0.02064814814814816 0.004812499999999975
0 0.6155740740740742 0.3813802083333333 0.016111111111111142 0.004250000000000043
0 0.612175925925926 0.36325520833333336 0.018379629629629492 0.005098958333333315
0 0.6258981481481481 0.3733802083333333 0.013092592592592685 0.006656249999999986
0 0.6538425925925926 0.37090104166666665 0.00906481481481478 0.008781249999999918
0 0.6839259259259258 0.367078125 0.009314814814814712 0.006229166666666686
0 0.6471666666666667 0.36296874999999995 0.013342592592592616 0.006229166666666686
0 0.6729722222222222 0.3533385416666667 0.012592592592592508 0.007364583333333385
0 0.6802777777777778 0.36247395833333335 0.010574074074074088 0.005239583333333275
0 0.5804537037037036 0.3433541666666667 0.019388888888888938 0.004390625000000004
0 0.5881296296296296 0.3454114583333333 0.01208333333333324 0.003401041666666682
0 0.5789444444444444 0.3555364583333333 0.010824074074074177 0.005807291666666714
0 0.5702592592592592 0.349515625 0.016620370370370414 0.006515625000000025
0 0.55125 0.34547916666666667 0.006296296296296254 0.009203125000000067
0 0.5157499999999999 0.34640104166666663 0.01787962962962963 0.005947916666666675
0 0.5172592592592592 0.35518229166666665 0.012333333333333326 0.009062500000000018
0 0.5221666666666667 0.36134374999999996 0.0095648148148148 0.004390625000000004
0 0.5582962962962963 0.32402604166666665 0.0073055555555557004 0.007932291666666647
0 0.5684907407407407 0.3251562499999999 0.00855555555555551 0.006515625000000025
0 0.4382037037037037 0.35921875000000003 0.016870370370370345 0.006088541666666725
0 0.44059259259259254 0.3461197916666666 0.01913888888888885 0.005098958333333315
0 0.431787037037037 0.34265104166666666 0.007555555555555473 0.004109375000000082
0 0.41050925925925924 0.33981770833333336 0.01988888888888896 0.006088541666666725
0 0.3473148148148148 0.3538385416666666 0.013342592592592536 0.0117552083333333
0 0.3775277777777778 0.34307291666666667 0.009814814814814889 0.004390625000000004
0 0.3544907407407408 0.3455520833333333 0.015611111111111124 0.005380208333333325
0 0.34504629629629624 0.341796875 0.013851851851851886 0.004958333333333354
0 0.379037037037037 0.33407812499999995 0.010824074074074177 0.006796874999999947
0 0.3226574074074074 0.3493489583333333 0.010962962962963018 0.007421875
0 0.2983240740740741 0.344578125 0.00993518518518523 0.00501041666666664
0 0.3174259259259259 0.34351562499999994 0.014222222222222235 0.005973958333333318
0 0.32787962962962963 0.346265625 0.012166666666666654 0.003567708333333286
0 0.35563888888888884 0.3340208333333333 0.010796296296296267 0.0031822916666666146
0 0.36660185185185185 0.332671875 0.009083333333333284 0.006265624999999986
0 0.21800925925925924 0.33664062499999997 0.006009259259259241 0.0078125
0 0.22444444444444445 0.35040104166666663 0.00725925925925921 0.00944791666666669
0 0.2329444444444444 0.34083854166666666 0.018037037037037053 0.0038489583333333856
0 0.22796296296296295 0.3326145833333333 0.007675925925925971 0.008161458333333371
0 0.22941666666666663 0.32666666666666666 0.01596296296296297 0.003963541666666614
0 0.23957407407407408 0.33594270833333334 0.008083333333333324 0.003380208333333368
0 0.25543518518518515 0.34398958333333335 0.019074074074074094 0.004781250000000003
0 0.2591666666666666 0.3397916666666666 0.007879629629629648 0.004546875000000039
0 0.2845648148148148 0.33675520833333333 0.011407407407407453 0.005249999999999933
0 0.25004629629629627 0.317046875 0.008703703703703682 0.008744791666666618
0 0.2718148148148148 0.31675520833333326 0.017416666666666615 0.0041979166666666675
0 0.2744074074074074 0.3242760416666667 0.014722222222222175 0.005249999999999933
0 0.2838425925925926 0.3223541666666666 0.00995370370370373 0.006531250000000011
0 0.30146296296296293 0.32124479166666664 0.009120370370370365 0.009213541666666724
0 0.3144259259259259 0.32905729166666664 0.013064814814814854 0.005249999999999933
0 0.30726851851851855 0.32007812499999994 0.008703703703703682 0.006880208333333382
0 0.3153518518518518 0.32217708333333334 0.007462962962962886 0.008515624999999982
0 0.3227129629629629 0.32159375 0.008083333333333324 0.0078125
0 0.31732407407407404 0.309875 0.014305555555555571 0.0072291666666667535
0 0.31712037037037033 0.31494791666666666 0.0076759259259258925 0.005479166666666657
0 0.3413796296296296 0.3180989583333333 0.014305555555555571 0.0050156250000000565
0 0.3410648148148148 0.3045677083333333 0.020731481481481497 0.0050156250000000565
0 0.35547222222222224 0.30538541666666663 0.007259259259259289 0.005479166666666657
0 0.32364814814814813 0.29156249999999995 0.023638888888888862 0.004666666666666685
0 0.3657407407407407 0.2908645833333333 0.02529629629629634 0.0041979166666666675
0 0.3615925925925926 0.2953541666666667 0.009537037037037047 0.005249999999999933
0 0.37822222222222224 0.3113072916666667 0.013555555555555543 0.003505208333333343
0 0.3874166666666667 0.32077083333333334 0.010750000000000013 0.004031249999999975
0 0.3942685185185185 0.31757291666666665 0.013240740740740699 0.0048229166666666325
0 0.40409259259259256 0.2987708333333333 0.015111111111111105 0.0036822916666666037
0 0.4238796296296296 0.29662499999999997 0.009194444444444451 0.0049947916666666535
0 0.42247222222222214 0.3053020833333333 0.014175925925925823 0.0039427083333333
0 0.43462962962962953 0.30411979166666664 0.011064814814814857 0.0036822916666666037
0 0.4423425925925926 0.313671875 0.014018518518518559 0.009817708333333286
0 0.4362592592592593 0.3194114583333333 0.012157407407407403 0.007098958333333361
0 0.45487962962962963 0.305125 0.011064814814814857 0.007973958333333276
0 0.45644444444444443 0.32037499999999997 0.010435185185185169 0.008151041666666714
0 0.4714722222222222 0.3287447916666667 0.009351851851851873 0.00788541666666669
0 0.46298148148148144 0.32957812499999994 0.00825925925925917 0.0039427083333333
0 0.4944537037037037 0.32879166666666665 0.011064814814814857 0.009380208333333329
0 0.5087962962962963 0.31752604166666665 0.014175925925925823 0.007010416666666686
0 0.5216481481481481 0.32589583333333333 0.010592592592592591 0.009026041666666628
0 0.4459814814814815 0.27859375 0.0069537037037036955 0.010380208333333396
0 0.45671296296296293 0.2901197916666666 0.01058333333333334 0.007911458333333333
0 0.46677777777777774 0.3008385416666667 0.012851851851851847 0.005187499999999989
0 0.48393518518518513 0.302671875 0.009981481481481404 0.005442708333333357
0 0.4956574074074073 0.3021145833333333 0.013462962962962876 0.004338541666666629
0 0.5163796296296297 0.313515625 0.0077129629629628955 0.005359375000000011
0 0.5278703703703703 0.30926041666666665 0.018296296296296234 0.005020833333333386
0 0.5539537037037037 0.30688020833333335 0.010287037037036997 0.005697916666666724
0 0.5608425925925926 0.30483854166666663 0.010435185185185169 0.005531249999999943
0 0.5538055555555556 0.299265625 0.006046296296296324 0.004083333333333261
0 0.551611111111111 0.2798697916666667 0.014972222222222342 0.0052760416666667535
0 0.5681759259259259 0.28876041666666663 0.008768518518518596 0.007401041666666686
0 0.5917685185185185 0.30369270833333334 0.017546296296296286 0.006463541666666739
0 0.5957777777777779 0.2948854166666666 0.009222222222222203 0.010463541666666654
0 0.6079444444444445 0.2868489583333333 0.012703703703703677 0.005442708333333357
0 0.6366018518518518 0.3070104166666667 0.013462962962962876 0.006635416666666671
0 0.6356203703703703 0.3129635416666666 0.013305555555555454 0.004765625000000018
0 0.6310833333333333 0.322703125 0.007564814814814882 0.008760416666666604
0 0.6596666666666667 0.31746874999999997 0.009074074074074031 0.009187500000000081
0 0.646361111111111 0.3042447916666666 0.013611111111111206 0.006380208333333304
0 0.6591388888888888 0.30134895833333336 0.005592592592592559 0.0048489583333332755
0 0.6744907407407408 0.2915260416666666 0.014518518518518578 0.007317708333333339
0 0.673962962962963 0.2984583333333333 0.020111111111111135 0.0048489583333332755
0 0.6893055555555556 0.29803125 0.011796296296296305 0.004338541666666629
0 0.6975555555555556 0.30505208333333333 0.01315740740740744 0.0032343749999999894
0 0.7008055555555556 0.30874999999999997 0.017546296296296286 0.003489583333333357
0 0.7034537037037037 0.31526041666666665 0.01800000000000005 0.010208333333333286
0 0.7088981481481481 0.3028802083333333 0.007407407407407381 0.006041666666666589
0 0.7164537037037035 0.2991822916666666 0.005592592592592559 0.0052760416666667535
0 0.7467777777777778 0.29527083333333326 0.017546296296296445 0.006973958333333386
0 0.7633333333333332 0.3040729166666667 0.011944444444444634 0.007062499999999972
0 0.7653055555555556 0.3135572916666666 0.00922222222222236 0.00799479166666659
0 0.7800462962962963 0.30836979166666667 0.010888888888888774 0.005786458333333311
0 0.7938148148148148 0.32551041666666664 0.01028703703703684 0.007739583333333311
0 0.8273796296296296 0.339375 0.009981481481481562 0.006718750000000018
0 0.8434907407407407 0.3322291666666667 0.00892592592592602 0.010291666666666633
0 0.8392592592592593 0.33916145833333333 0.01315740740740744 0.003401041666666682
0 0.8560462962962961 0.33852604166666667 0.00892592592592602 0.007739583333333311
0 0.8598981481481481 0.34435416666666663 0.008472222222222412 0.004421874999999975
0 0.8528703703703703 0.345375 0.008018518518518489 0.0037447916666667248
0 0.8507499999999999 0.3480104166666666 0.008620370370370426 0.003911458333333328
0 0.8523333333333333 0.35485937500000003 0.013009259259259111 0.0048489583333332755
0 0.8267037037037037 0.3500520833333333 0.007407407407407302 0.007317708333333339
0 0.8068148148148148 0.3442239583333333 0.008472222222222412 0.009953124999999919
0 0.7957777777777778 0.34129166666666666 0.008768518518518438 0.004421874999999975
0 0.7842037037037037 0.35409375 0.011342592592592697 0.006890625000000039
0 0.7774814814814814 0.3484791666666667 0.011490740740740711 0.00859375
0 0.7706759259259259 0.33899479166666663 0.018148148148148063 0.0059531250000000036
0 0.7631111111111111 0.33469791666666665 0.009379629629629625 0.005869791666666657
0 0.7460925925925925 0.3419270833333333 0.00892592592592602 0.0040000000000000036
0 0.7543425925925926 0.3438854166666666 0.014518518518518578 0.004510416666666739
0 0.7440555555555556 0.35081770833333337 0.014824074074074172 0.0081666666666667
0 0.7067037037037036 0.34463020833333335 0.009629629629629636 0.009755208333333343
0 0.6720185185185185 0.34533854166666667 0.01349074074074063 0.00877604166666659
0 0.6848333333333333 0.34170833333333334 0.014453703703703663 0.006718750000000018
0 0.6974537037037036 0.33818229166666663 0.010407407407407416 0.0048749999999999185
0 0.679537037037037 0.33325520833333333 0.015796296296296298 0.005416666666666714
0 0.6983148148148147 0.33086979166666663 0.015990740740740726 0.007151041666666647
0 0.7120925925925925 0.3799635416666666 0.009250000000000034 0.006937499999999997
0 0.7160462962962962 0.37156249999999996 0.0075185185185183126 0.00877604166666659
0 0.7270277777777778 0.3744375 0.00636111111111101 0.008020833333333411
0 0.7223055555555555 0.36966666666666664 0.005398148148147976 0.006500000000000039
0 0.7571759259259259 0.37140104166666665 0.009250000000000114 0.005635416666666604
0 0.7585277777777778 0.37519270833333335 0.006166666666666742 0.004552083333333368
0 0.7400277777777777 0.38792708333333337 0.008481481481481663 0.00401041666666666
0 0.7531296296296296 0.39318229166666663 0.011555555555555467 0.009104166666666646
0 0.7725925925925926 0.386953125 0.013101851851851936 0.003140624999999986
0 0.7855925925925926 0.38911979166666666 0.010212962962962832 0.006609375000000028
0 0.7855 0.3760052083333333 0.014638888888888838 0.004661458333333357
0 0.8118981481481481 0.39881770833333335 0.008481481481481663 0.008453124999999995
0 0.8157499999999999 0.38771354166666666 0.014638888888888838 0.005744791666666682
0 0.819462962962963 0.37668749999999995 0.01622222222222231 0.0045572916666666964
0 0.8276759259259259 0.37515624999999997 0.009416666666666629 0.005020833333333386
0 0.8260000000000001 0.38373437499999996 0.014249999999999987 0.005437500000000028
0 0.8371574074074074 0.385546875 0.011768518518518551 0.0036249999999999893
0 0.8437870370370371 0.3907395833333333 0.012638888888889078 0.0064843750000000535
0 0.844898148148148 0.40116145833333333 0.01313888888888894 0.005437500000000028
0 0.8570462962962963 0.36793229166666663 0.008231481481481574 0.01029687499999996
0 0.8836851851851851 0.36110416666666667 0.007203703703703783 0.005671875000000081
0 0.8959259259259258 0.3663697916666666 0.011111111111111112 0.006479166666666725
0 0.8854351851851852 0.3701875 0.007407407407407302 0.00717708333333329
0 0.8968518518518519 0.37227083333333333 0.006379629629629828 0.004859374999999932
0 0.8910925925925924 0.3716354166666666 0.003499999999999975 0.0040520833333332895
0 0.8637314814814815 0.38477083333333334 0.00802777777777774 0.0037031249999999183
0 0.886361111111111 0.3832083333333333 0.006787037037036864 0.0052083333333333036
0 0.8907870370370369 0.3885885416666667 0.008638888888888927 0.004859374999999932
0 0.8907870370370369 0.3935625 0.010694444444444508 0.00625
0 0.8966481481481481 0.40270312500000005 0.012962962962962859 0.006713541666666734
0 0.8673333333333334 0.40964583333333326 0.010694444444444508 0.01064583333333342
0 0.8572500000000001 0.406640625 0.009870370370370552 0.003010416666666593
0 0.8992592592592593 0.4079947916666667 0.00877777777777769 0.0034739583333333714
0 0.8978796296296296 0.410875 0.007638888888888889 0.003567708333333286