0 0.6343611111111112 0.21410937499999996 0.0154351851851852 0.009354166666666686
0 0.6182777777777777 0.21723437499999995 0.015287037037037028 0.005380208333333325
0 0.5392222222222223 0.21548958333333332 0.016444444444444487 0.004322916666666643
0 0.5312222222222223 0.20266666666666663 0.020342592592592565 0.006911458333333331
0 0.567425925925926 0.2604895833333333 0.020055555555555632 0.0076666666666667105
0 0.5183796296296297 0.2602864583333333 0.011972222222222228 0.010671874999999975
0 0.37636111111111115 0.22345312499999997 0.01096296296296294 0.007432291666666657
0 0.2761018518518518 0.25303125 0.012981481481481438 0.00670833333333336
0 0.1972685185185185 0.23091666666666666 0.008509259259259256 0.008895833333333325
0 0.10437037037037036 0.2684947916666666 0.014861111111111134 0.015072916666666724
0 0.10414814814814814 0.29023958333333333 0.010101851851851862 0.013609375000000057
0 0.136037037037037 0.31194791666666666 0.01846296296296295 0.011255208333333312
0 0.04811111111111111 0.3148697916666666 0.009666666666666664 0.012234374999999974
0 0.05294444444444444 0.3596614583333333 0.014999999999999996 0.010776041666666725
0 0.21262962962962959 0.3155885416666666 0.010675925925925927 0.007338541666666654
0 0.3408796296296296 0.3100677083333333 0.013555555555555543 0.009932291666666603
0 0.37203703703703705 0.30276041666666664 0.023657407407407367 0.005166666666666675
0 0.25699074074074074 0.38188541666666664 0.025240740740740758 0.006541666666666668
0 0.2555462962962963 0.40923958333333327 0.014574074074074083 0.009473958333333421
0 0.10747222222222222 0.4145104166666666 0.00894444444444444 0.010932291666666672
0 0.047749999999999994 0.42936458333333327 0.0072129629629629705 0.008015624999999993
0 0.006777777777777779 0.4376770833333333 0.011833333333333333 0.010848958333333237
0 0.07523148148148148 0.3895 0.00764814814814814 0.009114583333333304
0 0.08157407407407406 0.4003333333333333 0.010814814814814827 0.010604166666666614
0 0.09592592592592591 0.4028958333333333 0.00663888888888889 0.009609375000000009
0 0.0544537037037037 0.47577604166666665 0.007648148148148159 0.010281250000000065
0 0.04514814814814814 0.4852291666666666 0.0072129629629629705 0.009234374999999951
0 0.020481481481481482 0.527546875 0.009805555555555548 0.007687499999999936
0 0.009444444444444443 0.5440989583333333 0.00937962962962963 0.008182291666666685
0 0.0064907407407407405 0.603328125 0.012981481481481481 0.010765624999999978
0 0.06657407407407408 0.5909895833333334 0.011111111111111112 0.007510416666666764
0 0.10090740740740742 0.6153020833333334 0.008796296296296309 0.011333333333333506
0 0.022796296296296297 0.6131874999999999 0.011537037037037035 0.007500000000000106
0 0.03562962962962962 0.6273489583333334 0.011537037037037024 0.008171875000000028
0 0.0564074074074074 0.6510468749999999 0.009805555555555559 0.008989583333333506
0 0.04103703703703704 0.6693020833333333 0.011111111111111112 0.008500000000000086
0 0.04125925925925926 0.6775312499999999 0.004907407407407405 0.007333333333333236
0 0.08842592592592591 0.6854479166666666 0.013555555555555533 0.008489583333333429
0 0.1674074074074074 0.7116614583333334 0.015722222222222252 0.007036458333333506
0 0.0779722222222222 0.7187187500000001 0.010527777777777775 0.008828124999999964
0 0.07262962962962963 0.7072239583333333 0.011972222222222228 0.005791666666666551
0 0.18839814814814812 0.7418802083333333 0.021064814814814842 0.006947916666666743
0 0.17555555555555555 0.7604270833333333 0.0075000000000000075 0.00866145833333345
0 0.1801759259259259 0.7843697916666666 0.010675925925925906 0.005260416666666679
0 0.28641666666666665 0.799421875 0.020629629629629578 0.008104166666666668
0 0.30949999999999994 0.7437395833333333 0.017453703703703697 0.005791666666666551
0 0.33366666666666667 0.7799791666666666 0.006925925925925943 0.007192708333333364
0 0.3250092592592593 0.8104166666666666 0.0207685185185185 0.005260416666666501
0 0.3226296296296296 0.8154062499999999 0.012546296296296253 0.0037447916666668137
0 0.45130555555555557 0.8063958333333332 0.017166666666666684 0.005171874999999914
0 0.5131851851851852 0.7999427083333334 0.013990740740740647 0.0076875000000001135
0 0.5699537037037037 0.7984427083333333 0.011537037037037123 0.009390625000000074
0 0.6495833333333333 0.7922343749999999 0.015000000000000095 0.006869791666666636
0 0.6746851851851852 0.7392343749999999 0.01990740740740746 0.005062499999999836
0 0.5429074074074074 0.74175 0.02350925925925935 0.005552083333333258
0 0.7176666666666667 0.6584999999999999 0.02192592592592596 0.0057187499999999504
0 0.8379074074074073 0.7174895833333332 0.013129629629629689 0.0058802083333333146
0 0.8865185185185185 0.6839375000000001 0.007361111111111048 0.008874999999999921
0 0.8737592592592591 0.6599114583333333 0.010388888888888914 0.01243229166666655
0 0.8575277777777777 0.5873333333333333 0.008222222222222323 0.010249999999999915
0 0.8952499999999999 0.5904583333333333 0.023083333333333497 0.007901041666666764
0 0.7110370370370369 0.5933802083333333 0.013851851851851886 0.006932291666666579
0 0.5602129629629629 0.5933437500000001 0.014277777777777898 0.009614583333333293
0 0.47394444444444445 0.6934479166666667 0.016138888888888894 0.004593750000000086
0 0.3129537037037037 0.551015625 0.012518518518518502 0.011614583333333428
0 0.6793888888888888 0.4766145833333333 0.013120370370370438 0.009010416666666642
0 0.567212962962963 0.47303125 0.014583333333333334 0.01044270833333325
0 0.4889907407407407 0.45748437499999994 0.013583333333333454 0.007479166666666615
0 0.46225 0.4067343749999999 0.01504629629629635 0.011911458333333336
0 0.9146666666666666 0.5291406249999999 0.01622222222222231 0.02049479166666668
0 0.9255462962962963 0.39240624999999996 0.011083333333333358 0.010989583333333285