0 0.3311296296296296 0.24266666666666667 0.012851851851851847 0.007385416666666611
0 0.3576018518518518 0.25828645833333336 0.012064814814814777 0.008401041666666664
0 0.3236944444444444 0.2642447916666667 0.01276851851851851 0.006302083333333286
0 0.30815740740740744 0.2482708333333333 0.012851851851851847 0.006333333333333346
0 0.3029814814814815 0.25455729166666663 0.006851851851851857 0.005333333333333368
0 0.3007962962962963 0.27804166666666663 0.008101851851851825 0.008499999999999997
0 0.32618518518518513 0.2754375 0.010277777777777825 0.008104166666666668
0 0.33817592592592594 0.2793802083333333 0.013703703703703635 0.010734374999999918
0 0.3638333333333333 0.2346927083333333 0.008953703703703613 0.007203125000000021
0 0.37963888888888886 0.2308333333333333 0.0117592592592593 0.004750000000000032
0 0.3912407407407407 0.23521874999999998 0.010203703703703739 0.010005208333333382
0 0.40389814814814806 0.24082291666666666 0.017444444444444526 0.008958333333333356
0 0.39599074074074075 0.2520833333333333 0.011601851851851879 0.00607291666666665
0 0.38127777777777777 0.26647916666666666 0.008333333333333333 0.009895833333333303
0 0.40233333333333327 0.27465104166666665 0.011212962962963029 0.010031250000000025
0 0.4441111111111111 0.2810625 0.015027777777777846 0.005604166666666632
0 0.43893518518518515 0.240296875 0.006537037037036934 0.006156249999999997
0 0.4353518518518518 0.23563020833333334 0.008722222222222185 0.006020833333333276
0 0.454 0.22833854166666664 0.01237962962962958 0.00763541666666665
0 0.4722222222222222 0.2266302083333333 0.008490740740740755 0.008598958333333328
0 0.4566481481481481 0.23688020833333331 0.010203703703703739 0.008083333333333354
0 0.485574074074074 0.23688020833333331 0.014175925925925823 0.008083333333333354
0 0.4724999999999999 0.25015624999999997 0.019157407407407352 0.007473958333333375
0 0.5123981481481481 0.27061979166666666 0.010981481481481441 0.010729166666666679
0 0.4830462962962963 0.29423437499999994 0.015027777777777846 0.008026041666666739
0 0.45170370370370366 0.29909375 0.011527777777777873 0.008119791666666654
0 0.3838796296296296 0.29734374999999996 0.019462962962962946 0.004609374999999982
0 0.3389907407407407 0.2894583333333333 0.016583333333333332 0.006359374999999989
0 0.32346296296296295 0.29863541666666665 0.013861111111111137 0.004130208333333396
0 0.29476851851851854 0.3084739583333333 0.022657407407407407 0.0075989583333332614
0 0.23628703703703705 0.28980729166666663 0.019388888888888938 0.007062499999999972
0 0.24301851851851847 0.30588541666666663 0.010277777777777825 0.005052083333333357
0 0.2505 0.30928125 0.009657407407407387 0.0052760416666667535
0 0.2476574074074074 0.31797916666666665 0.010824074074074099 0.008218749999999986
0 0.23632407407407405 0.309875 0.009342592592592543 0.008651041666666614
0 0.2157685185185185 0.30875520833333325 0.024296296296296305 0.005973958333333318
0 0.20225925925925925 0.3053177083333333 0.01518518518518519 0.004791666666666661
0 0.18539814814814812 0.3078802083333333 0.010277777777777825 0.005973958333333318
0 0.16982407407407407 0.3189010416666666 0.010277777777777785 0.007427083333333329
0 0.18407407407407408 0.32367708333333334 0.01261111111111111 0.007343749999999982
0 0.20027777777777775 0.3314739583333333 0.014481481481481494 0.005421875000000043
0 0.23399074074074072 0.3300364583333333 0.026472222222222227 0.00824479166666663
0 0.22449074074074074 0.34140625 0.023675925925925947 0.005374999999999996
0 0.26637962962962963 0.34454166666666663 0.014638888888888838 0.010093750000000058
0 0.22464814814814815 0.351859375 0.010898148148148105 0.00983333333333336
0 0.20132407407407404 0.35190104166666664 0.016425925925925906 0.0055416666666666895
0 0.17796296296296296 0.33764062499999997 0.008490740740740755 0.008119791666666654
0 0.16600925925925925 0.339875 0.010435185185185169 0.006453125000000082
0 0.16169444444444442 0.3531197916666667 0.019703703703703664 0.009104166666666646
0 0.15612037037037038 0.3638333333333333 0.017129629629629644 0.010135416666666685
0 0.17838888888888887 0.36192708333333334 0.014953703703703683 0.009885416666666647
0 0.19018518518518518 0.36617708333333326 0.00739814814814813 0.006500000000000039
0 0.18232407407407406 0.37540104166666666 0.005999999999999991 0.006989583333333371
0 0.17624999999999996 0.37894791666666666 0.009888888888888876 0.00606770833333341
0 0.1901111111111111 0.3877552083333333 0.009111111111111115 0.008604166666666658
0 0.28468518518518515 0.36630729166666665 0.023518518518518525 0.0076406250000000675
0 0.40190740740740744 0.3756875 0.02779629629629628 0.007119791666666675
0 0.44267592592592586 0.3429114583333333 0.010898148148148185 0.00990624999999996
0 0.324 0.34681249999999997 0.014638888888888838 0.008067708333333368
0 0.3521944444444444 0.412296875 0.019935185185185174 0.006755208333333406
0 0.24037037037037037 0.4193958333333333 0.013703703703703714 0.006937499999999907
0 0.16749074074074072 0.395296875 0.011833333333333309 0.006046874999999919
0 0.16044444444444445 0.39671875 0.010981481481481481 0.004953125000000025
0 0.13805555555555554 0.39065104166666664 0.012148148148148153 0.003765625000000039
0 0.13081481481481483 0.3965677083333333 0.013240740740740739 0.007713541666666668
0 0.12653703703703703 0.4042552083333333 0.012462962962962957 0.007760416666666714
0 0.1384074074074074 0.41126562499999997 0.010509259259259293 0.006010416666666707
0 0.134787037037037 0.41849479166666664 0.01338888888888887 0.007328124999999908
0 0.18836111111111112 0.40951562499999994 0.011527777777777793 0.006010416666666707
0 0.18103703703703702 0.4109791666666666 0.009342592592592562 0.0058802083333333146
0 0.16628703703703704 0.42186979166666666 0.008490740740740755 0.007947916666666721
0 0.1688148148148148 0.439578125 0.010435185185185169 0.009203124999999979
0 0.14043518518518516 0.440609375 0.014564814814814833 0.008197916666666671
0 0.13194444444444445 0.446875 0.014712962962962964 0.005833333333333357
0 0.13241666666666665 0.4568645833333333 0.012537037037037043 0.008291666666666763
0 0.19910185185185184 0.449984375 0.013703703703703714 0.009427083333333286
0 0.18587037037037035 0.4588333333333333 0.01276851851851851 0.007854166666666629
0 0.17305555555555555 0.46755208333333337 0.012851851851851847 0.005145833333333449
0 0.16519444444444445 0.4701822916666666 0.011138888888888863 0.0069010416666666075
0 0.25345370370370374 0.44796874999999997 0.017129629629629602 0.007145833333333407
0 0.3555 0.45583333333333337 0.016277777777777815 0.011052083333333407
0 0.2999444444444444 0.4701197916666667 0.011990740740740809 0.011588541666666608
0 0.2675092592592593 0.48639062499999997 0.008490740740740677 0.006234375000000014
0 0.2606203703703704 0.49797916666666664 0.00903703703703703 0.009776041666666657
0 0.23091666666666666 0.4891927083333333 0.010046296296296317 0.009390624999999986
0 0.20089814814814813 0.4944218749999999 0.012462962962962917 0.00763541666666665
0 0.14428703703703705 0.4903697916666666 0.022268518518518517 0.005223958333333378
0 0.15639814814814812 0.501015625 0.013000000000000018 0.006369791666666735
0 0.12657407407407406 0.5003802083333333 0.010824074074074059 0.009041666666666615
0 0.14716666666666667 0.5087708333333334 0.010898148148148145 0.006984375000000043
0 0.1249722222222222 0.5188020833333333 0.013240740740740739 0.008656249999999944
0 0.18361111111111109 0.512453125 0.012768518518518531 0.00908854166666675
0 0.24294444444444444 0.5155624999999999 0.012462962962962997 0.009182291666666665
0 0.1324537037037037 0.5338229166666666 0.010750000000000013 0.009343750000000029
0 0.3539074074074074 0.5150677083333333 0.016351851851851822 0.012140624999999971
0 0.2877592592592592 0.5194687499999999 0.02172222222222228 0.005781249999999893
0 0.45902777777777776 0.489953125 0.012462962962962997 0.009651041666666593
0 0.5311296296296296 0.49043749999999997 0.010277777777777747 0.009734375000000028
0 0.5053981481481481 0.5119895833333332 0.01237962962962958 0.007296874999999936
0 0.4123055555555556 0.5751718749999999 0.01557407407407412 0.005755208333333428
0 0.29966666666666664 0.5526510416666666 0.015805555555555628 0.009770833333333506
0 0.334712962962963 0.5798541666666666 0.020481481481481486 0.00852604166666655
0 0.40350925925925923 0.5970208333333333 0.013703703703703714 0.008354166666666708
0 0.4369074074074074 0.6059375 0.010750000000000013 0.005854166666666494
0 0.3413333333333333 0.6364322916666667 0.012222222222222238 0.013197916666666743
0 0.30912962962962964 0.6090312499999999 0.01557407407407412 0.0069010416666666075
0 0.24824074074074076 0.5836614583333334 0.009657407407407387 0.009598958333333307
0 0.26155555555555554 0.6292291666666665 0.009499999999999965 0.007874999999999943
0 0.29238888888888886 0.6424427083333333 0.010120370370370325 0.005833333333333179
0 0.3242407407407407 0.6549895833333332 0.013388888888888948 0.006296875000000135
0 0.3827962962962963 0.6575781249999999 0.017749999999999964 0.009010416666666821
0 0.38882407407407404 0.692234375 0.011138888888888863 0.01388020833333332
0 0.4896666666666667 0.68765625 0.02078703703703708 0.0086666666666666
0 0.5223333333333333 0.651640625 0.02055555555555565 0.0067135416666666
0 0.5375185185185185 0.6676979166666667 0.02600925925925913 0.007161458333333393
0 0.5549537037037037 0.7009739583333332 0.02460185185185174 0.0063854166666667215
0 0.6340648148148148 0.7076093749999999 0.01899999999999993 0.011442708333333228
0 0.6578981481481481 0.7024427083333333 0.013861111111111137 0.013265624999999837
0 0.6372592592592592 0.6800520833333333 0.01775000000000012 0.006156250000000085
0 0.6999074074074073 0.6825 0.019703703703703626 0.015223958333333343
0 0.7236944444444444 0.6711354166666667 0.02117592592592593 0.008614583333333314
0 0.7373611111111111 0.6987604166666666 0.0179907407407408 0.016416666666666656
0 0.6844074074074074 0.7198333333333332 0.01315740740740744 0.010385416666666637
0 0.6415092592592593 0.7347291666666667 0.011916666666666565 0.008640625000000134
0 0.648787037037037 0.74025 0.021490740740740776 0.004848958333333364
0 0.6495277777777777 0.7450885416666666 0.016120370370370393 0.006119791666666608
0 0.6167037037037036 0.7389791666666665 0.014018518518518559 0.007505208333333258
0 0.580962962962963 0.7377083333333333 0.021648148148148198 0.007588541666666693
0 0.5555000000000001 0.72421875 0.019314814814814774 0.017395833333333322
0 0.5264166666666666 0.7350781249999999 0.022657407407407484 0.007588541666666693
0 0.5401574074074074 0.7555416666666667 0.016037037037036978 0.009093750000000077
0 0.508 0.75284375 0.019620370370370368 0.009005208333333315
0 0.49293518518518514 0.7353854166666667 0.0117592592592593 0.012583333333333257
0 0.48701851851851846 0.71965625 0.015499999999999957 0.009244791666666608
0 0.458787037037037 0.707390625 0.018379629629629652 0.004770833333333257
0 0.4004722222222222 0.7090572916666666 0.010592592592592591 0.006348958333333421
0 0.4391296296296296 0.7539635416666666 0.01861111111111108 0.009442708333333449
0 0.4165833333333333 0.7406874999999999 0.02102777777777776 0.005723958333333279
0 0.3998055555555556 0.7529999999999999 0.0117592592592593 0.006505208333333279
0 0.3875462962962963 0.750875 0.015888888888888807 0.007203125000000021
0 0.3688518518518518 0.7450677083333332 0.012768518518518433 0.004791666666666572
0 0.3707222222222222 0.7328229166666667 0.017749999999999964 0.013151041666666608
0 0.3947037037037036 0.7190208333333332 0.016509259259259244 0.006572916666666551
0 0.3897222222222222 0.7255729166666666 0.010898148148148185 0.0069687500000000565
0 0.36761111111111106 0.7179895833333333 0.017749999999999964 0.005562499999999915
0 0.3512962962962963 0.7206458333333334 0.01378703703703705 0.006312499999999943
0 0.3333055555555556 0.7375104166666666 0.010824074074074099 0.009385416666666656
0 0.3469351851851851 0.7400989583333333 0.0193888888888889 0.006671874999999971
0 0.27264814814814814 0.7146614583333333 0.014564814814814833 0.008802083333333321
0 0.2767777777777778 0.702 0.01721296296296302 0.007130208333333421
0 0.2666944444444444 0.6974427083333332 0.011675925925925965 0.005026041666666714
0 0.2965925925925926 0.7266458333333333 0.018842592592592588 0.005177083333333421
0 0.3059351851851852 0.719875 0.012305555555555495 0.007843749999999972
0 0.3078425925925926 0.71071875 0.009111111111111115 0.007927083333333229
0 0.34177777777777774 0.6969218749999999 0.007833333333333393 0.007973958333333364
0 0.32858333333333334 0.698140625 0.01097222222222227 0.0039010416666664938
0 0.3155 0.6995989583333333 0.01044444444444442 0.00886979166666677
0 0.3027407407407407 0.7073020833333332 0.004759259259259273 0.005505208333333478
0 0.2992037037037037 0.7061041666666666 0.006277777777777753 0.004781249999999915
0 0.23771296296296296 0.6964791666666666 0.010638888888888923 0.010062500000000085
0 0.21575925925925926 0.6791562499999999 0.007898148148148149 0.004036458333333393
0 0.20645370370370367 0.6720885416666667 0.006148148148148162 0.007010416666666686
0 0.19987962962962963 0.6736510416666667 0.0108425925925926 0.004182291666666771
0 0.24587037037037038 0.6639843749999998 0.008990740740740775 0.0064114583333333645
0 0.25763888888888886 0.6669947916666666 0.012425925925925915 0.005744791666666771
0 0.2845 0.670703125 0.009583333333333381 0.003010416666666771
0 0.2911296296296296 0.667921875 0.00855555555555559 0.0035520833333334777
0 0.2706574074074074 0.6614635416666667 0.012824074074074095 0.00490104166666665
0 0.2666944444444444 0.6561562499999999 0.008851851851851776 0.0045104166666666504
0 0.2566759259259259 0.6523749999999999 0.007472222222222295 0.004932291666666621
0 0.21405555555555555 0.65271875 0.01275925925925926 0.004692708333333506
0 0.18616666666666665 0.6407968749999999 0.012157407407407403 0.005572916666666572
0 0.19337037037037036 0.6244895833333333 0.009388888888888875 0.007901041666666764
0 0.17066666666666666 0.6173124999999999 0.010907407407407395 0.0046979166666666575
0 0.15499074074074073 0.621734375 0.008953703703703731 0.006859374999999978
0 0.15299074074074073 0.630671875 0.01453703703703704 0.005208333333333393
0 0.17605555555555555 0.6083854166666666 0.006740740740740709 0.0063593750000000785
0 0.1866111111111111 0.59928125 0.01337962962962962 0.005812499999999865
0 0.2004537037037037 0.5979635416666665 0.008694444444444432 0.005776041666666743
0 0.22357407407407406 0.602109375 0.008194444444444492 0.0040312499999998865
0 0.20972222222222223 0.6070833333333333 0.015000000000000015 0.004494791666666664
0 0.23994444444444443 0.5930364583333334 0.011666666666666714 0.008932291666666713
0 0.15166666666666667 0.5963072916666666 0.010574074074074088 0.007296875000000114
0 0.13824999999999998 0.59565625 0.011500000000000002 0.006369791666666735
0 0.20759259259259255 0.574265625 0.01107407407407403 0.0035468749999999715
0 0.19657407407407407 0.5700104166666666 0.008851851851851854 0.0065572916666667425
0 0.19198148148148148 0.5639583333333332 0.014870370370370346 0.004677083333333343
0 0.1648888888888889 0.5673489583333333 0.009583333333333341 0.008302083333333422
0 0.1380833333333333 0.5680104166666666 0.01084259259259256 0.006833333333333335
0 0.14203703703703704 0.5534791666666667 0.01774074074074075 0.0039791666666666005
0 0.14220370370370372 0.5467552083333332 0.018731481481481498 0.004479166666666678
0 0.5536574074074074 0.39323437499999997 0.03790740740740751 0.011489583333333275
0 0.6619814814814815 0.3629427083333333 0.0364259259259258 0.011052083333333318
0 0.6561574074074074 0.413015625 0.018425925925926064 0.017697916666666737
0 0.6799814814814814 0.43895833333333323 0.017361111111111112 0.013005208333333407
0 0.6280925925925926 0.5244375 0.019481481481481447 0.01540625000000002
0 0.6914166666666667 0.5146666666666666 0.023296296296296426 0.014921875000000107
0 0.6218981481481481 0.5636354166666667 0.025092592592592507 0.008041666666666636
0 0.6641666666666666 0.6349583333333333 0.030749999999999982 0.011812499999999915
0 0.7008796296296296 0.5965104166666666 0.026611111111111144 0.01066145833333323
0 0.7617037037037037 0.6032864583333333 0.022749999999999836 0.00891666666666655
0 0.7874537037037037 0.6133333333333333 0.012685185185185332 0.007869791666666792
0 0.7736666666666666 0.6036979166666666 0.008990740740740775 0.004249999999999865
0 0.7287499999999999 0.7346562499999999 0.00942592592592588 0.006281249999999972
0 0.7325740740740739 0.7380312499999999 0.011935185185185384 0.004598958333333236
0 0.7365648148148147 0.7429270833333333 0.010925925925925778 0.005187500000000078
0 0.7389166666666667 0.7319635416666666 0.006638888888888851 0.006614583333333179
0 0.7455092592592593 0.7317031249999999 0.009101851851851785 0.006401041666666707
0 0.7524351851851852 0.7354427083333333 0.011833333333333309 0.006645833333333506
0 0.7752222222222221 0.7146406249999999 0.00856481481481492 0.007505208333333258
0 0.7925925925925925 0.7143958333333333 0.008620370370370426 0.005026041666666714
0 0.8011574074074073 0.7136145833333334 0.006370370370370576 0.006661458333333314
0 0.795537037037037 0.718796875 0.010222222222222084 0.003453125000000057
0 0.8212592592592591 0.6981770833333333 0.014990740740740686 0.005848958333333343
0 0.8368981481481481 0.6998802083333333 0.011564814814814719 0.00756250000000005
0 0.78925 0.6836875 0.00877777777777769 0.007942708333333392
0 0.7705092592592593 0.666609375 0.011990740740740888 0.011723958333333506
0 0.7348796296296295 0.6597552083333333 0.01697222222222226 0.008557291666666522
0 0.811037037037037 0.6783124999999999 0.014351851851851746 0.007124999999999914
0 0.8092407407407407 0.6627656249999999 0.015472222222222361 0.007354166666666551
0 0.8398611111111111 0.6802708333333333 0.013648148148148052 0.00803124999999998
0 0.843185185185185 0.6897395833333333 0.0161111111111113 0.007057291666666821
0 0.8495555555555555 0.6711406249999999 0.017296296296296355 0.004807291666666736
0 0.8473333333333333 0.6664739583333333 0.016277777777777815 0.004526041666666636
0 0.8889351851851851 0.6573854166666667 0.012953703703703606 0.007130208333333421
0 0.8738055555555555 0.6535260416666666 0.012685185185185332 0.005401041666666551
0 0.8803148148148148 0.6482291666666666 0.014129629629629726 0.006885416666666621
0 0.8197592592592593 0.6461354166666666 0.018527777777777664 0.00603645833333335
0 0.9105648148148147 0.64071875 0.016277777777777815 0.0072343749999999925
0 0.9167685185185184 0.6322239583333332 0.014564814814814833 0.008307291666666572
0 0.8970462962962962 0.63559375 0.008509259259259414 0.006635416666666494
0 0.8740462962962963 0.61909375 0.02076851851851858 0.0053072916666666355
0 0.8899999999999999 0.6113072916666666 0.012416666666666742 0.0073281250000000854
0 0.9172222222222222 0.6067604166666667 0.01633333333333332 0.006187500000000057
0 0.928574074074074 0.6067708333333333 0.012898148148148101 0.00886979166666677
0 0.8372962962962962 0.5934895833333333 0.016648148148148165 0.004718749999999971
0 0.8714259259259258 0.5713385416666666 0.009953703703703808 0.010005208333333293
0 0.8393518518518518 0.5748958333333333 0.010925925925925778 0.006270833333333314
0 0.8945 0.563703125 0.011990740740740888 0.007984375000000021
0 0.9006574074074074 0.5549947916666665 0.013601851851851797 0.006723958333333257
0 0.9081018518518518 0.5637760416666666 0.010490740740740674 0.006328125000000106
0 0.9258703703703703 0.565 0.017777777777777715 0.008463541666666607
0 0.9132407407407407 0.5423437499999999 0.015203703703703771 0.006729166666666763
0 0.8780092592592592 0.5379166666666666 0.017129629629629526 0.007755208333333208
0 0.8639814814814814 0.5111822916666666 0.022166666666666716 0.006416666666666693
0 0.9232222222222223 0.5000208333333334 0.01772222222222221 0.005552083333333435
0 0.9419907407407407 0.5099947916666666 0.00856481481481492 0.006567708333333222
0 0.9326759259259259 0.47268229166666664 0.016490740740740584 0.005427083333333371
0 0.920037037037037 0.45983333333333326 0.01606481481481473 0.006723958333333435
0 0.9066759259259258 0.4678020833333333 0.012370370370370172 0.012531249999999971
0 0.8919074074074074 0.4689166666666667 0.014935185185185182 0.0069270833333332504
0 0.8049351851851851 0.46210416666666665 0.023555555555555607 0.009098958333333407
0 0.8584444444444443 0.4378020833333333 0.013333333333333523 0.010343750000000007
0 0.8463148148148147 0.4268333333333333 0.01466666666666659 0.005567708333333421
0 0.918 0.43029687499999997 0.016379629629629574 0.0076718749999999504
0 0.9161018518518518 0.40584375 0.010546296296296494 0.008473958333333264
0 0.8809814814814814 0.405484375 0.02296296296296292 0.006546874999999908
0 0.8707037037037036 0.3942916666666666 0.007870370370370475 0.0055416666666666895
0 0.858574074074074 0.3910677083333333 0.013703703703703557 0.005723958333333367
0 0.8346944444444445 0.393734375 0.014351851851851746 0.006114583333333368
0 0.8117037037037036 0.38108333333333333 0.013759259259259062 0.007328124999999996
0 0.8853425925925925 0.3706770833333334 0.011564814814814719 0.007697916666666682
0 0.9116018518518517 0.3706458333333333 0.017398148148148114 0.006218750000000028
0 0.9011944444444443 0.36218229166666666 0.011990740740740888 0.0075729166666666185
0 0.8737777777777777 0.36532812499999995 0.014564814814814833 0.006338541666666675
0 0.8386574074074074 0.3562916666666667 0.014990740740740686 0.007541666666666646
0 0.7746851851851851 0.3717552083333333 0.018203703703703885 0.007744791666666639
0 0.7860092592592592 0.3574010416666667 0.01643518518518508 0.004635416666666714
0 0.8037037037037037 0.348109375 0.011990740740740888 0.008036458333333395
0 0.7907962962962961 0.34319791666666666 0.012740740740740837 0.006041666666666589
0 0.7408703703703703 0.34319791666666666 0.011407407407407453 0.008453125000000039
0 0.8468518518518519 0.3374427083333333 0.013064814814814616 0.008390624999999919
0 0.8983796296296295 0.33521354166666667 0.00904629629629628 0.0051354166666666146
0 0.8539166666666665 0.32260416666666664 0.009101851851851785 0.007619791666666753
0 0.8606111111111111 0.315734375 0.011777777777777804 0.005927083333333361
0 0.8435092592592591 0.30749479166666666 0.015583333333333371 0.008421875000000068
0 0.8225185185185185 0.28513020833333336 0.010009259259259313 0.008557291666666699
0 0.8012685185185184 0.298265625 0.009259259259259365 0.007119791666666675
0 0.8207777777777778 0.3245885416666667 0.018629629629629423 0.0067760416666666325
0 0.7683148148148148 0.3226614583333333 0.014351851851851746 0.010145833333333344
0 0.7727037037037036 0.3138229166666666 0.011990740740740888 0.005411458333333385
0 0.7244166666666666 0.32865625 0.012203703703703658 0.008286458333333347
0 0.7738518518518518 0.29146354166666666 0.007981481481481485 0.008583333333333342
0 0.7592685185185185 0.28733854166666667 0.016379629629629574 0.0038906250000000143
0 0.7499259259259259 0.278484375 0.00829629629629633 0.007312500000000011
0 0.7371574074074074 0.274625 0.00813888888888875 0.00923437500000004
0 0.7971111111111111 0.267953125 0.012416666666666742 0.00763541666666665
0 0.8034907407407407 0.27556250000000004 0.009953703703703808 0.00809375000000001
0 0.7048148148148149 0.2856197916666666 0.017129629629629602 0.006531250000000011
0 0.750537037037037 0.3086770833333333 0.011351851851851948 0.006078125000000068
0 0.6836666666666666 0.3096927083333333 0.011777777777777804 0.006489583333333382
0 0.6414537037037037 0.33101041666666664 0.007870370370370318 0.006666666666666643
0 0.6445092592592593 0.310484375 0.010009259259259155 0.008677083333333346
0 0.6507407407407407 0.28418229166666664 0.010175925925925988 0.004864583333333261
0 0.6686574074074073 0.2675208333333333 0.010120370370370483 0.007072916666666628
0 0.6471574074074073 0.26116666666666666 0.01627777777777766 0.007010416666666686
0 0.6415092592592593 0.24898958333333332 0.012583333333333257 0.006447916666666664
0 0.6608888888888889 0.24099479166666665 0.010657407407407346 0.007015625000000014
0 0.6665648148148148 0.23620312499999999 0.009157407407407447 0.006473958333333307
0 0.6721574074074073 0.2294427083333333 0.012314814814814825 0.006500000000000039
0 0.6311759259259259 0.22824999999999998 0.010120370370370483 0.007432291666666657
0 0.6109444444444444 0.25158854166666667 0.012472222222222247 0.004723958333333389
0 0.5992962962962963 0.26600520833333335 0.014351851851851904 0.00795312499999996
0 0.587037037037037 0.26034375 0.010175925925925988 0.006265624999999986
0 0.5699537037037037 0.254859375 0.015629629629629785 0.004937500000000039
0 0.5976666666666667 0.28532812500000004 0.009796296296296228 0.005947916666666675
0 0.5870092592592593 0.2833697916666667 0.008509259259259256 0.007453124999999972
0 0.5748796296296296 0.27789062499999995 0.010490740740740674 0.007328124999999996
0 0.5833425925925926 0.24604166666666663 0.015416666666666698 0.005364583333333339
0 0.5710833333333333 0.24442708333333335 0.016814814814814838 0.0042499999999999535
0 0.5824074074074074 0.2252239583333333 0.012157407407407561 0.00529166666666665
0 0.5664537037037036 0.23255729166666664 0.01237037037037033 0.0058072916666666256
0 0.5503055555555556 0.23257291666666666 0.014027777777777809 0.007947916666666633
0 0.5370092592592592 0.23241145833333335 0.01225925925925932 0.007317708333333339