0 0.5781759259259259 0.2670833333333333 0.020268518518518557 0.008468750000000025
0 0.619574074074074 0.2757135416666666 0.022000000000000044 0.006838541666666753
0 0.6097314814814815 0.2944427083333333 0.023157407407407345 0.006515625000000025
0 0.47857407407407404 0.28890625000000003 0.013314814814814863 0.01172395833333333
0 0.44094444444444447 0.332875 0.026055555555555544 0.006515625000000025
0 0.46351851851851855 0.36007291666666663 0.02142592592592602 0.01335416666666669
0 0.47857407407407404 0.2713177083333333 0.016796296296296337 0.005864583333333328
0 0.3610277777777778 0.3125208333333333 0.007527777777777721 0.006838541666666753
0 0.3584259259259259 0.332875 0.010425925925925918 0.00781770833333333
0 0.337287037037037 0.35811979166666663 0.009842592592592563 0.006187500000000057
0 0.3752222222222222 0.41870312499999995 0.025481481481481518 0.004885416666666665
0 0.8265833333333333 0.37082291666666667 0.016796296296296493 0.006187500000000057
0 0.9276203703703704 0.38059374999999995 0.01158333333333322 0.010098958333333385
0 0.9504999999999999 0.3745677083333333 0.01331481481481502 0.00390625
0 0.9392037037037038 0.41071875 0.017370370370370362 0.01107291666666672
0 0.6511574074074074 0.6861197916666666 0.010249999999999993 0.010958333333333315
0 0.8030092592592593 0.7364322916666667 0.017305555555555605 0.00642708333333335
0 0.7621666666666667 0.7701145833333333 0.017305555555555605 0.00603645833333335
0 0.9296944444444445 0.698859375 0.017305555555555605 0.008369791666666692
0 0.9895925925925926 0.6632291666666668 0.02081481481481483 0.007203125000000021
0 0.9942407407407406 0.547484375 0.006574074074074095 0.010125000000000028
0 0.8275833333333332 0.47865624999999995 0.020074074074074133 0.007203125000000021
0 0.6430648148148148 0.5287447916666667 0.010203703703703739 0.011687500000000028
0 0.6659722222222222 0.7887552083333333 0.01479629629629626 0.005348958333333265
0 0.7468333333333333 0.7849895833333334 0.014444444444444255 0.005348958333333265
0 0.5960277777777777 0.8010468749999999 0.015851851851851805 0.005348958333333353
0 0.360824074074074 0.7730989583333333 0.0147962962962963 0.006145833333333428
0 0.3199444444444445 0.73603125 0.017620370370370373 0.007729166666666743
0 0.3675185185185185 0.71690625 0.0162129629629629 0.007135416666666572
0 0.24912037037037038 0.7174999999999999 0.009870370370370314 0.00911979166666672
0 0.20225925925925925 0.6687447916666667 0.012685185185185174 0.0063437499999999146
0 0.3164259259259259 0.608984375 0.01902777777777776 0.006541666666666579
0 0.15327777777777776 0.595703125 0.009870370370370394 0.00891666666666655
0 0.1435925925925926 0.5669635416666666 0.00880555555555556 0.0085208333333334
0 0.13442592592592592 0.550515625 0.01656481481481479 0.007333333333333236
0 0.15169444444444444 0.5335677083333333 0.015851851851851843 0.011890625000000021
0 0.1252685185185185 0.514640625 0.013740740740740718 0.006145833333333251
0 0.20719444444444446 0.50453125 0.009870370370370394 0.007729166666666565
0 0.23801851851851852 0.468359375 0.008805555555555521 0.011098958333333363
0 0.20737037037037037 0.38392187499999997 0.008101851851851825 0.009119791666666632
0 0.4548611111111111 0.6608333333333333 0.010916666666666686 0.0035312500000001636
0 0.44040740740740736 0.617015625 0.01146296296296296 0.0027604166666668206
0 0.4977685185185185 0.42056249999999995 0.004638888888888933 0.005213541666666721