0 0.3257407407407407 0.256953125 0.027203703703703674 0.01662499999999998
0 0.4881018518518518 0.25884375 0.024277777777777804 0.010859374999999982
0 0.5717222222222222 0.25702083333333337 0.013796296296296381 0.010552083333333328
0 0.5621481481481482 0.28840104166666664 0.0224444444444444 0.007729166666666653
0 0.6544537037037036 0.268609375 0.01836111111111099 0.0056197916666666185
0 0.7657592592592591 0.265109375 0.020212962962962894 0.009244791666666696
0 0.6683518518518519 0.31554166666666666 0.015833333333333303 0.006307291666666615
0 0.8008333333333332 0.314109375 0.013990740740740647 0.009958333333333246
0 0.8435370370370369 0.3161614583333333 0.010981481481481283 0.005859375
0 0.901787037037037 0.4066979166666666 0.01146296296296296 0.005447916666666686
0 0.6945370370370371 0.368484375 0.011268518518518534 0.008640624999999957
0 0.6628148148148149 0.38283854166666664 0.010981481481481441 0.008588541666666671
0 0.9088333333333332 0.4459895833333333 0.010009259259259313 0.00830729166666675
0 0.9145185185185184 0.48411979166666663 0.011268518518518691 0.008010416666666664
0 0.7002685185185185 0.4998541666666666 0.011268518518518534 0.00596354166666675
0 0.7957314814814814 0.5710729166666667 0.013703703703703557 0.007906249999999915
0 0.8776388888888889 0.6161458333333333 0.011175925925925867 0.007906249999999915
0 0.8928981481481482 0.5978854166666666 0.009620370370370463 0.006364583333333229
0 0.4897592592592593 0.5892864583333333 0.009620370370370463 0.007557291666666721
0 0.6194259259259259 0.631 0.011657407407407384 0.004822916666666721
0 0.6703425925925925 0.6627083333333333 0.01865740740740749 0.00390625
0 0.7418518518518519 0.697875 0.01749074074074094 0.007947916666666721
0 0.8669074074074073 0.707265625 0.01029629629629609 0.006505208333333279
0 0.7934444444444444 0.7299010416666667 0.009518518518518388 0.008052083333333293
0 0.44837037037037036 0.7957656249999999 0.009814814814814889 0.00532812499999995
0 0.3801574074074074 0.7555 0.010203703703703739 0.008421874999999978
0 0.26229629629629625 0.7244791666666666 0.017388888888888863 0.005947916666666764
0 0.2544259259259259 0.7553124999999999 0.015259259259259276 0.008588541666666494
0 0.19850925925925925 0.763296875 0.012046296296296314 0.013624999999999865
0 0.11601851851851852 0.7199479166666667 0.01146296296296296 0.003994791666666764
0 0.09809259259259259 0.7074843749999999 0.011564814814814837 0.007484374999999943
0 0.13933333333333334 0.6509375 0.01185185185185185 0.00886979166666677
0 0.1013425925925926 0.5263541666666667 0.010101851851851862 0.01086979166666655
0 0.060583333333333336 0.5701458333333334 0.010981481481481481 0.009911458333333378
0 0.1846111111111111 0.49215625 0.018462962962962966 0.009697916666666551
0 0.472 0.4703645833333333 0.02931481481481484 0.019437499999999906
0 0.08842592592592591 0.4462499999999999 0.014592592592592574 0.009781249999999986
0 0.19366666666666665 0.38001562499999997 0.032453703703703714 0.00877604166666659
0 0.1958240740740741 0.34433854166666666 0.023666666666666693 0.011098958333333275
0 0.18548148148148147 0.3398125 0.022027777777777795 0.008755208333333275