0 0.4327222222222221 0.2670208333333333 0.0121203703703704 0.006468749999999979
0 0.40984259259259254 0.27705729166666665 0.010999999999999944 0.007036458333333329
0 0.43049074074074073 0.28598958333333335 0.01084259259259268 0.004057291666666618
0 0.427324074074074 0.29136458333333326 0.010481481481481581 0.005161458333333346
0 0.4422499999999999 0.28327604166666664 0.00805555555555565 0.007151041666666647
0 0.44228703703703703 0.27710937499999994 0.00574074074074073 0.004234375000000057
0 0.44673148148148145 0.2763020833333333 0.008888888888888858 0.005453125000000014
0 0.4813425925925926 0.2702135416666666 0.00892592592592602 0.004567708333333353
0 0.4878055555555556 0.2641041666666667 0.013231481481481448 0.006020833333333364
0 0.5006759259259259 0.267984375 0.010120370370370483 0.007947916666666633
0 0.48898148148148146 0.28086979166666665 0.016620370370370414 0.005692708333333396
0 0.4907314814814815 0.29027083333333337 0.013351851851851866 0.007557291666666632
0 0.49695370370370373 0.30441666666666667 0.00864814814814802 0.007052083333333315
0 0.47762037037037036 0.3044479166666666 0.007453703703703714 0.007343749999999982
0 0.4649259259259259 0.28981250000000003 0.0095648148148148 0.005203124999999975
0 0.46449074074074065 0.3025729166666667 0.012675925925925924 0.006062500000000082
0 0.41400925925925924 0.30883333333333335 0.007768518518518558 0.006473958333333396
0 0.40724999999999995 0.30311458333333335 0.011398148148148044 0.005348958333333353
0 0.3799537037037037 0.27755729166666665 0.007018518518518609 0.007822916666666657
0 0.37755555555555553 0.2701041666666667 0.011796296296296305 0.0056875000000000675
0 0.36273148148148143 0.2660208333333333 0.012435185185185086 0.0046979166666666575
0 0.34479629629629627 0.2695625 0.01163888888888896 0.006406249999999947
0 0.33099074074074075 0.26800520833333336 0.009925925925925977 0.00575520833333334
0 0.3451574074074074 0.27934375 0.007574074074074054 0.005333333333333368
0 0.3471111111111111 0.28325520833333334 0.0108425925925926 0.0032083333333333464
0 0.3633333333333333 0.28953124999999996 0.011083333333333358 0.0032031250000000176
0 0.3660833333333333 0.29290625 0.0095648148148148 0.003854166666666714
0 0.3668796296296296 0.2981927083333333 0.007972222222222235 0.005140624999999943
0 0.3592222222222222 0.29653125 0.007018518518518609 0.004515625000000067
0 0.3572314814814815 0.306890625 0.010999999999999982 0.006401041666666618
0 0.34575 0.30559375 0.010361111111111161 0.007390625000000028
0 0.3454907407407407 0.3150364583333333 0.007296296296296292 0.004536458333333382
0 0.3194722222222222 0.28858854166666664 0.010805555555555518 0.0049947916666666535
0 0.29816666666666664 0.29022916666666665 0.010046296296296317 0.005130208333333286
0 0.2811296296296296 0.2808072916666666 0.008490740740740677 0.006026041666666604
0 0.2840555555555555 0.2887708333333333 0.0121203703703704 0.006255208333333329
0 0.27241666666666664 0.2906197916666667 0.007972222222222235 0.005244791666666604
0 0.26311111111111113 0.292265625 0.006259259259259251 0.006078125000000068
0 0.25775 0.3015208333333333 0.010518518518518505 0.0037239583333334102
0 0.3043240740740741 0.30093749999999997 0.011518518518518542 0.006145833333333339
0 0.27094444444444443 0.3076875 0.01060185185185192 0.00575000000000001
0 0.3094444444444444 0.3073177083333333 0.009481481481481464 0.0034374999999999822
0 0.3130925925925926 0.30986979166666667 0.013111111111111108 0.003109375000000014
0 0.3056574074074074 0.3160625 0.006851851851851857 0.006875000000000053
0 0.29621296296296296 0.32011979166666665 0.008527777777777837 0.007078124999999958
0 0.28188888888888886 0.32798958333333333 0.009370370370370374 0.006223958333333357
0 0.35183333333333333 0.329671875 0.010166666666666697 0.005552083333333346
0 0.39846296296296296 0.3203958333333333 0.009370370370370374 0.00830729166666666
0 0.4404537037037037 0.32635416666666667 0.01148148148148146 0.006088541666666725
0 0.4699907407407407 0.32936979166666663 0.020166666666666642 0.0047239583333333005
0 0.4941203703703704 0.32677604166666663 0.011361111111111042 0.0055937499999999755
0 0.5022129629629629 0.334625 0.011999999999999981 0.006046874999999919
0 0.46012037037037035 0.3364791666666666 0.0075370370370369715 0.006833333333333247
0 0.5232962962962963 0.31131770833333333 0.01478703703703701 0.009421874999999958
0 0.5362314814814815 0.320171875 0.017055555555555674 0.006062500000000082
0 0.5326574074074074 0.279890625 0.009601851851851804 0.008229166666666643
0 0.54175 0.2869479166666667 0.010564814814814838 0.005072916666666672
0 0.5448333333333333 0.283546875 0.008768518518518596 0.00522395833333329
0 0.56225 0.2766302083333333 0.007731481481481397 0.005062500000000014
0 0.5756666666666667 0.28534375 0.00864814814814802 0.0061250000000000245
0 0.5872685185185185 0.2845364583333333 0.010398148148148165 0.00809895833333334
0 0.5685092592592592 0.2939739583333333 0.00764814814814814 0.0059062499999999575
0 0.5617129629629629 0.29933333333333334 0.011037037037037104 0.004515625000000067
0 0.5945185185185186 0.299515625 0.008888888888888858 0.005770833333333325
0 0.5932222222222221 0.3058020833333333 0.006694444444444514 0.006088541666666725
0 0.6060185185185185 0.28426562499999997 0.009166666666666698 0.00486979166666659
0 0.6184074074074074 0.26641666666666663 0.011083333333333358 0.005036458333333371
0 0.626898148148148 0.27636979166666664 0.006694444444444514 0.003427083333333325
0 0.6381574074074075 0.2667604166666666 0.009685185185185219 0.003265624999999961
0 0.6521666666666667 0.27009375 0.006537037037036934 0.006114583333333368
0 0.6608611111111111 0.27342187500000004 0.006055555555555574 0.007171874999999961
0 0.6749722222222222 0.280734375 0.011953703703703727 0.006546874999999996
0 0.6951388888888889 0.2849947916666667 0.017055555555555674 0.005203124999999975
0 0.7178888888888889 0.2875625 0.010120370370370325 0.007427083333333329
0 0.6764814814814815 0.29948437499999997 0.00892592592592602 0.007729166666666653
0 0.6557777777777777 0.3006145833333333 0.00984259259259264 0.00977083333333333
0 0.6823796296296296 0.3081614583333333 0.01084259259259268 0.00401041666666666
0 0.656 0.3126458333333333 0.012277777777777821 0.0075989583333332614
0 0.6391203703703703 0.3264375 0.01710185185185193 0.0047239583333333005
0 0.5880648148148148 0.3191614583333333 0.010722222222222102 0.005161458333333346
0 0.5741944444444443 0.31913020833333333 0.008490740740740755 0.006661458333333314
0 0.5620925925925925 0.31747916666666665 0.014185185185185073 0.006729166666666675
0 0.6977037037037037 0.31876041666666666 0.012712962962962928 0.007942708333333303
0 0.7396574074074074 0.311640625 0.018490740740740662 0.0060312499999999325
0 0.7824629629629628 0.30360937499999996 0.011314814814814946 0.00880729166666674
0 0.8169166666666666 0.31515624999999997 0.014231481481481486 0.004416666666666647
0 0.7904907407407407 0.321546875 0.015268518518518527 0.00553645833333336
0 0.7651018518518516 0.3196979166666667 0.011037037037037104 0.005338541666666696
0 0.7543796296296296 0.32410416666666664 0.007768518518518716 0.00401041666666666
0 0.7479444444444444 0.3201614583333333 0.01148148148148146 0.006036458333333261
0 0.7335925925925925 0.322671875 0.010842592592592522 0.004781250000000003
0 0.7531851851851852 0.33352604166666666 0.0117592592592593 0.0049687500000000105
0 0.7572500000000001 0.33956770833333333 0.007537037037037129 0.007416666666666671
0 0.7640092592592591 0.33625 0.0070925925925927735 0.007052083333333315
0 0.7916851851851852 0.333125 0.009685185185185219 0.00684895833333341
0 0.8137870370370369 0.32595833333333335 0.01530555555555553 0.00575000000000001
0 0.8005555555555556 0.34151041666666665 0.009250000000000114 0.006588541666666714
0 0.8471666666666667 0.3328541666666667 0.01710185185185177 0.008479166666666682
0 0.8184537037037036 0.33363020833333334 0.013555555555555543 0.003567708333333286
0 0.8254444444444443 0.3385520833333333 0.007138888888889028 0.0042604166666667
0 0.8292685185185185 0.34310416666666665 0.010638888888889003 0.00546875
0 0.8625277777777778 0.3436979166666666 0.01466666666666659 0.005401041666666639
0 0.8647407407407406 0.35071874999999997 0.01622222222222231 0.004364583333333361
0 0.8166018518518517 0.35696874999999995 0.013666666666666553 0.006114583333333368
0 0.8020462962962963 0.3617916666666666 0.007453703703703556 0.008140625000000058
0 0.7850277777777778 0.3661979166666667 0.011435185185185206 0.010453124999999997
0 0.7462129629629629 0.35118229166666665 0.012555555555555506 0.005458333333333343
0 0.7611759259259259 0.37202604166666664 0.014111111111111225 0.0077656250000000425
0 0.7894537037037037 0.3835 0.009768518518518477 0.004921875000000053
0 0.8058333333333333 0.37560416666666663 0.008092592592592495 0.0034843750000000282
0 0.8080462962962962 0.3794635416666667 0.009648148148148215 0.004921875000000053
0 0.8179166666666666 0.36476041666666664 0.010481481481481423 0.006682291666666629
0 0.8328425925925925 0.3632916666666667 0.011083333333333358 0.005453125000000014
0 0.8374259259259258 0.36797916666666663 0.005259259259259213 0.004375000000000018
0 0.834111111111111 0.373765625 0.011722222222222299 0.004682291666666671
0 0.8297870370370369 0.37784375 0.008805555555555442 0.005489583333333314
0 0.8531666666666666 0.37339583333333326 0.011879629629629563 0.006093750000000053
0 0.8634444444444443 0.3736041666666667 0.012037037037037143 0.005442708333333357
0 0.8961296296296297 0.37701562499999997 0.013629629629629549 0.006697916666666614
0 0.8593611111111111 0.39555208333333336 0.011833333333333309 0.009078125000000003
0 0.9040462962962963 0.40196354166666665 0.010962962962962782 0.0058958333333333
0 0.8984629629629629 0.417484375 0.008166666666666503 0.0072083333333333496
0 0.9157222222222221 0.41380729166666663 0.009129629629629536 0.007921875000000078
0 0.9252685185185184 0.41424479166666667 0.011953703703703885 0.0063333333333334355
0 0.8358888888888888 0.405203125 0.006972222222222197 0.004348958333333286
0 0.8243333333333334 0.40606770833333333 0.010962962962962782 0.006124999999999936
0 0.8146666666666665 0.413109375 0.017138888888888777 0.004906249999999978
0 0.7881203703703703 0.40905208333333326 0.011083333333333358 0.003567708333333286
0 0.7887962962962962 0.4154010416666667 0.010685185185185258 0.006843749999999993
0 0.7715000000000001 0.41441145833333326 0.007333333333333295 0.006666666666666643
0 0.7593425925925926 0.4071874999999999 0.014583333333333334 0.005984375000000064
0 0.7419907407407408 0.3874583333333333 0.006101851851851671 0.008354166666666617
0 0.7318796296296295 0.3916354166666667 0.008129629629629499 0.00682291666666659
0 0.7248703703703703 0.376375 0.011000000000000102 0.004130208333333396
0 0.8365462962962962 0.42223958333333333 0.015620370370370375 0.004161458333333279
0 0.8363055555555555 0.4307395833333333 0.014509259259259326 0.002776041666666629
0 0.7824629629629628 0.43239583333333337 0.008212962962962757 0.005197916666666735
0 0.7886388888888888 0.4296510416666666 0.00781481481481497 0.006208333333333371
0 0.7909537037037038 0.4350312499999999 0.006379629629629828 0.004416666666666735
0 0.7690648148148148 0.42681249999999993 0.012833333333333346 0.004343749999999957
0 0.8555370370370371 0.427921875 0.009925925925926057 0.004994791666666565
0 0.8634074074074074 0.430828125 0.008129629629629499 0.00564583333333335
0 0.8552777777777777 0.4378020833333333 0.006851851851851936 0.0039010416666666716
0 0.8721203703703703 0.444453125 0.007055555555555455 0.005447916666666686
0 0.8705462962962962 0.4246510416666666 0.009009259259259276 0.005619791666666707
0 0.8708055555555556 0.4170052083333333 0.008648148148148177 0.003328124999999993
0 0.8963148148148147 0.4449427083333333 0.0088888888888887 0.006255208333333329
0 0.9215185185185185 0.43599999999999994 0.006694444444444356 0.004999999999999893
0 0.9300648148148147 0.45363020833333334 0.00793518518518523 0.007531250000000078
0 0.933675925925926 0.46465104166666665 0.010685185185185258 0.004281250000000014
0 0.9173703703703704 0.46424479166666666 0.010120370370370325 0.00298437499999995
0 0.8890370370370368 0.4835364583333333 0.006851851851851936 0.007479166666666615
0 0.8960277777777778 0.49241145833333333 0.010638888888889003 0.008864583333333264
0 0.8858055555555555 0.4903697916666666 0.007574074074074133 0.007921875000000078
0 0.86975 0.4821041666666666 0.012916666666666604 0.0050677083333333425
0 0.8592407407407407 0.47381770833333337 0.010638888888889003 0.007104166666666778
0 0.8328148148148148 0.472953125 0.01750000000000019 0.005161458333333435
0 0.8200277777777777 0.4765052083333333 0.01518518518518527 0.004552083333333279
0 0.8238518518518518 0.4834739583333333 0.01072222222222226 0.007359375000000057
0 0.794935185185185 0.4698489583333333 0.009166666666666856 0.00947916666666675
0 0.8418703703703704 0.498171875 0.016138888888889053 0.006067708333333322
0 0.8711203703703703 0.491140625 0.011833333333333309 0.00869270833333342
0 0.8949537037037035 0.5042708333333333 0.008731481481481436 0.009723958333333371
0 0.8670555555555555 0.508109375 0.010398148148148165 0.005286458333333322
0 0.9172592592592592 0.5032916666666667 0.00845370370370391 0.00596354166666675
0 0.9408518518518518 0.5052187499999999 0.010685185185185258 0.008927083333333386
0 0.9233518518518518 0.5133125 0.008212962962962757 0.006734375000000093
0 0.9132499999999999 0.5120260416666667 0.009444444444444382 0.006619791666666685
0 0.9302314814814815 0.5181927083333333 0.010805555555555518 0.004812500000000064
0 0.9398888888888889 0.525953125 0.009407407407407378 0.007125000000000092
0 0.9126296296296295 0.5281822916666666 0.009722222222222222 0.00642708333333335
0 0.9147222222222221 0.534578125 0.009527777777777639 0.006119791666666608
0 0.9149999999999999 0.543109375 0.010962962962962782 0.004447916666666707
0 0.894574074074074 0.527875 0.010361111111111161 0.008723958333333393
0 0.8559537037037036 0.5255625 0.015064814814814692 0.005447916666666686
0 0.8157777777777776 0.5279270833333334 0.01888888888888908 0.0048437500000000355
0 0.8262037037037036 0.53684375 0.007212962962963035 0.006937500000000085
0 0.8080925925925925 0.5435833333333333 0.009564814814814642 0.0040468750000000496
0 0.9311666666666666 0.5562552083333333 0.008611111111111173 0.008317708333333229
0 0.9454537037037037 0.549953125 0.017657407407407455 0.006927083333333428
0 0.9015092592592592 0.549953125 0.01148148148148146 0.005130208333333286
0 0.8799537037037036 0.5477552083333334 0.009009259259259276 0.007015624999999836
0 0.9083425925925925 0.5676249999999999 0.015898148148148217 0.00795312500000005
0 0.9125277777777777 0.5785677083333333 0.009925925925926057 0.004968749999999922
0 0.8209444444444444 0.5582083333333333 0.009370370370370374 0.008187499999999837
0 0.8756851851851852 0.5961666666666667 0.008287037037037079 0.006536458333333428
0 0.8070555555555554 0.5854479166666666 0.00845370370370391 0.004828125000000049
0 0.8878796296296296 0.5946770833333332 0.00781481481481497 0.008260416666666793
0 0.9050370370370371 0.596953125 0.010564814814814995 0.006760416666666736
0 0.913074074074074 0.591578125 0.010046296296296317 0.005661458333333336
0 0.9021481481481481 0.6109010416666667 0.012750000000000088 0.005473958333333506
0 0.9307222222222221 0.6126822916666665 0.010601851851852 0.006166666666666742
0 0.9134259259259259 0.6182447916666666 0.008527777777777917 0.008546874999999865
0 0.9104166666666667 0.6262291666666666 0.00856481481481492 0.006578125000000057
0 0.8723796296296294 0.6162708333333333 0.012518518518518502 0.005499999999999972
0 0.8653055555555556 0.631359375 0.009527777777777639 0.007192708333333364
0 0.8558333333333332 0.6396302083333333 0.009722222222222222 0.0053593749999999215
0 0.8560925925925926 0.6460572916666667 0.01120370370370362 0.005432291666666522
0 0.9041018518518518 0.6401145833333333 0.014425925925925754 0.007442708333333314
0 0.8894722222222222 0.6477864583333333 0.011000000000000102 0.0075416666666667355
0 0.8989814814814815 0.6562187500000001 0.009925925925926057 0.0073645833333332075
0 0.9063703703703703 0.6614322916666666 0.012277777777777664 0.006807291666666692
0 0.9316203703703704 0.6562187500000001 0.01717592592592578 0.008260416666666793
0 0.903324074074074 0.6701093749999999 0.00840740740740734 0.0066770833333334775
0 0.9152222222222223 0.67015625 0.013712962962962807 0.006765624999999886
0 0.8246481481481481 0.6438697916666667 0.013509259259259289 0.007333333333333236
0 0.8121111111111111 0.6370729166666667 0.011240740740740938 0.005848958333333343
0 0.7939814814814814 0.6416614583333333 0.009250000000000114 0.0085208333333334
0 0.7871481481481482 0.6513385416666666 0.011120370370370362 0.007473958333333286
0 0.8104166666666667 0.6713229166666667 0.012472222222222247 0.009781250000000163
0 0.8163611111111111 0.6816510416666667 0.010962962962962782 0.0077916666666666854
0 0.8416851851851852 0.6747656249999999 0.014111111111111225 0.006125000000000114
0 0.8475648148148148 0.6873906249999999 0.01470370370370391 0.006718750000000107
0 0.8463888888888889 0.7032864583333333 0.01586111111111121 0.004651041666666522
0 0.8685740740740739 0.702453125 0.010166666666666577 0.005531249999999943
0 0.8849722222222222 0.6846927083333332 0.016814814814814998 0.006973958333333208
0 0.9066759259259258 0.6812760416666667 0.013666666666666553 0.005244791666666693
0 0.9169537037037035 0.683078125 0.01223148148148141 0.005942708333333257
0 0.917111111111111 0.6902083333333333 0.011916666666666565 0.004062500000000036
0 0.9184537037037036 0.6972395833333334 0.01044444444444442 0.005791666666666551
0 0.9221944444444444 0.702296875 0.010916666666666528 0.00447395833333335
0 0.8486018518518519 0.7174270833333333 0.008092592592592495 0.005583333333333229
0 0.844361111111111 0.7237499999999999 0.012750000000000088 0.0038854166666666854
0 0.8193703703703703 0.7275625 0.011398148148148202 0.01061458333333345
0 0.7963703703703704 0.7186822916666665 0.009250000000000114 0.006302083333333286
0 0.8578703703703703 0.7370625000000001 0.015222222222222272 0.006484374999999964
0 0.8776018518518517 0.736953125 0.013231481481481448 0.005401041666666551
0 0.8882962962962963 0.7409010416666666 0.0113611111111112 0.0055364583333334496
0 0.8469907407407407 0.7590208333333333 0.010046296296296317 0.006494791666666622
0 0.7711018518518518 0.7374479166666668 0.010518518518518425 0.0072864583333332785
0 0.7522685185185185 0.7273541666666666 0.02267592592592583 0.007729166666666743
0 0.8446574074074074 0.7729427083333332 0.0113611111111112 0.005192708333333229
0 0.8040648148148147 0.76378125 0.00764814814814814 0.003942708333333478
0 0.8086851851851852 0.7665624999999999 0.011157407407407366 0.003416666666666579
0 0.8076481481481481 0.7703385416666666 0.011638888888888725 0.004499999999999993
0 0.8078703703703703 0.7780885416666667 0.012398148148148241 0.004916666666666636
0 0.7844537037037036 0.7765885416666667 0.016583333333333408 0.005083333333333506
0 0.7439166666666666 0.7685104166666666 0.021120370370370425 0.007479166666666792
0 0.6969722222222222 0.7671458333333334 0.010916666666666686 0.009963541666666664
0 0.6956296296296296 0.7819895833333333 0.009685185185185219 0.006473958333333307
0 0.7130925925925925 0.781015625 0.00610185185185175 0.006093749999999965
0 0.7296944444444444 0.78959375 0.01530555555555553 0.009572916666666664
0 0.6986851851851852 0.7979166666666666 0.010361111111111161 0.007828125000000075
0 0.6698888888888889 0.7975520833333333 0.018138888888888812 0.00723958333333341
0 0.7163425925925926 0.8116354166666666 0.022083333333333222 0.007770833333333371
0 0.7514722222222221 0.8095312499999998 0.010324074074074159 0.00954166666666687
0 0.7562314814814814 0.8023333333333333 0.014824074074074172 0.004557291666666785
0 0.766435185185185 0.80921875 0.008768518518518438 0.010708333333333186
0 0.7009166666666666 0.7041770833333333 0.01084259259259268 0.010249999999999915
0 0.7138055555555555 0.6985364583333333 0.012398148148148241 0.010401041666666621
0 0.7171944444444445 0.7145833333333333 0.004740740740740534 0.005947916666666764
0 0.5922037037037037 0.73203125 0.015425925925925949 0.011249999999999894
0 0.5534814814814815 0.7403385416666667 0.019370370370370437 0.004781249999999915
0 0.5492037037037036 0.7268958333333334 0.017175925925925935 0.00546875
0 0.5416111111111112 0.7540416666666666 0.017620370370370293 0.005729166666666607
0 0.5155 0.7420260416666666 0.007490740740740718 0.010385416666666637
0 0.506212962962963 0.7428958333333332 0.01044444444444442 0.009895833333333392
0 0.4923888888888889 0.70625 0.009083333333333284 0.010135416666666685
0 0.508611111111111 0.698796875 0.008851851851851854 0.006208333333333371
0 0.5202870370370369 0.6806927083333333 0.0058981481481479945 0.008343750000000049
0 0.5102777777777777 0.6815208333333332 0.010601851851851841 0.007760416666666714
0 0.5823055555555555 0.6636614583333333 0.010361111111111161 0.009026041666666628
0 0.672037037037037 0.6585729166666667 0.011675925925925887 0.007369791666666714
0 0.7091666666666666 0.6693489583333333 0.01570370370370379 0.007177083333333378
0 0.7476666666666666 0.6582708333333334 0.01722222222222203 0.00564583333333335
0 0.7474629629629629 0.6362656250000001 0.01028703703703684 0.007151041666666735
0 0.7310648148148147 0.6408177083333333 0.012157407407407403 0.008630208333333477
0 0.6795925925925926 0.6301145833333333 0.016657407407407416 0.007624999999999993
0 0.7793703703703704 0.6145625 0.027138888888888837 0.0075677083333333785
0 0.6218796296296296 0.6180260416666666 0.010203703703703739 0.00990625000000005
0 0.5467592592592592 0.63759375 0.023259259259259105 0.006791666666666707
0 0.5211018518518518 0.62071875 0.018490740740740818 0.008932291666666713
0 0.6288981481481482 0.5988489583333333 0.013629629629629707 0.0049479166666666075
0 0.6774814814814815 0.5932291666666666 0.019287037037037023 0.007390625000000028
0 0.6351388888888889 0.8167291666666665 0.009518518518518546 0.007447916666666643
0 0.644037037037037 0.822140625 0.012962962962963016 0.006020833333333186
0 0.6371203703703704 0.8233802083333334 0.01493518518518534 0.007984374999999844
0 0.6231666666666666 0.8201041666666665 0.01120370370370362 0.010911458333333356
0 0.6421296296296296 0.8335989583333333 0.016768518518518426 0.005354166666666771
0 0.5879166666666666 0.8424739583333333 0.016111111111111142 0.011994791666666772
0 0.5730555555555555 0.8482031249999998 0.017129629629629682 0.006145833333333428
0 0.578 0.8232552083333333 0.018962962962962928 0.008562500000000028
0 0.570861111111111 0.8060989583333333 0.019472222222222196 0.0109010416666667
0 0.5646018518518519 0.7910833333333334 0.017055555555555674 0.009286458333333237
0 0.5364074074074074 0.7999218749999999 0.011935185185185226 0.01171875
0 0.5279166666666666 0.7911874999999999 0.013833333333333383 0.004135416666666636
0 0.5081111111111111 0.7801458333333333 0.011712962962963046 0.010062500000000085
0 0.5000555555555555 0.79203125 0.016111111111111142 0.007062499999999972
0 0.47904629629629625 0.8012395833333332 0.028259259259259296 0.007765624999999954
0 0.4406111111111111 0.8055208333333332 0.012009259259259232 0.006453124999999815
0 0.4219722222222222 0.8107343749999998 0.01339814814814812 0.009874999999999901
0 0.4621388888888889 0.8195520833333333 0.010546296296296337 0.009385416666666656
0 0.48062037037037036 0.8376354166666665 0.014574074074074083 0.011786458333333272
0 0.43446296296296294 0.8333489583333332 0.016694444444444418 0.008156250000000042
0 0.423037037037037 0.8417135416666666 0.026064814814814794 0.010880208333333386
0 0.3130277777777778 0.8338333333333333 0.017648148148148125 0.011187500000000128
0 0.3354722222222222 0.7961197916666667 0.012009259259259311 0.011125000000000097
0 0.30882407407407403 0.7990260416666667 0.011425925925925956 0.01157812500000004
0 0.38284259259259257 0.7862343749999999 0.014499999999999917 0.009468749999999915
0 0.4398055555555555 0.7733385416666666 0.015083333333333353 0.009213541666666636
0 0.42933333333333334 0.7609791666666667 0.01991666666666671 0.009208333333333308
0 0.3692962962962963 0.7685416666666666 0.015231481481481523 0.011562499999999965
0 0.3404537037037037 0.7784270833333332 0.03075000000000002 0.00827083333333345
0 0.3271296296296296 0.7597864583333334 0.025185185185185255 0.0109375
0 0.3627407407407407 0.74553125 0.024962962962962996 0.012083333333333179
0 0.3934629629629629 0.7446458333333333 0.027231481481481506 0.009895833333333392
0 0.2889074074074074 0.7878177083333332 0.01083333333333335 0.008932291666666713
0 0.27565740740740735 0.7970677083333332 0.030018518518518455 0.008901041666666654
0 0.25463888888888886 0.8098385416666666 0.01786111111111105 0.005098958333333315
0 0.2647129629629629 0.8234739583333333 0.014712962962962924 0.011468749999999871
0 0.22473148148148148 0.8159166666666666 0.012518518518518502 0.007468749999999957
0 0.2507222222222222 0.7758854166666667 0.017648148148148125 0.008124999999999893
0 0.22612962962962962 0.7642447916666666 0.017055555555555598 0.0066770833333334775
0 0.22725925925925924 0.7812187500000001 0.01698148148148143 0.010968749999999972
0 0.2026574074074074 0.7829479166666666 0.019333333333333355 0.009489583333333228
0 0.18929629629629627 0.7893749999999999 0.013250000000000029 0.00916145833333335
0 0.18841666666666665 0.7994270833333333 0.011935185185185146 0.007848958333333388
0 0.19039814814814812 0.8057291666666666 0.025694444444444443 0.004807291666666558
0 0.16326851851851854 0.79378125 0.016111111111111104 0.007270833333333293
0 0.15653703703703703 0.7821458333333333 0.014935185185185182 0.010765624999999978
0 0.12863888888888889 0.7626979166666666 0.01274074074074072 0.004822916666666721
0 0.12783333333333333 0.7573020833333333 0.009666666666666678 0.004734375000000135
0 0.16298148148148148 0.7415260416666667 0.012592592592592627 0.005302083333333307
0 0.17410185185185184 0.7497239583333333 0.009074074074074092 0.005484375000000164
0 0.1478981481481481 0.7352447916666667 0.011712962962962929 0.00962499999999995
0 0.13457407407407407 0.7268385416666666 0.017277777777777815 0.007640624999999979
0 0.11413888888888886 0.7329166666666667 0.01596296296296297 0.01197395833333328
0 0.09202777777777776 0.7508177083333333 0.01859259259259261 0.006171874999999894
0 0.11739814814814815 0.7538854166666666 0.01339814814814816 0.0069583333333334
0 0.11439814814814814 0.7596093749999999 0.01427777777777778 0.0044062500000000785
0 0.23630555555555555 0.7294427083333332 0.016472222222222242 0.008729166666666722
0 0.2177407407407407 0.7227083333333333 0.021379629629629606 0.00802604166666665
0 0.2266759259259259 0.7128229166666665 0.011129629629629613 0.011317708333333343
0 0.2514166666666666 0.7154791666666667 0.012592592592592588 0.0046875
0 0.24995370370370368 0.7042135416666666 0.016694444444444418 0.011395833333333449
0 0.28162037037037035 0.7179062500000001 0.023212962962963008 0.007078125000000135
0 0.30563888888888885 0.7123906249999999 0.010175925925925908 0.009213541666666636
0 0.3915925925925926 0.7290104166666667 0.008277777777777828 0.006552083333333236
0 0.3958055555555556 0.7228333333333332 0.009666666666666717 0.010744791666666665
0 0.4119074074074074 0.7223958333333333 0.019620370370370368 0.01277604166666677
0 0.44280555555555556 0.7318072916666666 0.013472222222222127 0.01413020833333345
0 0.34630555555555553 0.7006666666666665 0.019037037037036974 0.017489583333333236
0 0.2907037037037037 0.684109375 0.012518518518518502 0.012369791666666607
0 0.3263888888888889 0.6720364583333333 0.008490740740740677 0.010468749999999893
0 0.377574074074074 0.6798020833333334 0.013620370370370456 0.0073645833333332075
0 0.23677777777777775 0.682828125 0.016694444444444498 0.010640624999999914
0 0.21916666666666665 0.6910104166666666 0.026138888888888878 0.015052083333333322
0 0.18955555555555553 0.7055104166666666 0.017425925925925945 0.014401041666666715
0 0.12830555555555556 0.6903697916666667 0.01939814814814815 0.008421874999999978
0 0.07662037037037037 0.7097291666666667 0.011203703703703698 0.009255208333333265
0 0.060398148148148145 0.6992239583333333 0.016111111111111125 0.008838541666666621
0 0.04352777777777777 0.7057760416666665 0.013981481481481477 0.011229166666666578
0 0.053231481481481484 0.7181562499999999 0.01581481481481482 0.0108645833333334
0 0.06798148148148148 0.7174739583333333 0.01149074074074073 0.006624999999999837
0 0.07219444444444444 0.7238385416666666 0.014499999999999997 0.007421875
0 0.0793611111111111 0.72184375 0.01186111111111112 0.005473958333333506
0 0.08825925925925925 0.71875 0.019694444444444445 0.011421874999999915
0 0.08613888888888889 0.6703072916666667 0.019990740740740746 0.01235937499999995
0 0.07064814814814814 0.679734375 0.017574074074074058 0.0074947916666666
0 0.055129629629629626 0.6660208333333333 0.016398148148148137 0.008729166666666722
0 0.040962962962962965 0.6626614583333332 0.013101851851851858 0.0098385416666666
0 0.03254629629629629 0.6540937499999999 0.016916666666666656 0.007531250000000078
0 0.1996574074074074 0.6642708333333334 0.011425925925925876 0.012229166666666735
0 0.18311111111111109 0.6472552083333334 0.011129629629629613 0.008677083333333257
0 0.1336574074074074 0.631640625 0.01530555555555557 0.009578124999999993
0 0.11974074074074073 0.6484062500000001 0.018379629629629652 0.007140625000000078
0 0.09796296296296296 0.6453385416666666 0.018009259259259263 0.010203125000000136
0 0.09612962962962962 0.6368125 0.016398148148148155 0.005499999999999972
0 0.08324999999999999 0.6411770833333332 0.010546296296296278 0.009291666666666743
0 0.0669537037037037 0.637140625 0.016768518518518523 0.007807291666666494
0 0.07855555555555556 0.6294583333333332 0.009953703703703711 0.010973958333333478
0 0.05348148148148147 0.6225156249999999 0.01324999999999999 0.009036458333333285
0 0.029027777777777777 0.6244531249999999 0.01808333333333333 0.007140625000000078
0 0.04491666666666666 0.6424791666666666 0.015157407407407413 0.007359375000000057
0 0.04012037037037037 0.60621875 0.021527777777777778 0.006911458333333264
0 0.05762037037037037 0.6043854166666667 0.012009259259259272 0.011890625000000021
0 0.09378703703703704 0.5981614583333333 0.014055555555555562 0.006864583333333308
0 0.10802777777777778 0.5994010416666666 0.012518518518518542 0.00933333333333337
0 0.1645185185185185 0.6054166666666667 0.014935185185185182 0.013130208333333292
0 0.20057407407407407 0.6171927083333333 0.0191111111111111 0.009437499999999942
0 0.19475 0.6039739583333333 0.01976851851851854 0.009421875000000135
0 0.21824999999999997 0.6087916666666666 0.015231481481481445 0.013296875000000163
0 0.18637037037037038 0.5765156250000001 0.015305555555555609 0.009281250000000085
0 0.1983425925925926 0.5693489583333333 0.011129629629629613 0.008124999999999893
0 0.16111111111111112 0.5764322916666667 0.011787037037037054 0.010765624999999978
0 0.1421111111111111 0.5764531249999999 0.018157407407407435 0.009380208333333506
0 0.11143518518518516 0.581640625 0.022407407407407397 0.00888541666666658
0 0.10378703703703702 0.5639687499999999 0.013546296296296292 0.007666666666666622
0 0.09363888888888887 0.566421875 0.01376851851851852 0.008041666666666636
0 0.08012962962962963 0.5922291666666666 0.007981481481481485 0.008177083333333179
0 0.07262962962962963 0.5905833333333333 0.011277777777777784 0.004880208333333335
0 0.05937962962962962 0.5944166666666666 0.013768518518518529 0.006781250000000049
0 0.05136111111111111 0.5841562499999999 0.015888888888888886 0.00685416666666665
0 0.03822222222222222 0.5811927083333334 0.010685185185185178 0.007510416666666764
0 0.02375925925925926 0.5928281249999999 0.01237037037037037 0.0056666666666666645
0 0.05812962962962963 0.5600677083333332 0.014499999999999997 0.010979166666666628
0 0.07954629629629628 0.5524479166666667 0.013694444444444443 0.00973958333333318
0 0.09327777777777778 0.5448645833333334 0.023287037037037047 0.00610937499999995
0 0.10279629629629627 0.5361302083333332 0.016250000000000025 0.006765624999999886
0 0.07581481481481481 0.5423333333333333 0.016768518518518523 0.007218750000000007
0 0.06981481481481482 0.5361927083333333 0.017055555555555577 0.0089479166666667
0 0.05996296296296296 0.5451927083333332 0.015518518518518517 0.005119791666666628
0 0.04898148148148148 0.5354947916666667 0.016981481481481486 0.01001562499999995
0 0.037009259259259256 0.5401927083333333 0.008129629629629627 0.007880208333333449
0 0.03035185185185185 0.5361302083333332 0.007981481481481485 0.006765624999999886
0 0.038 0.5466979166666667 0.010833333333333339 0.007718750000000085
0 0.18578703703703703 0.5509010416666666 0.009148148148148117 0.00859375
0 0.2884722222222222 0.5897708333333332 0.013907407407407391 0.010255208333333422
0 0.2911388888888889 0.6183802083333333 0.015592592592592621 0.007760416666666714
0 0.3462314814814815 0.6315 0.015518518518518536 0.004302083333333507
0 0.34605555555555556 0.6367916666666666 0.01705555555555552 0.007520833333333421
0 0.43244444444444446 0.5938749999999999 0.024675925925925903 0.011875000000000035
0 0.39642592592592585 0.5887239583333332 0.011638888888888883 0.01228645833333335
0 0.33181481481481484 0.5728645833333333 0.011425925925925956 0.00873437500000005
0 0.3146759259259259 0.5321927083333333 0.010546296296296257 0.010999999999999944
0 0.2904814814814815 0.5229062499999999 0.015009259259259267 0.011203124999999935
0 0.21009259259259258 0.523484375 0.019842592592592627 0.009057291666666778
0 0.18200925925925923 0.51915625 0.011129629629629613 0.009468750000000092
0 0.1660185185185185 0.5200833333333332 0.01720370370370369 0.009265624999999921
0 0.13512037037037036 0.52278125 0.020574074074074113 0.008484374999999923
0 0.09466666666666666 0.5212395833333333 0.01566666666666666 0.0066250000000000146
0 0.07182407407407407 0.5214635416666666 0.014787037037037029 0.005843750000000014
0 0.07160185185185185 0.5107760416666667 0.022259259259259246 0.00546875
0 0.1678425925925926 0.5069843749999999 0.009148148148148157 0.007770833333333371
0 0.15682407407407406 0.5093333333333333 0.00995370370370369 0.005057291666666686
0 0.15181481481481482 0.5053385416666666 0.007101851851851867 0.006124999999999936
0 0.1407962962962963 0.50278125 0.014203703703703694 0.007604166666666678
0 0.1404259259259259 0.4956770833333334 0.01288888888888889 0.0053333333333332785
0 0.15770370370370368 0.4941510416666667 0.011129629629629613 0.008052083333333293
0 0.12505555555555553 0.4898489583333333 0.014351851851851866 0.008093749999999922
0 0.1163425925925926 0.5020416666666666 0.010398148148148165 0.009416666666666629
0 0.14046296296296296 0.47682812499999994 0.011203703703703738 0.008411458333333321
0 0.04052777777777778 0.5069010416666666 0.010472222222222227 0.007609375000000007
0 0.05999999999999999 0.4928125 0.01251851851851852 0.005786458333333222
0 0.06472222222222222 0.48607812499999997 0.012592592592592588 0.00838020833333335
0 0.04564814814814814 0.48605729166666667 0.01149074074074073 0.003807291666666579
0 0.05062962962962963 0.4795885416666666 0.009740740740740744 0.006520833333333265
0 0.06787037037037036 0.4771770833333333 0.010685185185185178 0.008703125000000079
0 0.055749999999999994 0.4729791666666666 0.015157407407407399 0.006885416666666621
0 0.19896296296296295 0.47544791666666664 0.013546296296296292 0.011833333333333407
0 0.2424907407407407 0.4808229166666666 0.014351851851851826 0.005697916666666636
0 0.25178703703703703 0.4721354166666666 0.01186111111111106 0.007255208333333307
0 0.3196574074074074 0.4877656249999999 0.012296296296296244 0.009286458333333237
0 0.32310185185185186 0.4765833333333333 0.015666666666666627 0.009567708333333336
0 0.3586111111111111 0.49481249999999993 0.016398148148148196 0.007723958333333236
0 0.39825 0.5009895833333333 0.018379629629629652 0.006276041666666643
0 0.3854074074074074 0.4764635416666666 0.012592592592592666 0.011666666666666714
0 0.37950925925925927 0.46171875 0.011490740740740711 0.008260416666666614
0 0.35893518518518513 0.4682291666666666 0.009879629629629605 0.009750000000000014
0 0.33682407407407405 0.46353124999999995 0.015444444444444372 0.006942708333333237
0 0.33558333333333334 0.45922916666666663 0.020722222222222246 0.0053333333333332785
0 0.3993518518518518 0.45667187499999995 0.014712962962963002 0.006364583333333407
0 0.37043518518518515 0.446703125 0.009592592592592552 0.00653645833333325
0 0.3445185185185185 0.4467239583333333 0.011787037037037054 0.009567708333333336
0 0.2574259259259259 0.4500416666666666 0.024305555555555556 0.009203124999999979
0 0.27576851851851847 0.43634375 0.013398148148148199 0.011869791666666707
0 0.1630462962962963 0.4544270833333333 0.021527777777777778 0.007682291666666607
0 0.14394444444444446 0.4574791666666666 0.012296296296296284 0.012130208333333314
0 0.10766666666666666 0.4618854166666667 0.01530555555555557 0.008588541666666671
0 0.09649999999999999 0.45290625 0.0158148148148148 0.007104166666666778
0 0.07347222222222222 0.46157812499999995 0.014861111111111115 0.00756250000000005
0 0.0579537037037037 0.4646041666666666 0.009740740740740744 0.007437499999999986
0 0.0817037037037037 0.44161979166666665 0.013768518518518529 0.009239583333333279
0 0.10575925925925925 0.43549999999999994 0.016037037037037016 0.005651041666666678
0 0.21616666666666665 0.4284947916666667 0.014277777777777818 0.0031718749999999573
0 0.43101851851851847 0.46526562499999996 0.009814814814814889 0.008755208333333365
0 0.4005925925925925 0.4360989583333333 0.012666666666666673 0.008083333333333265
0 0.3817407407407407 0.43224479166666663 0.009370370370370374 0.004906249999999978
0 0.3742407407407407 0.4286458333333333 0.016620370370370414 0.008005208333333336
0 0.40568518518518515 0.5535729166666666 0.011564814814814877 0.005390624999999894
0 0.4144351851851852 0.6670208333333333 0.033601851851851765 0.010734375000000008
0 0.5480185185185185 0.5641510416666666 0.016111111111111142 0.004744791666666792
0 0.7550185185185184 0.577703125 0.016666666666666666 0.008822916666666635
0 0.768148148148148 0.5512395833333333 0.015657407407407377 0.010583333333333477
0 0.7661296296296295 0.53421875 0.015657407407407377 0.01277604166666677
0 0.7235740740740741 0.5388020833333333 0.013888888888888888 0.012708333333333321
0 0.6739444444444445 0.5215 0.017175925925925935 0.014088541666666643
0 0.6232407407407408 0.5046614583333333 0.018814814814814756 0.012250000000000049
0 0.5796759259259259 0.5252343749999999 0.017805555555555626 0.015401041666666693
0 0.5115462962962963 0.5224947916666667 0.021722222222222202 0.010635416666666763
0 0.5006944444444444 0.5486770833333333 0.015157407407407359 0.008307291666666572
0 0.46262037037037035 0.5176666666666666 0.013509259259259289 0.012338541666666637
0 0.44828703703703704 0.5223177083333332 0.018944444444444427 0.011744791666666643
0 0.4756203703703703 0.47891666666666666 0.018564814814814826 0.011562499999999965
0 0.4509351851851851 0.46342708333333327 0.018685185185185086 0.0109010416666667
0 0.5307407407407407 0.4799479166666666 0.020712962962962916 0.012911458333333315
0 0.4393240740740741 0.48960937499999996 0.016666666666666666 0.010390624999999964
0 0.47985185185185186 0.43834895833333326 0.034092592592592535 0.014234375000000021
0 0.5632592592592592 0.44740624999999995 0.020074074074074133 0.01317708333333325
0 0.590287037037037 0.4331614583333333 0.018814814814814756 0.016651041666666623
0 0.6303796296296296 0.4224322916666667 0.020962962962963003 0.010817708333333264
0 0.7276111111111111 0.48356770833333335 0.016916666666666753 0.015364583333333393
0 0.7195277777777777 0.45610937499999993 0.02450000000000006 0.00998437499999998
0 0.6987592592592592 0.447046875 0.019324074074074025 0.008848958333333278
0 0.7059537037037037 0.43866666666666665 0.017805555555555547 0.011322916666666672
0 0.7079166666666665 0.42307291666666663 0.012879629629629678 0.013515624999999965
0 0.7471203703703703 0.44662499999999994 0.010990740740740534 0.006859374999999978
0 0.7393518518518517 0.4420416666666666 0.012629629629629827 0.007416666666666671
0 0.754 0.45177604166666663 0.008583333333333422 0.008635416666666628
0 0.7666296296296297 0.45014062499999996 0.013638888888888801 0.013322916666666629
0 0.7723148148148147 0.46289583333333334 0.014898148148148178 0.010057291666666579
0 0.7571018518518517 0.46229166666666666 0.011490740740740711 0.009562500000000007
0 0.7629722222222222 0.47053124999999996 0.023490740740740534 0.008057291666666622
0 0.7598148148148147 0.4791302083333333 0.013129629629629689 0.009328125000000043
0 0.7411203703703703 0.4727708333333333 0.011111111111111112 0.008499999999999907
0 0.79725 0.49792187499999996 0.01426851851851849 0.006546874999999908
0 0.6619814814814815 0.620421875 0.016490740740740743 0.004088541666666679
0 0.7433333333333333 0.6104010416666666 0.008870370370370197 0.007124999999999914
0 0.7821666666666667 0.5886770833333334 0.0139999999999999 0.006583333333333208
0 0.7083888888888888 0.3575364583333333 0.015518518518518536 0.012130208333333314
0 0.6997592592592592 0.34397395833333333 0.01821296296296298 0.008416666666666739
0 0.6746944444444444 0.3368489583333333 0.012833333333333188 0.009776041666666657
0 0.6506759259259259 0.3435104166666666 0.013703703703703714 0.010906250000000029
0 0.6251388888888888 0.3444114583333333 0.008583333333333264 0.008317708333333318
0 0.6166018518518518 0.3509270833333333 0.014564814814814833 0.008177083333333357
0 0.573287037037037 0.36034375 0.012398148148148241 0.008473958333333354
0 0.6323796296296297 0.380078125 0.02115740740740727 0.008437500000000053
0 0.6871851851851851 0.38919791666666664 0.019074074074073938 0.005510416666666629
0 0.691 0.395421875 0.007981481481481327 0.006239583333333343
0 0.6780833333333334 0.40124999999999994 0.011268518518518534 0.007750000000000057
0 0.6884444444444444 0.412328125 0.010490740740740674 0.009531250000000036
0 0.6787314814814814 0.41432812499999994 0.011703703703703796 0.008651041666666614
0 0.6593518518518519 0.41113020833333336 0.020638888888888908 0.011531249999999993
0 0.6361944444444444 0.4085729166666667 0.016990740740740605 0.00884374999999995
0 0.5811759259259258 0.4068854166666666 0.009101851851851785 0.007916666666666749
0 0.5912777777777778 0.39300520833333336 0.009712962962962972 0.00990624999999996
0 0.5808796296296297 0.38676041666666666 0.011101851851851861 0.011078124999999961
0 0.5856481481481481 0.37676041666666665 0.008842592592592603 0.007656250000000054
0 0.5629722222222222 0.37393229166666664 0.01084259259259268 0.0058958333333333
0 0.5381666666666667 0.38280729166666666 0.014481481481481574 0.0060989583333333815
0 0.5132407407407407 0.37495312499999994 0.014564814814814833 0.005020833333333386
0 0.5566851851851852 0.4030104166666666 0.013009259259259269 0.007473958333333286
0 0.522824074074074 0.41803645833333325 0.012055555555555486 0.004359374999999943
0 0.49625 0.4162552083333333 0.015259259259259276 0.007140625000000078
0 0.4590462962962963 0.41144791666666664 0.012314814814814825 0.009723958333333371
0 0.4239259259259259 0.41832812500000005 0.012833333333333346 0.0049479166666666075
0 0.4225833333333333 0.38810416666666664 0.011537037037037123 0.010343749999999919
0 0.3864722222222222 0.4013020833333333 0.020462962962962985 0.010890625000000043
0 0.36374999999999996 0.38925 0.010407407407407416 0.007270833333333382
0 0.37714814814814807 0.3795885416666666 0.012222222222222317 0.007463541666666629
0 0.4823703703703704 0.35115104166666666 0.008324074074074083 0.006187500000000057
0 0.4458240740740741 0.35078645833333333 0.017601851851851792 0.0049687500000000105
0 0.4413981481481481 0.34548958333333335 0.006851851851851778 0.006572916666666639
0 0.32451851851851854 0.39161979166666666 0.013444444444444453 0.011526041666666754
0 0.3329722222222222 0.3764739583333333 0.013870370370370387 0.010984374999999958
0 0.3325833333333333 0.36691145833333333 0.010490740740740752 0.009416666666666629
0 0.3577685185185185 0.3633489583333333 0.009361111111111124 0.005218749999999961
0 0.3295462962962963 0.35471354166666663 0.01812037037037039 0.006479166666666725
0 0.3046574074074074 0.34285937499999997 0.013611111111111128 0.007156249999999975
0 0.31124999999999997 0.336390625 0.021768518518518538 0.00528645833333341
0 0.27300925925925923 0.3506875 0.014481481481481494 0.0067239583333333465
0 0.3074722222222222 0.36342187499999995 0.014916666666666679 0.005854166666666672
0 0.28475925925925927 0.3728854166666667 0.013175925925925943 0.009177083333333247
0 0.27747222222222223 0.36649479166666665 0.01734259259259261 0.005171875000000004
0 0.26216666666666666 0.36569270833333334 0.00893518518518519 0.009901041666666633
0 0.24313888888888885 0.3690833333333333 0.014564814814814833 0.007416666666666671
0 0.2609166666666667 0.352859375 0.013703703703703635 0.0066770833333333005
0 0.26585185185185184 0.33805208333333325 0.012833333333333346 0.0077916666666666854
0 0.24725925925925926 0.3467864583333333 0.007546296296296302 0.008671875000000018
0 0.2461296296296296 0.33848958333333334 0.009277777777777788 0.0057395833333333535
0 0.232037037037037 0.34815104166666666 0.016648148148148165 0.005552083333333346
0 0.2622129629629629 0.4197864583333333 0.016648148148148165 0.012744791666666621
0 0.22474999999999998 0.387609375 0.011796296296296305 0.00838541666666659
0 0.19852777777777778 0.42466666666666664 0.013092592592592607 0.00884374999999995
0 0.19964814814814816 0.4138333333333333 0.01863888888888891 0.012546874999999957
0 0.19925925925925922 0.40124999999999994 0.011796296296296305 0.01078125000000001
0 0.18438888888888888 0.4031979166666666 0.019333333333333334 0.004927083333333293
0 0.17263888888888887 0.42524999999999996 0.008500000000000006 0.01001562499999995
0 0.14975 0.42391145833333327 0.012657407407407423 0.006843749999999993
0 0.12117592592592594 0.4314739583333333 0.012574074074074086 0.0053854166666665645
0 0.14944444444444444 0.415203125 0.013611111111111088 0.005520833333333286
0 0.1455 0.40983333333333327 0.015259259259259276 0.004541666666666622
0 0.15625 0.4024166666666666 0.01595370370370372 0.0053177083333333375
0 0.09369444444444444 0.41820312499999995 0.01136111111111112 0.010062499999999908
0 0.08133333333333334 0.4263229166666666 0.011796296296296305 0.006307291666666615
0 0.07651851851851851 0.41364062500000004 0.01517592592592594 0.010203124999999957
0 0.09451851851851852 0.41007812499999996 0.010407407407407416 0.007958333333333378
0 0.11042592592592591 0.4088593749999999 0.008407407407407419 0.006494791666666622
0 0.12191666666666665 0.4054895833333333 0.011101851851851861 0.006588541666666714
0 0.12278703703703704 0.41234374999999995 0.007981481481481485 0.005557291666666764
0 0.13071296296296295 0.4159062499999999 0.009972222222222191 0.007213541666666679
0 0.11116666666666665 0.3978802083333333 0.012490740740740748 0.005020833333333386
0 0.11558333333333333 0.3931979166666667 0.015083333333333313 0.005411458333333385
0 0.13683333333333333 0.3887083333333333 0.018731481481481498 0.006187500000000057
0 0.09035185185185185 0.38570833333333326 0.009018518518518526 0.007505208333333346
0 0.1449814814814815 0.3812916666666667 0.01699074074074076 0.004744791666666614
0 0.11419444444444445 0.3683385416666667 0.007453703703703714 0.00788541666666669
0 0.10223148148148146 0.368265625 0.0067592592592592695 0.007250000000000067
0 0.11246296296296296 0.35872916666666665 0.010925925925925936 0.007197916666666604
0 0.13609259259259257 0.36611979166666664 0.011185185185185157 0.004906250000000068
0 0.13887037037037034 0.36299479166666665 0.009796296296296268 0.004515625000000067
0 0.1389537037037037 0.35874999999999996 0.011703703703703678 0.004807291666666646
0 0.14259259259259258 0.3556770833333333 0.008583333333333304 0.003536458333333314
0 0.14402777777777778 0.35357812499999997 0.01058333333333334 0.006166666666666654
0 0.17168518518518516 0.360359375 0.015611111111111124 0.0031458333333333143
0 0.1774074074074074 0.3634583333333333 0.021499999999999967 0.003979166666666689
0 0.15577777777777777 0.3550416666666666 0.010666666666666637 0.007145833333333318
0 0.16830555555555557 0.349234375 0.0071111111111111175 0.007395833333333357
0 0.2328148148148148 0.30260937499999996 0.01734259259259261 0.0066510416666666575
0 0.2315648148148148 0.3111197916666667 0.019166666666666683 0.005630208333333275
0 0.1971388888888889 0.3174375 0.014481481481481494 0.005098958333333315
0 0.18113888888888888 0.3118802083333333 0.014564814814814833 0.005682291666666739
0 0.17302777777777778 0.3187552083333333 0.018296296296296276 0.006901041666666696
0 0.20038888888888884 0.32919791666666665 0.014916666666666679 0.0061770833333333105
0 0.2104444444444444 0.3252708333333333 0.014222222222222235 0.006614583333333357
0 0.18616666666666665 0.33068749999999997 0.014222222222222235 0.004765625000000018
0 0.1849537037037037 0.3364895833333333 0.015259259259259276 0.00369791666666659
0 0.17814814814814814 0.3393489583333333 0.012916666666666663 0.0050156250000000565
0 0.17680555555555552 0.3430520833333333 0.012833333333333346 0.005130208333333286
0 0.18573148148148147 0.3506145833333333 0.016129629629629643 0.006588541666666714
0 0.20250925925925928 0.3395625 0.00945370370370371 0.006744791666666661
0 0.21235185185185182 0.33881249999999996 0.011101851851851861 0.008817708333333396
0 0.20541666666666664 0.345640625 0.009712962962962972 0.006786458333333289
0 0.2128796296296296 0.34627083333333336 0.00866666666666668 0.004546875000000039
0 0.21092592592592593 0.35171354166666663 0.008240740740740746 0.004880208333333247
0 0.21807407407407406 0.3506145833333333 0.00866666666666668 0.004640625000000042
0 0.21682407407407406 0.355859375 0.010490740740740752 0.005369791666666668
0 0.19917592592592592 0.36661979166666664 0.008324074074074083 0.005802083333333386
0 0.6955092592592592 0.5107604166666666 0.012972222222222267 0.007770833333333371