0 0.895824074074074 0.735125 0.021185185185185182 0.011656250000000057
0 0.8550648148148148 0.756625 0.011518518518518464 0.008546874999999865
0 0.839398148148148 0.7529999999999999 0.018879629629629826 0.0049218749999999645
0 0.8617407407407407 0.7423802083333333 0.006444444444444583 0.006479166666666636
0 0.867037037037037 0.7470416666666666 0.006907407407407441 0.0049218749999999645
0 0.8170648148148147 0.7602552083333334 0.014740740740740913 0.0038854166666666854
0 0.8011759259259258 0.7558489583333333 0.008749999999999937 0.00803124999999998
0 0.7947222222222221 0.7574062500000001 0.013361111111111275 0.009067708333333258
0 0.7887407407407407 0.7616770833333334 0.013361111111111275 0.004661458333333179
0 0.8124537037037037 0.7733385416666666 0.013814814814814882 0.005182291666666572
0 0.8067037037037036 0.7826614583333333 0.007833333333333472 0.006734374999999915
0 0.7889722222222222 0.7796822916666667 0.006444444444444583 0.010104166666666714
0 0.7737685185185184 0.7681562499999999 0.01750000000000019 0.004661458333333179
0 0.7424166666666666 0.7903749999999999 0.022981481481481422 0.008729166666666722
0 0.757435185185185 0.7958177083333333 0.018342592592592646 0.004651041666666522
0 0.7425185185185184 0.8010364583333333 0.018342592592592646 0.006010416666666618
0 0.7244814814814815 0.8053437499999999 0.020564814814814744 0.0082760416666666
0 0.7154074074074073 0.8069322916666666 0.006453703703703835 0.0037395833333331296
0 0.6982685185185186 0.8017135416666665 0.01209259259259249 0.01077083333333322
0 0.6802314814814815 0.8089166666666665 0.010277777777777747 0.003854166666666714
0 0.6934351851851852 0.7915677083333332 0.010888888888888932 0.00544270833333318
0 0.9132777777777777 0.708765625 0.023388888888888775 0.005265625000000007
0 0.8739537037037037 0.7088906249999999 0.013814814814814882 0.006765624999999886
0 0.6582777777777779 0.774828125 0.018203703703703725 0.017348958333333366
0 0.685324074074074 0.7681458333333333 0.01263888888888892 0.007963541666666707
0 0.7351203703703704 0.773265625 0.01921296296296286 0.012515625000000164
0 0.7186944444444445 0.7729791666666666 0.01465740740740734 0.0068229166666666785
0 0.6959444444444445 0.7662968749999999 0.01263888888888892 0.008817708333333308
0 0.7518055555555555 0.7505104166666666 0.018203703703703885 0.00909895833333323
0 0.734111111111111 0.7517916666666666 0.015166666666666767 0.007109375000000107
0 0.7063055555555555 0.7438281250000001 0.019212962962962935 0.006541666666666579
0 0.6913055555555556 0.7499375 0.017277777777777854 0.00607291666666665
0 0.6659351851851852 0.7517604166666667 0.017277777777777854 0.004859375000000022
0 0.6103333333333333 0.7722552083333334 0.024833333333333325 0.006374999999999886
0 0.6123518518518518 0.7599583333333333 0.022407407407407397 0.0075937500000000215
0 0.6212592592592593 0.7389270833333332 0.019703703703703626 0.011994791666666772
0 0.6365092592592592 0.7469010416666666 0.012416666666666742 0.004859375000000022
0 0.6539259259259259 0.7469739583333334 0.013231481481481448 0.005619791666666707
0 0.6621574074074074 0.7396874999999999 0.019435185185185194 0.009260416666666771
0 0.6626944444444445 0.7268593749999999 0.022675925925925988 0.006682291666666629
0 0.6266203703703703 0.8157447916666666 0.00892592592592602 0.01023437499999993
0 0.6155462962962962 0.8013281249999998 0.012564814814814756 0.014510416666666703
0 0.09885185185185184 0.54740625 0.016888888888888884 0.00337499999999995
0 0.3441851851851852 0.74609375 0.014611111111111085 0.01146875000000005
0 0.3591018518518518 0.7709531249999999 0.008203703703703703 0.007432291666666657
0 0.53125 0.8129895833333333 0.01864814814814824 0.012869791666666686
0 0.542537037037037 0.7485364583333334 0.02451851851851848 0.007786458333333179
0 0.4115462962962963 0.7678749999999999 0.010537037037037086 0.006208333333333371
0 0.23415740740740737 0.6206041666666666 0.01990740740740738 0.010208333333333286
0 0.6762129629629628 0.6801770833333334 0.015787037037037047 0.010171875000000163
0 0.8198796296296296 0.4926770833333333 0.01326851851851845 0.010489583333333385
0 0.41797222222222224 0.6596666666666666 0.02538888888888885 0.012624999999999886
0 0.34114814814814814 0.6557604166666666 0.014787037037037088 0.011552083333333307
0 0.20442592592592593 0.6508802083333334 0.011759259259259223 0.011244791666666743
0 0.34287962962962965 0.6108385416666666 0.011055555555555607 0.013223958333333207
0 0.5894074074074074 0.7172864583333334 0.028481481481481472 0.00891666666666655
0 0.34238888888888885 0.8087604166666665 0.013194444444444444 0.007161458333333215
0 0.5837685185185185 0.5556666666666666 0.009175925925925948 0.010291666666666721
0 0.2877592592592592 0.5346666666666666 0.008861111111111184 0.011197916666666608
0 0.3843333333333333 0.44238541666666664 0.01598148148148147 0.010208333333333286
0 0.42687037037037034 0.73046875 0.026083333333333295 0.005979166666666735
0 0.4396666666666666 0.5424791666666666 0.011138888888888863 0.011328125
0 0.4034259259259259 0.46777604166666664 0.015611111111111124 0.008093749999999922
0 0.30077777777777776 0.43628124999999995 0.010388888888888914 0.014281249999999978
0 0.21712037037037035 0.5703125 0.027944444444444452 0.008515624999999893
0 0.24349074074074073 0.55859375 0.010027777777777816 0.016401041666666494
0 0.9056666666666666 0.49725520833333337 0.021500000000000026 0.009526041666666707
0 0.315537037037037 0.5708020833333334 0.009212962962963032 0.017515625000000055
0 0.2673611111111111 0.724609375 0.03458333333333338 0.0073489583333334
0 0.24174999999999996 0.5283229166666666 0.011944444444444396 0.01616145833333338
0 0.4736759259259259 0.3701927083333333 0.009861111111111143 0.0076666666666667105
0 0.8146666666666665 0.4735312499999999 0.009953703703703808 0.010562499999999985
0 0.10818518518518518 0.45922916666666663 0.016537037037037038 0.007151041666666735
0 0.36637037037037035 0.7776041666666667 0.017018518518518513 0.007942708333333392
0 0.5809351851851852 0.7898541666666666 0.01085185185185193 0.007302083333333265
0 0.5842314814814814 0.803921875 0.009787037037036978 0.009578124999999904
0 0.5987037037037037 0.8209791666666666 0.019583333333333366 0.0125729166666666
0 0.5831666666666666 0.8204427083333332 0.01787962962962963 0.007901041666666586
0 0.5618888888888889 0.8150520833333333 0.014472222222222324 0.009817708333333286
0 0.5105925925925926 0.81703125 0.021287037037037097 0.009937499999999844
0 0.472287037037037 0.8149322916666666 0.011490740740740711 0.007901041666666586
0 0.4517407407407407 0.818046875 0.016814814814814838 0.010776041666666814
0 0.4590833333333333 0.8114635416666666 0.016601851851851753 0.005026041666666714
0 0.4334444444444444 0.812359375 0.00957407407407405 0.0065833333333333854
0 0.40630555555555553 0.8117604166666667 0.011064814814814857 0.005385416666666742
0 0.3504351851851852 0.8036822916666665 0.015537037037036999 0.008380208333333439
0 0.38788888888888884 0.7897291666666666 0.012138888888888902 0.007500000000000106
0 0.3978425925925926 0.7881041666666666 0.012138888888888902 0.005822916666666522
0 0.4285 0.7815520833333333 0.01134259259259254 0.004588541666666579
0 0.4288981481481481 0.7902864583333333 0.012138888888888902 0.006156250000000085
0 0.45776851851851846 0.7850260416666666 0.016120370370370393 0.004364583333333449
0 0.4605555555555555 0.79571875 0.012138888888888902 0.007614583333333336
0 0.43537037037037035 0.7965 0.011546296296296374 0.009406249999999972
0 0.42621296296296296 0.8041145833333333 0.019509259259259358 0.0053750000000000854
0 0.44890740740740737 0.8036666666666665 0.009157407407407447 0.007614583333333247
0 0.4623425925925926 0.802546875 0.012138888888888902 0.0053750000000000854
0 0.4113796296296296 0.761453125 0.010546296296296337 0.00895833333333318
0 0.44532407407407404 0.7636927083333334 0.010351851851851753 0.010526041666666685
0 0.48140740740740734 0.7761302083333333 0.009111111111111035 0.008072916666666607
0 0.5045833333333334 0.7796979166666667 0.017935185185185137 0.005901041666666629
0 0.5204537037037037 0.7657291666666667 0.012138888888888744 0.007140625000000078
0 0.5474999999999999 0.78140625 0.008277777777777828 0.00869270833333342
0 0.5263888888888889 0.75284375 0.02014814814814814 0.0055885416666667355
0 0.2501759259259259 0.7805729166666666 0.007203703703703704 0.008239583333333477
0 0.28630555555555554 0.7733072916666666 0.024333333333333308 0.01103645833333342
0 0.3190740740740741 0.7560572916666667 0.012916666666666682 0.011453124999999887
0 0.30877777777777776 0.7597604166666667 0.010185185185185158 0.011312499999999837
0 0.29362962962962963 0.7552916666666667 0.011175925925925947 0.009635416666666608
0 0.28357407407407403 0.7488645833333333 0.013407407407407451 0.01298958333333342
0 0.2599814814814814 0.7472604166666666 0.011916666666666645 0.011453124999999887
0 0.2504166666666666 0.757875 0.011175925925925947 0.009218749999999965
0 0.21304629629629626 0.7624114583333332 0.008444444444444423 0.0085208333333334
0 0.23800925925925928 0.7459322916666666 0.012166666666666654 0.01885416666666657
0 0.18499074074074073 0.75640625 0.010425925925925918 0.006005208333333378
0 0.19169444444444442 0.7541718749999999 0.013907407407407391 0.004328124999999972
0 0.22546296296296295 0.7424375 0.010425925925925918 0.0104739583333334
0 0.23278703703703701 0.730984375 0.016138888888888894 0.01019791666666663
0 0.3092685185185185 0.7213489583333332 0.022101851851851883 0.006843749999999993
0 0.22745370370370369 0.7192552083333333 0.00993518518518523 0.004890624999999993
0 0.21664814814814812 0.7462083333333334 0.02259259259259257 0.011312499999999837
0 0.1885925925925926 0.7432083333333332 0.020111111111111135 0.007265624999999965
0 0.18698148148148147 0.7348958333333333 0.019370370370370378 0.006005208333333378
0 0.1992685185185185 0.7300104166666666 0.0091851851851852 0.007963541666666707
0 0.1930648148148148 0.7216979166666666 0.006203703703703667 0.006984374999999865
0 0.12419444444444443 0.7004322916666667 0.00587037037037036 0.00627604166666682
0 0.13271296296296298 0.6945677083333333 0.020555555555555532 0.009411458333333478
0 0.16676851851851854 0.6989479166666667 0.013509259259259249 0.007265624999999965
0 0.10628703703703704 0.6711979166666666 0.020555555555555532 0.0056145833333333785
0 0.13637962962962963 0.6792916666666666 0.022018518518518545 0.008588541666666494
0 0.1131851851851852 0.6780520833333332 0.0167314814814815 0.00610937499999995
0 0.11964814814814814 0.662609375 0.02025925925925927 0.009578124999999993
0 0.13065740740740742 0.6575729166666666 0.013509259259259249 0.007760416666666714
0 0.10804629629629628 0.6405625 0.009981481481481482 0.012718749999999978
0 0.11803703703703704 0.6358541666666666 0.014685185185185171 0.007265624999999965
0 0.13315740740740742 0.6323072916666665 0.01086111111111114 0.006442708333333336
0 0.1651574074074074 0.6362708333333333 0.019083333333333345 0.0067708333333333925
0 0.1877685185185185 0.6315624999999999 0.02612962962962961 0.006604166666666522
0 0.2 0.6639531249999999 0.017824074074074048 0.004953125000000114
0 0.18840740740740738 0.6689062499999999 0.025546296296296272 0.005192708333333229
0 0.17026851851851849 0.6806197916666666 0.019749999999999997 0.0034999999999998366
0 0.1779907407407407 0.6891354166666667 0.01631481481481482 0.010145833333333344
0 0.1927037037037037 0.6939635416666666 0.014388888888888908 0.005072916666666494
0 0.1958148148148148 0.687984375 0.007731481481481476 0.007124999999999914
0 0.21535185185185185 0.68496875 0.013314814814814785 0.006885416666666621
0 0.2487407407407407 0.6804375 0.011379629629629621 0.006520833333333265
0 0.26741666666666664 0.6829166666666666 0.010518518518518505 0.007124999999999914
0 0.27794444444444444 0.6788697916666667 0.016537037037037076 0.0038645833333333713
0 0.2548611111111111 0.7018177083333332 0.013740740740740796 0.004104166666666664
0 0.29436111111111113 0.6463802083333332 0.011166666666666616 0.008213541666666657
0 0.328074074074074 0.6635312499999999 0.01760185185185187 0.005072916666666494
0 0.5133888888888889 0.7127708333333332 0.012435185185185244 0.00717187500000005
0 0.5250277777777778 0.7293541666666666 0.01466666666666659 0.007708333333333428
0 0.5948425925925925 0.7056875 0.016574074074074158 0.006635416666666494
0 0.648074074074074 0.6925052083333332 0.016574074074074158 0.006453124999999993
0 0.7250648148148148 0.7298958333333333 0.018166666666666567 0.013447916666666693
0 0.7335092592592592 0.7312395833333334 0.01530555555555553 0.01076041666666665
0 0.7419537037037036 0.73034375 0.011796296296296305 0.012192708333333257
0 0.7545462962962962 0.7368854166666666 0.0191296296296296 0.008427083333333307
0 0.785787037037037 0.7317760416666667 0.020398148148148228 0.010041666666666772
0 0.8020462962962963 0.732671875 0.02359259259259261 0.012192708333333257
0 0.8106574074074073 0.7012031249999999 0.021037037037037166 0.007708333333333428
0 0.8195833333333332 0.71590625 0.01530555555555553 0.007708333333333428
0 0.799472222222222 0.713 0.008759259259259187 0.01692708333333339
0 0.8146759259259259 0.725578125 0.010824074074074019 0.007343749999999894
0 0.8083055555555556 0.7170260416666666 0.014648148148148089 0.010296875000000049
0 0.7800462962962963 0.716578125 0.018944444444444583 0.008687499999999914
0 0.7864166666666667 0.7103541666666666 0.018944444444444583 0.0053750000000000854
0 0.744462962962963 0.7091458333333333 0.02292592592592592 0.008151041666666714
0 0.7425555555555555 0.6963385416666666 0.011148148148148114 0.008864583333333264
0 0.7505185185185184 0.689890625 0.007638888888888889 0.007072916666666628
0 0.7712129629629629 0.68496875 0.009231481481481611 0.008864583333333264
0 0.8017037037037037 0.6869791666666666 0.013212962962962945 0.006088541666666636
0 0.723435185185185 0.6725208333333332 0.009111111111111035 0.010489583333333208
0 0.7361481481481481 0.6741875 0.019703703703703782 0.008104166666666579
0 0.7551111111111111 0.6731145833333334 0.01652777777777759 0.01072395833333335
0 0.6629444444444444 0.6633437499999999 0.010166666666666737 0.007624999999999993
0 0.6505462962962962 0.6421302083333333 0.012925925925926013 0.011203125000000114
0 0.6915462962962963 0.6367083333333333 0.02626851851851847 0.009177083333333336
0 0.08462962962962964 0.6049947916666666 0.011666666666666665 0.007369791666666714
0 0.10018518518518517 0.6034427083333332 0.011259259259259243 0.004489583333333336
0 0.1121574074074074 0.6076458333333333 0.01146296296296296 0.005526041666666792
0 0.12239814814814814 0.6057447916666666 0.007370370370370338 0.007942708333333392
0 0.09599074074074074 0.5875 0.01146296296296296 0.01082291666666677
0 0.10571296296296295 0.5760416666666666 0.011666666666666674 0.007713541666666579
0 0.13477777777777777 0.5811666666666666 0.007574074074074093 0.009208333333333308
0 0.16424999999999998 0.5995260416666666 0.015351851851851823 0.003567708333333286
0 0.16998148148148148 0.5905468749999999 0.011259259259259283 0.010244791666666763
0 0.19351851851851848 0.5933697916666667 0.013712962962962965 0.006218750000000028
0 0.2369074074074074 0.6084531249999999 0.011666666666666714 0.005755208333333428
0 0.35548148148148145 0.6502083333333333 0.014824074074074052 0.005869791666666657
0 0.3819722222222222 0.649046875 0.01784259259259263 0.005406250000000057
0 0.3516759259259259 0.6296770833333334 0.019231481481481478 0.008468750000000113
0 0.09357407407407407 0.539125 0.005203703703703708 0.006135416666666771
0 0.10154629629629629 0.5425208333333333 0.011074074074074068 0.007270833333333293
0 0.09365740740740741 0.5137291666666666 0.01275925925925926 0.009723958333333371
0 0.12294444444444444 0.525953125 0.010574074074074088 0.009249999999999935
0 0.1673333333333333 0.5379427083333332 0.011074074074074068 0.004343750000000135
0 0.15458333333333332 0.5138229166666666 0.007046296296296322 0.005380208333333236
0 0.11522222222222221 0.4958854166666667 0.007555555555555552 0.008401041666666664
0 0.12780555555555556 0.5029635416666667 0.0095648148148148 0.009156250000000022
0 0.13637037037037036 0.48559374999999994 0.019972222222222218 0.004812500000000064
0 0.14014814814814816 0.48894270833333325 0.015444444444444452 0.006229166666666686
0 0.13141666666666668 0.49569270833333334 0.00906481481481482 0.0074583333333333
0 0.14165740740740743 0.4960729166666667 0.011074074074074068 0.011421875000000092
0 0.15835185185185185 0.4995208333333333 0.010574074074074088 0.009249999999999935
0 0.1683425925925926 0.5023489583333334 0.009398148148148128 0.010953124999999985
0 0.19855555555555554 0.5065520833333333 0.016111111111111062 0.0067031249999999435
0 0.2250740740740741 0.5162760416666666 0.015777777777777797 0.0067031249999999435
0 0.2263333333333333 0.5049479166666666 0.015277777777777777 0.006135416666666593
0 0.19787962962962963 0.5532864583333332 0.026166666666666633 0.011177083333333292
0 0.11442592592592592 0.44598437499999993 0.011592592592592588 0.010057291666666579
0 0.13098148148148148 0.41915625 0.01887962962962963 0.009687499999999894
0 0.1379351851851852 0.40695312499999997 0.021527777777777778 0.006520833333333265
0 0.13744444444444442 0.38804687499999996 0.010601851851851841 0.010432291666666682
0 0.1528148148148148 0.3687916666666667 0.0085462962962963 0.007536458333333318
0 0.1525925925925926 0.3758125 0.01824999999999998 0.011177083333333383
0 0.15882407407407406 0.35774999999999996 0.01224074074074078 0.008578125000000015
0 0.1807685185185185 0.37028645833333335 0.009009259259259276 0.007406250000000014
0 0.18146296296296294 0.3806197916666666 0.018712962962962938 0.009354166666666686
0 0.1986759259259259 0.386140625 0.009703703703703721 0.010005208333333382
0 0.20629629629629628 0.38159374999999995 0.008314814814814832 0.006109375000000039
0 0.22778703703703704 0.37704687499999995 0.008314814814814832 0.007145833333333318
0 0.17950000000000002 0.4090781249999999 0.010166666666666676 0.011697916666666686
0 0.1845833333333333 0.41336458333333326 0.012472222222222247 0.007796875000000014
0 0.1820462962962963 0.4190833333333333 0.01339814814814818 0.007536458333333407
0 0.1721111111111111 0.4243489583333333 0.016175925925925958 0.009744791666666686
0 0.20525925925925925 0.4367552083333333 0.008083333333333324 0.00415624999999995
0 0.25966666666666666 0.43961458333333325 0.023101851851851922 0.0057187499999999504
0 0.22500925925925924 0.42596875 0.015712962962962963 0.011177083333333292
0 0.2166944444444444 0.41518749999999993 0.024027777777777794 0.006755208333333406
0 0.21935185185185185 0.41863020833333325 0.017787037037037046 0.008187500000000014
0 0.26289814814814816 0.41505729166666666 0.023101851851851922 0.009614583333333293
0 0.22108333333333335 0.3982916666666666 0.004620370370370353 0.011697916666666641
0 0.23044444444444442 0.39653645833333334 0.019175925925925933 0.004807291666666646
0 0.24591666666666662 0.39640624999999996 0.009009259259259276 0.007666666666666666
0 0.2782592592592592 0.39751041666666664 0.01963888888888895 0.006755208333333318
0 0.2690185185185185 0.38841666666666663 0.011777777777777804 0.006239583333333343
0 0.25447222222222216 0.3711302083333333 0.011324074074074117 0.010135416666666685
0 0.27502777777777776 0.37529166666666663 0.010398148148148165 0.007536458333333318
0 0.1844722222222222 0.3424166666666667 0.006240740740740749 0.009354166666666686
0 0.20122222222222222 0.3398125 0.009240740740740784 0.006755208333333318
0 0.2154259259259259 0.3474166666666666 0.01455555555555558 0.004286458333333343
0 0.2237407407407407 0.3398802083333333 0.019175925925925933 0.004286458333333343
0 0.23401851851851851 0.348328125 0.020333333333333314 0.008968750000000015
0 0.26116666666666666 0.34501562499999994 0.01594444444444447 0.008317708333333318
0 0.28403703703703703 0.342609375 0.01594444444444447 0.008447916666666711
0 0.21762037037037038 0.32116666666666666 0.02171296296296295 0.007406250000000014
0 0.5119537037037036 0.6045624999999999 0.02460185185185174 0.008781250000000008
0 0.2544259259259259 0.5529739583333333 0.008009259259259239 0.007796874999999837
0 0.27814814814814814 0.5540989583333332 0.010472222222222171 0.006932291666666579
0 0.2742962962962963 0.5219583333333333 0.00954629629629622 0.006062499999999993
0 0.2361574074074074 0.3139583333333333 0.014240740740740736 0.0070677083333333
0 0.26358333333333334 0.30100520833333333 0.01967592592592595 0.00565104166666659
0 0.2707037037037037 0.3139583333333333 0.015490740740740784 0.006593750000000042
0 0.2593981481481481 0.32349479166666667 0.009629629629629636 0.008713541666666647
0 0.2646296296296296 0.33161979166666666 0.006703703703703686 0.009421874999999958
0 0.2690740740740741 0.3264479166666666 0.007861111111111145 0.008968750000000015
0 0.2796296296296296 0.33121875 0.010777777777777765 0.0061250000000000245
0 0.2873148148148148 0.3285416666666666 0.008888888888888936 0.00489583333333341
0 0.2893981481481482 0.32635416666666667 0.011203703703703698 0.005833333333333357
0 0.2826851851851852 0.3113125 0.006379629629629591 0.008567708333333358
0 0.28505555555555556 0.30129687499999996 0.007824074074074143 0.0059062499999999575
0 0.3040925925925926 0.32196354166666663 0.009259259259259285 0.00717708333333329
0 0.31099074074074073 0.3108489583333333 0.014814814814814841 0.00532291666666671
0 0.3309537037037037 0.3139739583333333 0.009462962962962961 0.008567708333333358
0 0.31425 0.3340625 0.011083333333333358 0.00944791666666669
0 0.32751851851851854 0.3362395833333333 0.011416666666666705 0.006989583333333371
0 0.31784259259259257 0.33888541666666666 0.005564814814814806 0.0048489583333332755
0 0.3284722222222222 0.3635260416666667 0.01429629629629632 0.003854166666666714
0 0.35559259259259257 0.3638020833333333 0.014879629629629677 0.009473958333333332
0 0.3468703703703704 0.3526197916666666 0.012731481481481509 0.0031927083333333607
0 0.33719444444444446 0.2943854166666667 0.014740740740740676 0.010609374999999944
0 0.34249999999999997 0.28098437499999995 0.01097222222222227 0.007713541666666668
0 0.34541666666666665 0.27704166666666663 0.007574074074074054 0.006640625
0 0.3483148148148148 0.28743749999999996 0.010694444444444428 0.006390624999999961
0 0.3558888888888889 0.2903802083333333 0.008462962962962964 0.010270833333333318
0 0.3672407407407407 0.2960208333333333 0.010240740740740743 0.005760416666666668
0 0.36067592592592584 0.2837447916666666 0.01136111111111108 0.006515625000000025
0 0.36424074074074075 0.2778541666666666 0.01937962962962957 0.007015625000000014
0 0.3859537037037037 0.2778541666666666 0.0044537037037036 0.0077656250000000425
0 0.39719444444444446 0.28925520833333335 0.012694444444444425 0.00977083333333333
0 0.4055462962962963 0.29946354166666667 0.015148148148148109 0.008140625000000058
0 0.4081111111111111 0.27027604166666663 0.00957407407407405 0.01215104166666663
0 0.41868518518518516 0.2859375 0.01069444444444435 0.007140624999999989
0 0.43628703703703703 0.29314062500000004 0.011583333333333378 0.00852083333333331
0 0.4177962962962963 0.30484895833333325 0.014694444444444501 0.009645833333333353
0 0.43104629629629626 0.30604166666666666 0.007351851851851955 0.011526041666666754
0 0.37158333333333327 0.3099270833333333 0.008240740740740667 0.006015624999999946
0 0.3841666666666666 0.31324479166666663 0.008018518518518489 0.008395833333333247
0 0.3748148148148148 0.31481250000000005 0.009351851851851873 0.011526041666666754
0 0.39820370370370367 0.3250208333333333 0.010240740740740743 0.005635416666666604
0 0.3855092592592593 0.3326614583333333 0.008462962962963004 0.008395833333333247
0 0.4115648148148148 0.3389895833333333 0.012472222222222247 0.009020833333333301
0 0.4221388888888889 0.33930208333333334 0.006907407407407441 0.01190104166666659
0 0.41568518518518516 0.32445833333333335 0.018925925925925922 0.010520833333333358
0 0.42749074074074067 0.3172552083333333 0.0158148148148148 0.006140625000000011
0 0.43817592592592597 0.3153125 0.007351851851851955 0.00852083333333331
0 0.452537037037037 0.31763020833333333 0.012916666666666762 0.008140625000000058
0 0.44329629629629624 0.30879687499999997 0.008240740740740667 0.012276041666666604
0 0.4436388888888888 0.30041666666666667 0.015111111111111105 0.0038697916666666997
0 0.44633333333333336 0.29692708333333334 0.009175925925925948 0.006598958333333372
0 0.4542222222222222 0.28975520833333335 0.011731481481481391 0.005614583333333289
0 0.46791666666666665 0.28421875 0.015648148148148126 0.012140624999999971
0 0.4919907407407408 0.2884322916666666 0.013620370370370456 0.008421875000000068
0 0.48902777777777773 0.27708854166666663 0.008231481481481574 0.005916666666666614
0 0.4828888888888888 0.2751927083333333 0.009981481481481404 0.00606770833333341
0 0.5009629629629628 0.277390625 0.01645370370370374 0.009562499999999918
0 0.4918055555555555 0.26675520833333327 0.01999999999999997 0.00852083333333331
0 0.5027407407407408 0.26278125 0.018722222222222248 0.003458333333333297
0 0.5769722222222222 0.26466666666666666 0.009425925925926037 0.006432291666666678
0 0.6015462962962962 0.2744739583333333 0.0071481481481481205 0.009322916666666714
0 0.6102592592592593 0.26993229166666666 0.0077129629629628955 0.0042604166666667
0 0.5531944444444444 0.27336979166666664 0.009111111111111035 0.0046979166666666575
0 0.5474074074074073 0.2783333333333333 0.006268518518518501 0.008651041666666614
0 0.5398055555555555 0.2825520833333333 0.00854629629629626 0.005338541666666696
0 0.5702777777777778 0.2825 0.008351851851851834 0.007369791666666714
0 0.5634444444444444 0.2900260416666667 0.004935185185185118 0.0046979166666666575
0 0.5595555555555556 0.29275 0.00854629629629626 0.005447916666666686
0 0.5365833333333333 0.28901562499999994 0.00854629629629626 0.004380208333333346
0 0.5378148148148149 0.29205729166666666 0.008351851851851834 0.005124999999999958
0 0.5305092592592593 0.2979322916666666 0.012722222222222178 0.009609375000000054
0 0.5319351851851852 0.30796874999999996 0.009490740740740793 0.006833333333333247
0 0.5555648148148148 0.31528125 0.009305555555555461 0.009505208333333303
0 0.5571759259259259 0.32115625 0.007972222222222077 0.006302083333333286
0 0.5728425925925925 0.33589062499999994 0.013101851851851936 0.006088541666666725
0 0.48731481481481476 0.2986770833333333 0.006453703703703676 0.009822916666666615
0 0.46757407407407403 0.309625 0.007972222222222235 0.007369791666666714
0 0.4790648148148148 0.3165104166666667 0.011583333333333378 0.004270833333333357
0 0.5054074074074074 0.2978385416666667 0.010518518518518425 0.007510416666666675
0 0.5141111111111111 0.30079687499999996 0.010925925925925936 0.0052343749999999465
0 0.506824074074074 0.30432291666666667 0.008500000000000006 0.007739583333333311
0 0.4930648148148148 0.30830729166666665 0.01173148148148155 0.004781250000000003
0 0.5025740740740741 0.3145677083333333 0.016999999999999856 0.005916666666666614
0 0.4949259259259259 0.3244947916666666 0.026138888888888958 0.006229166666666686
0 0.46112037037037035 0.3408333333333333 0.015638888888888876 0.004625000000000057
0 0.4604999999999999 0.34924999999999995 0.015851851851851805 0.004458333333333275
0 0.4654074074074074 0.3581614583333333 0.0063703703703704186 0.008723958333333304
0 0.49529629629629623 0.3541927083333333 0.0106851851851851 0.012406249999999997
0 0.48410185185185184 0.3437708333333333 0.013092592592592685 0.004552083333333368
0 0.4955555555555556 0.33635937499999996 0.010509259259259175 0.006588541666666714
0 0.5143333333333333 0.33951041666666665 0.013611111111111206 0.009401041666666643
0 0.5378518518518518 0.33553645833333334 0.013777777777777878 0.005718750000000039
0 0.5495648148148148 0.34386979166666665 0.013777777777777878 0.003781250000000025
0 0.5313055555555555 0.35453125 0.006888888888888939 0.009010416666666642
0 0.33844444444444444 0.40110416666666665 0.01684259259259267 0.006046874999999963
0 0.3667499999999999 0.38810416666666664 0.012537037037037003 0.009067708333333346
0 0.39398148148148143 0.3790364583333333 0.024009259259259213 0.011890624999999932
0 0.3342222222222222 0.470046875 0.016287037037037065 0.008552083333333372
0 0.3988148148148148 0.43942708333333336 0.006574074074074095 0.006958333333333222
0 0.4033518518518518 0.436109375 0.010629629629629593 0.003151041666666643
0 0.4005555555555555 0.431546875 0.01468518518518525 0.007932291666666735
0 0.4288611111111111 0.42915624999999996 0.014490740740740667 0.007062499999999972
0 0.4418055555555555 0.43877604166666667 0.015268518518518527 0.006520833333333265
0 0.40947222222222224 0.41923958333333333 0.009796296296296386 0.004026041666666735
0 0.4280648148148148 0.42159375 0.008564814814814763 0.0051354166666666146
0 0.4139907407407407 0.4159791666666666 0.007342592592592546 0.004609374999999893
0 0.44282407407407404 0.409578125 0.009861111111111143 0.008322916666666735
0 0.44185185185185183 0.3994375 0.009759259259259226 0.008151041666666714
0 0.4047592592592592 0.3979895833333333 0.006472222222222178 0.009187500000000038
0 0.4758518518518518 0.400390625 0.007703703703703645 0.010401041666666666
0 0.48232407407407407 0.40507291666666667 0.013046296296296273 0.006473958333333307
0 0.5075 0.4156770833333333 0.00852777777777776 0.0043333333333333
0 0.520962962962963 0.3994375 0.013462962962962876 0.004911458333333352
0 0.4449444444444445 0.37813541666666667 0.021398148148148107 0.0044635416666666036
0 0.435537037037037 0.37172916666666667 0.022268518518518476 0.007182291666666618
0 0.5336851851851852 0.37984895833333326 0.022666666666666738 0.012463541666666699
0 0.5587685185185185 0.360796875 0.014768518518518507 0.006447916666666753
0 0.5732685185185186 0.370328125 0.02285185185185191 0.004286458333333343
0 0.6169074074074073 0.3854479166666666 0.012592592592592508 0.007989583333333262
0 0.6122222222222222 0.362046875 0.0067407407407407685 0.0065104166666666964
0 0.5996296296296296 0.35129687499999995 0.005564814814814806 0.007578124999999947
0 0.6317777777777778 0.3495260416666667 0.01010185185185198 0.0045312500000000535
0 0.6432777777777777 0.35751562499999995 0.009962962962962903 0.005682291666666739
0 0.6300185185185184 0.3540572916666666 0.010981481481481441 0.005026041666666714
0 0.5829444444444445 0.2904375 0.007277777777777632 0.0051145833333333
0 0.5876111111111111 0.29785416666666664 0.005685185185185225 0.007927083333333317
0 0.6179629629629629 0.29881250000000004 0.0095462962962963 0.00805729166666671
0 0.6046574074074074 0.3103854166666667 0.012046296296296236 0.005624999999999947
0 0.6014722222222222 0.3155677083333333 0.011592592592592628 0.006010416666666618
0 0.6091851851851852 0.32900520833333335 0.005879629629629493 0.006083333333333396
0 0.6150648148148148 0.3176927083333333 0.005879629629629493 0.005869791666666657
0 0.6300555555555556 0.32863020833333334 0.012712962962962928 0.006406249999999947
0 0.6350833333333333 0.3334895833333333 0.015175925925926018 0.0077916666666666854
0 0.6366018518518518 0.32083854166666664 0.012527777777777752 0.008109374999999997
0 0.6621296296296296 0.33839583333333334 0.009675925925925968 0.006083333333333396
0 0.6736018518518518 0.346671875 0.01593518518518522 0.0057656249999999964
0 0.6682962962962963 0.34213541666666664 0.011388888888888794 0.005869791666666657
0 0.6847037037037037 0.333703125 0.02599999999999988 0.009927083333333276
0 0.6749351851851851 0.31710416666666663 0.012148148148147995 0.009604166666666724
0 0.6792962962962963 0.3277760416666667 0.015175925925926018 0.011739583333333314
0 0.6813148148148148 0.3202708333333333 0.010592592592592591 0.0068020833333332755
0 0.6967129629629629 0.31841145833333334 0.013212962962962945 0.006171874999999982
0 0.6911666666666666 0.30467187500000004 0.008101851851851905 0.007854166666666629
0 0.7003888888888888 0.3008125 0.006111111111111079 0.00813541666666664
0 0.7064999999999999 0.307265625 0.014083333333333394 0.006593750000000042
0 0.6919722222222222 0.31 0.01720370370370369 0.006171874999999982
0 0.6703703703703703 0.28471874999999996 0.01570370370370379 0.009593750000000068
0 0.7060462962962962 0.28247395833333333 0.014981481481481594 0.009093749999999989
0 0.7379814814814813 0.2821979166666667 0.012620370370370577 0.006765624999999975
0 0.7482407407407408 0.28813020833333336 0.023268518518518515 0.007098958333333361
0 0.7392685185185185 0.29378645833333333 0.007685185185185143 0.0057656249999999964
0 0.8077037037037036 0.30874999999999997 0.013805555555555632 0.005177083333333332
0 0.8059814814814814 0.3010364583333333 0.01265740740740758 0.00528645833333341
0 0.7988888888888888 0.3041145833333333 0.008814814814814692 0.005177083333333332
0 0.7941944444444443 0.2986666666666667 0.011694444444444545 0.004421874999999975
0 0.7827870370370369 0.3028177083333333 0.009583333333333144 0.008843750000000039
0 0.7914074074074073 0.31333333333333335 0.015722222222222134 0.007223958333333247
0 0.7640925925925925 0.30578125 0.01744444444444437 0.008953125000000029
0 0.7373425925925926 0.3153802083333333 0.012268518518518413 0.006364583333333318
0 0.7290092592592592 0.3205572916666667 0.016675925925925917 0.008734374999999961
0 0.7384166666666666 0.32127083333333334 0.014092592592592722 0.00809895833333334
0 0.7492500000000001 0.3209270833333333 0.010601851851852 0.010312499999999947
0 0.7278148148148148 0.331625 0.005907407407407403 0.010567708333333314
0 0.7416759259259259 0.330859375 0.00726851851851854 0.009036458333333285
0 0.7159907407407408 0.33869791666666665 0.014092592592592644 0.014828125000000015
0 0.6996296296296296 0.3385677083333333 0.007120370370370368 0.009119791666666632
0 0.710462962962963 0.3442395833333333 0.01060185185185192 0.009375
0 0.737 0.3434010416666667 0.0051018518518519485 0.008505208333333325
0 0.6864537037037037 0.361640625 0.012935185185185263 0.009322916666666714
0 0.7203333333333333 0.36645833333333333 0.012564814814814756 0.007890625000000017
0 0.6675092592592592 0.376140625 0.015120370370370355 0.0069687500000000565
0 0.675074074074074 0.38387499999999997 0.010203703703703739 0.011374999999999958
0 0.6889166666666666 0.383109375 0.01493518518518534 0.011885416666666603
0 0.6640462962962962 0.39591666666666664 0.015120370370370355 0.009630208333333324
0 0.5385555555555556 0.40897395833333333 0.0205462962962964 0.006260416666666657
0 0.5663796296296296 0.40881249999999997 0.021407407407407358 0.013645833333333357
0 0.46803703703703703 0.42675 0.011277777777777784 0.00951562500000005
0 0.487324074074074 0.4270052083333333 0.010601851851851841 0.007739583333333222
0 0.48608333333333337 0.4378541666666666 0.02120370370370384 0.004822916666666721
0 0.5091296296296296 0.4493541666666666 0.011046296296296356 0.007041666666666657
0 0.4554907407407407 0.46648437499999995 0.00993518518518515 0.006859374999999978
0 0.5586574074074074 0.434984375 0.021527777777777778 0.006395833333333378
0 0.5753055555555556 0.46331249999999996 0.013407407407407371 0.005026041666666714
0 0.5101574074074074 0.47689062499999996 0.01235185185185183 0.004328124999999972
0 0.5837592592592593 0.4711927083333333 0.010935185185185187 0.008203125
0 0.6288333333333334 0.4603958333333333 0.02540740740740751 0.005104166666666643
0 0.6070555555555556 0.46805208333333326 0.012703703703703677 0.0064635416666666504
0 0.5988888888888888 0.46873437500000004 0.006046296296296324 0.007145833333333407
0 0.7843055555555555 0.3248020833333333 0.008018518518518489 0.0068281249999999185
0 0.8540648148148148 0.325 0.007787037037037218 0.009020833333333301
0 0.8326388888888889 0.32924999999999993 0.010768518518518514 0.006958333333333311
0 0.8191203703703703 0.33144270833333334 0.008018518518518489 0.011598958333333353
0 0.8078981481481481 0.33659374999999997 0.007101851851852025 0.012114583333333328
0 0.8538333333333333 0.3399479166666667 0.005953703703703657 0.009791666666666643
0 0.858074074074074 0.33853125 0.005731481481481638 0.009791666666666643
0 0.8770833333333333 0.34265104166666666 0.026342592592592636 0.007989583333333262
0 0.8909444444444444 0.3491614583333333 0.007787037037037218 0.009921874999999946
0 0.9048055555555556 0.36384895833333336 0.016268518518518564 0.007343749999999982
0 0.8941481481481481 0.362109375 0.012833333333333346 0.004125000000000068
0 0.899537037037037 0.39690624999999996 0.024055555555555466 0.004380208333333346
0 0.8965462962962962 0.38955729166666664 0.026740740740740735 0.007338541666666654
0 0.8876851851851851 0.3846614583333333 0.02576851851851845 0.014223958333333276
0 0.9034722222222222 0.40962499999999996 0.011916666666666565 0.012505208333333328
0 0.8914722222222221 0.41224999999999995 0.01465740740740734 0.006526041666666593
0 0.8833333333333333 0.41410937499999995 0.009342592592592623 0.010963541666666642
0 0.8827685185185185 0.4228958333333333 0.013370370370370525 0.005343749999999936
0 0.9187962962962962 0.4259114583333333 0.011444444444444457 0.004786458333333421
0 0.9176018518518518 0.43922916666666667 0.011175925925925867 0.005687499999999979
0 0.920398148148148 0.4511302083333333 0.00931481481481487 0.004041666666666721
0 0.8967685185185185 0.45667187499999995 0.007120370370370526 0.005260416666666679
0 0.9415185185185185 0.47148958333333335 0.00996296296296306 0.008578125000000015
0 0.9220925925925926 0.46228125000000003 0.0073240740740740445 0.004348958333333286
0 0.9175185185185184 0.46044791666666657 0.012814814814814845 0.005489583333333314
0 0.9286018518518517 0.4710885416666667 0.009759259259259226 0.005489583333333314
0 0.9245370370370369 0.47783854166666667 0.016268518518518564 0.006406250000000035
0 0.9246388888888889 0.4818385416666667 0.01891666666666683 0.006635416666666671
0 0.9222962962962963 0.4892187499999999 0.021148148148148176 0.006291666666666629
0 0.8898425925925925 0.4899010416666666 0.005972222222222159 0.006494791666666622
0 0.881287037037037 0.4909114583333333 0.010750000000000013 0.007614583333333336
0 0.8979074074074074 0.505296875 0.013731481481481308 0.007500000000000106
0 0.9262685185185184 0.5004791666666666 0.012740740740740837 0.007723958333333236
0 0.9469351851851852 0.5041718749999999 0.016787037037037243 0.007427083333333329
0 0.9368240740740741 0.5112552083333333 0.012518518518518502 0.006578125000000057
0 0.9285185185185185 0.52171875 0.006481481481481587 0.005416666666666714
0 0.9556944444444445 0.5263802083333333 0.013240740740741015 0.00401041666666675
0 0.9457407407407408 0.5449322916666667 0.00790740740740748 0.004833333333333379
0 0.9462592592592591 0.5692447916666666 0.01443518518518532 0.009958333333333336
0 0.9634444444444443 0.587515625 0.01168518518518498 0.012468750000000028
0 0.9410092592592593 0.5564843749999999 0.01288888888888885 0.005895833333333478
0 0.9286388888888888 0.5634427083333333 0.015638888888888876 0.009375
0 0.9237407407407406 0.570015625 0.016499999999999834 0.007828125000000163
0 0.9329351851851853 0.5817135416666667 0.008768518518518438 0.006088541666666636
0 0.9257222222222222 0.579296875 0.011518518518518464 0.009182291666666665
0 0.9101666666666666 0.5967499999999999 0.01340740740740753 0.0075416666666667355
0 0.9076759259259259 0.58084375 0.012546296296296253 0.004734375000000135
0 0.9363148148148148 0.6138333333333332 0.009601851851851646 0.008874999999999921
0 0.9488888888888888 0.6253489583333334 0.011435185185185206 0.009520833333333378
0 0.9299074074074074 0.6353802083333333 0.014638888888888838 0.007203125000000021
0 0.9503796296296296 0.6602083333333333 0.009379629629629625 0.007203125000000021
0 0.9326574074074074 0.6658697916666666 0.016925925925926007 0.004375000000000106
0 0.9335462962962963 0.6592447916666666 0.009907407407407556 0.005572916666666572
0 0.9398055555555556 0.6612499999999999 0.010601851851852 0.0052812499999999925
0 0.9134722222222221 0.6553333333333333 0.01807407407407406 0.003614583333333421
0 0.9075648148148148 0.6506927083333333 0.0128611111111111 0.0037135416666666645
0 0.8879259259259259 0.6503020833333333 0.014601851851851835 0.004302083333333507
0 0.9131203703703703 0.623515625 0.01147222222222221 0.006453124999999993
0 0.8962685185185184 0.6252239583333333 0.010777777777777765 0.005182291666666572
0 0.9042592592592592 0.6158906249999999 0.013212962962962945 0.0031302083333335064
0 0.8458240740740741 0.727046875 0.011796296296296305 0.0033906250000001136
0 0.8734814814814814 0.721296875 0.011009259259259352 0.006046875000000007
0 0.8907870370370369 0.7127447916666666 0.018870370370370575 0.006338541666666764
0 0.8574907407407407 0.7050052083333332 0.010481481481481423 0.006781250000000049
0 0.872175925925926 0.7022031249999999 0.011009259259259352 0.010026041666666607
0 0.9084814814814813 0.6984427083333333 0.021231481481481435 0.006046875000000007
0 0.887898148148148 0.7022031249999999 0.00943518518518513 0.013270833333333343
0 0.8973425925925925 0.6957135416666667 0.015203703703703771 0.007666666666666622
0 0.3737407407407407 0.5122239583333333 0.01097222222222219 0.007510416666666764
0 0.37159259259259253 0.5860104166666666 0.010490740740740832 0.011807291666666764
0 0.3465185185185185 0.5657552083333333 0.011990740740740809 0.006067708333333322
0 0.4210648148148148 0.5658697916666666 0.015583333333333371 0.008093749999999922
0 0.1677685185185185 0.4777135416666667 0.01288888888888889 0.008499999999999907
0 0.1701851851851852 0.46849999999999997 0.015194444444444462 0.007479166666666615
0 0.23381481481481486 0.46775520833333334 0.011018518518518523 0.004276041666666686
0 0.39900925925925923 0.507671875 0.013583333333333296 0.007447916666666643
0 0.43314814814814817 0.5018906249999999 0.014981481481481436 0.011166666666666636
0 0.48417592592592584 0.5284375000000001 0.01045370370370367 0.010187499999999971
0 0.4892314814814815 0.5213854166666666 0.019157407407407512 0.007838541666666643
0 0.4967222222222222 0.5100208333333333 0.011842592592592559 0.009796874999999972
0 0.5465277777777777 0.51678125 0.011148148148148114 0.007249999999999979
0 0.544611111111111 0.5452916666666667 0.014981481481481594 0.00822916666666682
0 0.5752685185185185 0.5111979166666666 0.013583333333333454 0.0058802083333333146
0 0.54175 0.6214635416666667 0.01187037037037031 0.009385416666666656
0 0.566037037037037 0.6176041666666666 0.010009259259259155 0.009177083333333336
0 0.5677129629629629 0.5989375 0.011120370370370362 0.014807291666666523
0 0.5817962962962963 0.6078020833333333 0.01631481481481466 0.011265625000000057
0 0.5797592592592592 0.5961197916666666 0.010009259259259155 0.010843750000000086
0 0.4351296296296296 0.6207083333333333 0.010259259259259244 0.00756250000000005
0 0.45795370370370364 0.5902499999999999 0.009907407407407396 0.009156250000000022
0 0.6928425925925925 0.470671875 0.016888888888888846 0.007218750000000007
0 0.7066944444444444 0.46820312499999994 0.017564814814814787 0.01747916666666658
0 0.698925925925926 0.5006927083333333 0.011481481481481618 0.007218750000000007
0 0.7264444444444444 0.5221614583333333 0.01453703703703708 0.009541666666666693
0 0.7526111111111111 0.51834375 0.010657407407407504 0.009541666666666693
0 0.7390370370370369 0.4803177083333333 0.011629629629629474 0.008723958333333393
0 0.7304074074074074 0.47180729166666663 0.012444444444444496 0.008104166666666579
0 0.7250092592592593 0.40938020833333333 0.010805555555555518 0.010682291666666722
0 0.7230370370370369 0.4317552083333333 0.019972222222222058 0.008656249999999944
0 0.7397407407407406 0.4395833333333333 0.019314814814814618 0.010312500000000035
0 0.741537037037037 0.4451979166666666 0.013092592592592685 0.01381250000000005
0 0.7302407407407407 0.4503541666666666 0.009490740740740635 0.010130208333333357
0 0.7627499999999999 0.450171875 0.028111111111111125 0.010401041666666621
0 0.777962962962963 0.452328125 0.015481481481481612 0.012505208333333328
0 0.8053333333333332 0.45490624999999996 0.009250000000000114 0.010177083333333314
0 0.8152037037037037 0.4609791666666666 0.027351851851851922 0.004281250000000014
0 0.8523148148148147 0.478734375 0.010694444444444508 0.010640625000000093
0 0.8551944444444445 0.4615 0.01315740740740744 0.006479166666666636
0 0.8793518518518518 0.4620208333333333 0.009666666666666717 0.011218749999999921
0 0.9022777777777777 0.46340624999999996 0.013981481481481397 0.005203125000000064
0 0.8214166666666666 0.44225520833333326 0.0198888888888888 0.008015624999999993
0 0.8606111111111111 0.4354114583333333 0.01633333333333332 0.00401041666666675
0 0.8628055555555556 0.4380416666666666 0.015018518518518438 0.006572916666666551
0 0.8590555555555556 0.41668749999999993 0.006259259259259251 0.007041666666666657
0 0.8483148148148147 0.42413541666666665 0.012305555555555417 0.009036458333333285
0 0.8621851851851852 0.404890625 0.013768518518518312 0.006687499999999957
0 0.792611111111111 0.4306510416666667 0.01481481481481492 0.007510416666666764
0 0.8371481481481482 0.4030729166666666 0.012101851851851898 0.006807291666666648
0 0.8000185185185185 0.42167187500000003 0.006259259259259251 0.004812500000000064
0 0.8056481481481481 0.41081770833333325 0.010425925925925918 0.006572916666666551
0 0.8022129629629628 0.41815104166666667 0.008972222222222272 0.005749999999999922
0 0.8083611111111111 0.400609375 0.010009259259259313 0.008213541666666657
0 0.7993888888888888 0.408703125 0.014601851851851835 0.009151041666666693
0 0.7435370370370369 0.4003333333333333 0.008814814814814692 0.009791666666666643
0 0.7581944444444444 0.39754687499999997 0.01651851851851834 0.0064427083333332465
0 0.7817592592592592 0.4063437499999999 0.014759259259259415 0.004463541666666693
0 0.7542222222222221 0.38001041666666663 0.010796296296296267 0.012020833333333324
0 0.7566481481481481 0.3661302083333333 0.008592592592592672 0.008302083333333331
0 0.76425 0.3735677083333333 0.01762037037037045 0.009791666666666643
0 0.7776851851851851 0.38279687500000004 0.01762037037037045 0.008677083333333346
0 0.7863888888888888 0.3925885416666667 0.011675925925925729 0.00991145833333329
0 0.7928888888888889 0.38546354166666663 0.011018518518518603 0.007312500000000011
0 0.8147037037037036 0.38645312499999995 0.009250000000000114 0.009046874999999944
0 0.8368425925925925 0.38689062500000004 0.008592592592592672 0.008177083333333357
0 0.8424537037037036 0.38317187500000005 0.013657407407407302 0.012890625
0 0.8183333333333332 0.37654166666666666 0.008592592592592672 0.011276041666666714
0 0.8104074074074075 0.3665677083333333 0.013879629629629638 0.006937499999999997
0 0.7563518518518517 0.3576875 0.015416666666666856 0.0048489583333332755
0 0.7696759259259258 0.35026562499999997 0.016462962962962832 0.0076406250000000675
0 0.7857500000000001 0.34570833333333334 0.013583333333333296 0.006171874999999982
0 0.7931388888888888 0.34819270833333327 0.006870370370370438 0.00880729166666674
0 0.7987685185185184 0.3515729166666667 0.017759259259259214 0.004619791666666639
0 0.7959074074074073 0.3559791666666666 0.013175925925925943 0.0059062499999999575
0 0.8277037037037036 0.3430364583333333 0.009925925925926057 0.004296875
0 0.83075 0.3556041666666666 0.01298148148148136 0.005369791666666668
0 0.845074074074074 0.35179166666666667 0.0061111111111109215 0.009130208333333289
0 0.8534722222222222 0.34872916666666665 0.00954629629629614 0.005802083333333386
0 0.8750555555555555 0.36430208333333336 0.008018518518518489 0.004510416666666739
0 0.8494629629629629 0.3724635416666667 0.013361111111111275 0.004083333333333261
0 0.858537037037037 0.3761145833333333 0.006685185185185105 0.006875000000000053
0 0.8624537037037038 0.371765625 0.013749999999999811 0.004187500000000011
0 0.870648148148148 0.6700677083333333 0.017370370370370362 0.0090572916666666
0 0.9003148148148148 0.6704270833333333 0.015675925925925878 0.004531249999999964
0 0.858148148148148 0.6610104166666667 0.021185185185185182 0.007151041666666735
0 0.8089907407407407 0.6533854166666666 0.030509259259259302 0.016208333333333335
0 0.7994537037037036 0.6616093749999999 0.019074074074074094 0.009296874999999894
0 0.814287037037037 0.6631562499999999 0.013981481481481397 0.006671874999999971
0 0.8335648148148148 0.6268020833333333 0.01864814814814824 0.008817708333333308
0 0.8259351851851852 0.6115468749999999 0.010166666666666577 0.012156250000000136
0 0.753898148148148 0.5880677083333332 0.01440740740740725 0.0090572916666666
0 0.7004259259259259 0.6144114583333333 0.01238888888888899 0.004703125000000164
0 0.887611111111111 0.5995625 0.013657407407407302 0.012718749999999978
0 0.8544074074074074 0.5900208333333332 0.018842592592592508 0.011656250000000057
0 0.8878425925925926 0.5690937500000001 0.014129629629629726 0.012187500000000106
0 0.8859814814814815 0.5826354166666666 0.01630555555555557 0.0069583333333334
0 0.8757222222222222 0.5748906249999999 0.010962962962962782 0.012333333333333307
0 0.8556203703703703 0.5758385416666666 0.013490740740740787 0.008223958333333314
0 0.8329907407407408 0.5691145833333333 0.010398148148148165 0.0067968750000000355
0 0.8595555555555555 0.5675364583333333 0.015740740740740635 0.005531249999999943
0 0.9163333333333333 0.545796875 0.009555555555555392 0.0063229166666666
0 0.8966574074074073 0.5425520833333334 0.02024074074074065 0.005531249999999943
0 0.8809166666666667 0.5443749999999999 0.02079629629629633 0.004744791666666792
0 0.8742314814814814 0.5504791666666666 0.01753703703703719 0.007296875000000114
0 0.8602962962962962 0.5504791666666666 0.01705555555555552 0.00783854166666682
0 0.8441944444444444 0.5477760416666666 0.018018518518518552 0.008921875000000056
0 0.8398703703703703 0.5350729166666666 0.0223425925925928 0.0075677083333333785
0 0.8693055555555556 0.5225677083333333 0.010574074074074246 0.011218749999999921
0 0.8417962962962962 0.5208125 0.015620370370370375 0.008515624999999893
0 0.8539259259259259 0.5128385416666666 0.023064814814814996 0.006354166666666749
0 0.8945 0.5303645833333333 0.015842592592592394 0.004453125000000035
0 0.7738703703703703 0.5481145833333334 0.007824074074074221 0.007770833333333371
0 0.6540833333333332 0.530890625 0.009898148148148146 0.005140624999999943
0 0.6552222222222223 0.4995208333333333 0.013703703703703714 0.005781249999999893
0 0.7635000000000001 0.5723229166666666 0.02258333333333332 0.01477604166666655
0 0.7353888888888889 0.5706354166666665 0.009675925925925968 0.014000000000000058