0 0.29277777777777775 0.671828125 0.013675925925925883 0.01779687499999998
0 0.29434259259259254 0.703359375 0.008981481481481524 0.008791666666666665
0 0.39766666666666667 0.677984375 0.021092592592592514 0.006369791666666735
0 0.22812962962962963 0.6831458333333333 0.014842592592592593 0.0140625
0 0.21133333333333332 0.6840260416666666 0.01327777777777778 0.008791666666666665
0 0.1851574074074074 0.6818281249999999 0.010935185185185187 0.010546875
0 0.18795370370370368 0.674515625 0.017592592592592618 0.003666666666666707
0 0.14535185185185184 0.6656822916666666 0.0118611111111111 0.010041666666666772
0 0.0995462962962963 0.6297708333333334 0.016935185185185178 0.01238541666666677
0 0.11473148148148146 0.5994635416666666 0.019675925925925913 0.0073281250000000854
0 0.08319444444444443 0.5628177083333332 0.012379629629629631 0.015682291666666792
0 0.010222222222222221 0.50990625 0.014203703703703703 0.01150000000000002
0 0.02059259259259259 0.4883385416666666 0.010509259259259262 0.00990625000000005
0 0.14213888888888887 0.4769166666666666 0.01846296296296295 0.013895833333333307
0 0.13578703703703704 0.4535937499999999 0.010555555555555547 0.011244791666666564
0 0.008333333333333333 0.41423437500000004 0.008888888888888889 0.008744791666666706
0 0.07775 0.4329791666666667 0.013333333333333345 0.014994791666666707
0 0.018925925925925926 0.45255729166666664 0.003981481481481477 0.007421875
0 0.23412037037037037 0.34905729166666666 0.024685185185185234 0.008734374999999961
0 0.28150925925925924 0.36641666666666667 0.011148148148148114 0.009406249999999972
0 0.44694444444444437 0.4461458333333333 0.01712037037037043 0.006270833333333314
0 0.5689814814814814 0.5249843750000001 0.01990740740740746 0.004479166666666678
0 0.2977962962962963 0.541640625 0.011694444444444467 0.00916145833333335
0 0.3518796296296296 0.5983802083333334 0.01545370370370374 0.0037604166666666216
0 0.5082962962962964 0.6252760416666666 0.00751851851851847 0.007755208333333208
0 0.6599074074074074 0.6406666666666666 0.011694444444444545 0.00845833333333328
0 0.7582592592592592 0.676375 0.012111111111111149 0.005166666666666764
0 0.7016666666666665 0.71971875 0.019212962962962935 0.007755208333333208
0 0.679537037037037 0.7206614583333334 0.013361111111111117 0.004932291666666621
0 0.5985092592592592 0.7369895833333333 0.021722222222222202 0.00798958333333335
0 0.8949814814814815 0.628109375 0.012916666666666604 0.012406250000000086
0 0.9093240740740741 0.5800833333333333 0.015120370370370197 0.010989583333333285
0 0.9030185185185184 0.5485364583333333 0.010083333333333321 0.011343750000000163
0 0.8548148148148148 0.5301927083333333 0.01071296296296301 0.011520833333333336
0 0.8992407407407407 0.5326718749999999 0.02268518518518508 0.005848958333333343
0 0.9289074074074073 0.5288229166666666 0.00920370370370386 0.009734375000000028
0 0.9493333333333334 0.5384010416666667 0.01987962962962955 0.005901041666666629
0 0.9706018518518518 0.5326041666666667 0.011601851851852037 0.011494791666666693
0 0.9613981481481481 0.5366927083333334 0.009388888888888875 0.008078125000000113
0 0.8595462962962961 0.4773020833333333 0.023064814814814996 0.01473958333333325
0 0.8809907407407407 0.33533333333333337 0.012259259259259163 0.00532291666666671
0 0.7977777777777777 0.25255729166666663 0.009814814814814731 0.003348958333333307
0 0.6888148148148148 0.21728125 0.017518518518518534 0.006109375000000039
0 0.5656666666666667 0.2209270833333333 0.017166666666666684 0.007093750000000032
0 0.5027685185185186 0.29079166666666667 0.014712962962963002 0.008473958333333354
0 0.19662962962962963 0.26521875 0.013990740740740727 0.004765625000000018
0 0.32642592592592595 0.23321874999999997 0.01583333333333338 0.007041666666666657
0 0.4378055555555555 0.252484375 0.00957407407407405 0.00994270833333335
0 0.4915925925925925 0.20601562499999998 0.013222222222222198 0.0042499999999999535