0 0.7282037037037037 0.24546874999999999 0.02561111111111119 0.010833333333333339
0 0.734824074074074 0.28378125 0.013592592592592547 0.006765624999999975
0 0.5393981481481481 0.277640625 0.01796296296296305 0.010989583333333285
0 0.5467407407407407 0.23672395833333332 0.021972222222222292 0.009385416666666656
0 0.5044444444444444 0.296078125 0.008250000000000075 0.012364583333333368
0 0.4468518518518519 0.22210937499999997 0.020268518518518557 0.005843750000000014
0 0.37432407407407403 0.24935937499999997 0.02087962962962959 0.007333333333333325
0 0.3408888888888889 0.26828124999999997 0.016138888888888817 0.007296875000000025
0 0.3119444444444444 0.26059895833333335 0.014564814814814833 0.008999999999999985
0 0.27025 0.2914322916666666 0.0125 0.005807291666666714
0 0.3015648148148148 0.222609375 0.01225925925925924 0.007442708333333314
0 0.2695833333333333 0.23281770833333332 0.019175925925925933 0.009427083333333374
0 0.1746018518518518 0.2570520833333333 0.013712962962962946 0.00941145833333339
0 0.17496296296296296 0.27395312499999996 0.013712962962962965 0.011130208333333247
0 0.14796296296296296 0.28337500000000004 0.00995370370370369 0.005401041666666639
0 0.14364814814814814 0.33139062499999994 0.029490740740740762 0.009932291666666603
0 0.2047037037037037 0.33241145833333335 0.011777777777777804 0.010619791666666689
0 0.22794444444444445 0.3435104166666666 0.012620370370370339 0.007552083333333304
0 0.09127777777777778 0.34021875 0.01019444444444444 0.0057395833333333535
0 0.1434074074074074 0.36685416666666665 0.02998148148148149 0.009854166666666674
0 0.19565740740740742 0.3843020833333333 0.018935185185185173 0.009932291666666603
0 0.28329629629629627 0.3935885416666667 0.023305555555555517 0.006661458333333314
0 0.9482037037037035 0.4845104166666666 0.010194444444444646 0.009494791666666735
0 0.7596388888888888 0.4875885416666666 0.013712962962962807 0.0089479166666667
0 0.5962685185185185 0.4879270833333333 0.010314814814814907 0.008265624999999943
0 0.5384351851851851 0.5052760416666666 0.02573148148148145 0.0047239583333333005
0 0.6426944444444445 0.5607291666666666 0.023064814814814837 0.00912500000000005
0 0.7866481481481481 0.5835833333333333 0.02525000000000009 0.013187500000000085
0 0.8028518518518518 0.6451302083333333 0.020759259259259328 0.011338541666666656
0 0.8342314814814814 0.6474166666666666 0.011648148148147975 0.013864583333333336
0 0.9108796296296295 0.6497083333333333 0.015657407407407377 0.010927083333333342
0 0.8771944444444444 0.69846875 0.00922222222222236 0.008984375
0 0.8652962962962962 0.7103177083333333 0.013592592592592547 0.0072083333333333496
0 0.7628611111111111 0.7139374999999999 0.014564814814814833 0.00877083333333335
0 0.8592962962962962 0.736375 0.012259259259259163 0.010843750000000086
0 0.7025925925925925 0.8075104166666666 0.016629629629629664 0.004958333333333442
0 0.5540925925925925 0.7319427083333332 0.014564814814814833 0.01563541666666666
0 0.5465 0.7577864583333334 0.009101851851851785 0.004359374999999943
0 0.5436481481481481 0.8009166666666665 0.013111111111111186 0.00611458333333319
0 0.5464444444444444 0.81440625 0.016268518518518408 0.009197916666666472
0 0.5552407407407407 0.8211354166666667 0.020759259259259328 0.0110468749999999
0 0.5769074074074073 0.8286458333333332 0.01748148148148153 0.009682291666666742
0 0.3970833333333333 0.77203125 0.016629629629629664 0.007057291666666821
0 0.3694722222222222 0.7979114583333333 0.00995370370370365 0.0055677083333333325
0 0.36474074074074075 0.794125 0.01699074074074076 0.0054947916666668204
0 0.3143703703703703 0.8248229166666666 0.02306481481481476 0.004765624999999929
0 0.29215740740740737 0.7640416666666667 0.022333333333333313 0.011557291666666636
0 0.19044444444444444 0.7676927083333334 0.011166666666666695 0.016817708333333313
0 0.18085185185185182 0.7941927083333333 0.015777777777777797 0.009729166666666521
0 0.06080555555555556 0.7158125 0.019666666666666662 0.012052083333333208
0 0.07537962962962962 0.7052552083333332 0.014324074074074072 0.008375000000000021
0 0.057111111111111106 0.697953125 0.018324074074074086 0.011156249999999979
0 0.08824074074074074 0.6699531249999999 0.021120370370370376 0.012505208333333507
0 0.12344444444444444 0.6396249999999999 0.02014814814814814 0.009916666666666707
0 0.09698148148148146 0.6333802083333333 0.014324074074074072 0.006953124999999893
0 0.026037037037037032 0.6461145833333333 0.00959259259259259 0.007161458333333393
0 0.2967037037037037 0.6237187499999999 0.021972222222222212 0.014255208333333335
0 0.4920648148148148 0.6360416666666666 0.013592592592592705 0.01091145833333318
0 0.026824074074074073 0.6275208333333333 0.01845370370370371 0.006161458333333236
0 0.023425925925925926 0.6119843749999999 0.02233333333333333 0.01810416666666672
0 0.14583333333333334 0.592625 0.027064814814814833 0.006005208333333378
0 0.15712037037037035 0.5505312499999999 0.013231481481481486 0.009895833333333392
0 0.07027777777777779 0.5512135416666666 0.016018518518518536 0.01126041666666655
0 0.048425925925925914 0.5387864583333333 0.01796296296296297 0.010984374999999958
0 0.02336111111111111 0.5037499999999999 0.012740740740740738 0.007822916666666657
0 0.0344074074074074 0.47301562500000005 0.011287037037037035 0.009166666666666679
0 0.011592592592592592 0.46738541666666666 0.01589814814814815 0.012239583333333392
0 0.15573148148148147 0.490640625 0.01504629629629631 0.008906249999999893
0 0.17878703703703702 0.5210260416666667 0.01748148148148147 0.008151041666666714
0 0.03708333333333333 0.4559427083333333 0.018324074074074066 0.01256770833333345
0 0.10784259259259259 0.7588854166666665 0.009731481481481473 0.008359375000000035
0 0.11680555555555555 0.6526249999999999 0.009222222222222203 0.0073489583333334