0 0.08850088183421516 0.24217509920634922 0.026543209876543194 0.014853670634920667
0 0.21925925925925924 0.17406001984126981 0.023328924162257497 0.008516865079365044
0 0.3499559082892416 0.3133705357142857 0.02380511463844799 0.021994047619047573
0 0.03725749559082892 0.3187946428571429 0.013571428571428573 0.01007688492063492
0 0.4616093474426808 0.1607986111111111 0.012380952380952376 0.016143353174603137
0 0.5031525573192239 0.14646329365079364 0.02213844797178126 0.007172619047619078
0 0.6642019400352734 0.15707589285714285 0.021424162257495678 0.016073908730158726
0 0.8286463844797176 0.2152951388888889 0.012738095238095246 0.00997271825396826
0 0.8711419753086419 0.23153521825396822 0.017499999999999873 0.009647817460317487
0 0.8172178130511464 0.30448412698412697 0.021305114638448055 0.01962301587301587
0 0.6075440917107584 0.2882738095238095 0.018090828924162375 0.00594990079365072
0 0.9361992945326278 0.5778100198412698 0.016904761904761915 0.021626984126984005
0 0.7187566137566138 0.6134077380952381 0.020537918871252163 0.013735119047619015
0 0.7810758377425044 0.6679389880952381 0.017535273368606694 0.017056051587301724
0 0.7024867724867725 0.7020213293650793 0.030961199294532487 0.009853670634920597
0 0.6061243386243387 0.7077529761904761 0.021485890652557297 0.013494543650793566
0 0.47485449735449736 0.6452256944444444 0.0217989417989418 0.007931547619047486
0 0.4197222222222222 0.722375992063492 0.021485890652557297 0.010019841269841123
0 0.3096957671957672 0.764952876984127 0.03491181657848325 0.012936507936507979
0 0.2554365079365079 0.7458010912698413 0.019589947089947105 0.016391369047619085