0 0.5791296296296297 0.796125 0.008879629629629607 0.007265624999999965
0 0.5137499999999999 0.7839791666666667 0.010490740740740674 0.0024947916666667068
0 0.43122222222222223 0.8072447916666666 0.009277777777777708 0.0036302083333332293
0 0.6378518518518519 0.7945364583333333 0.011703703703703796 0.004541666666666622
0 0.6263333333333334 0.789265625 0.01120370370370362 0.0061770833333334
0 0.5993240740740741 0.7862395833333332 0.013222222222222198 0.004916666666666636
0 0.6509814814814814 0.77603125 0.010305555555555656 0.002901041666666693
0 0.5589907407407407 0.7648125 0.011425925925925798 0.0061770833333334
0 0.5552962962962963 0.7697291666666667 0.004925925925925867 0.0026458333333332362
0 0.39574074074074067 0.7811979166666667 0.008064814814814901 0.007942708333333392
0 0.34778703703703706 0.7785520833333333 0.013444444444444453 0.0036562500000000497
0 0.35966666666666663 0.7708645833333333 0.012101851851851898 0.0076875000000001135
0 0.4572592592592592 0.7643697916666665 0.008287037037037079 0.007817708333333506
0 0.43524999999999997 0.7484114583333333 0.01096296296296294 0.003239583333333229
0 0.69375 0.7642083333333333 0.010898148148148185 0.005505208333333478
0 0.7464722222222223 0.7499791666666666 0.012925925925925855 0.003427083333333236
0 0.708611111111111 0.7485260416666667 0.012185185185185235 0.006338541666666764
0 0.6961481481481482 0.7518489583333332 0.011268518518518534 0.007166666666666721
0 0.6907037037037037 0.7416666666666666 0.008129629629629657 0.007166666666666721
0 0.6934722222222223 0.7455624999999999 0.00664814814814826 0.004984375000000085
0 0.7157222222222221 0.7367864583333333 0.008314814814814832 0.006546875000000086
0 0.7349351851851852 0.7335625 0.013111111111111186 0.0036354166666667355
0 0.7481388888888888 0.7325260416666667 0.011824074074074058 0.005713541666666622
0 0.776962962962963 0.7209218749999999 0.0113611111111112 0.0060781249999999785
0 0.7849999999999999 0.6993333333333334 0.009703703703703721 0.003119791666666494
0 0.7543796296296296 0.6958229166666666 0.01440740740740725 0.00639062500000005
0 0.6393703703703704 0.7337083333333333 0.009981481481481404 0.004208333333333236
0 0.6431111111111111 0.707515625 0.014685185185185093 0.008572916666666685
0 0.6011203703703704 0.7091562499999999 0.007203703703703625 0.0056145833333333785
0 0.5810185185185185 0.6963177083333333 0.010231481481481492 0.009312500000000057
0 0.5459444444444445 0.7074114583333333 0.01746296296296287 0.005755208333333428
0 0.526611111111111 0.6752395833333333 0.008583333333333264 0.009171875000000006
0 0.3409907407407407 0.7514062499999999 0.009009259259259276 0.007000000000000029
0 0.26134259259259257 0.7318281249999999 0.008907407407407439 0.0031093749999998367
0 0.25596296296296295 0.7387447916666667 0.007990740740740736 0.0027656249999999717
0 0.20526851851851852 0.6912083333333332 0.007990740740740736 0.0062239583333331796
0 0.19529629629629627 0.687453125 0.01187037037037039 0.006364583333333229
0 0.2180648148148148 0.6784166666666666 0.011027777777777775 0.004635416666666714
0 0.2765740740740741 0.6816770833333333 0.00612962962962966 0.006895833333333279
0 0.38948148148148143 0.685125 0.012601851851851918 0.004213541666666742
0 0.21935185185185185 0.6403854166666666 0.011583333333333298 0.004020833333333229
0 0.1905648148148148 0.6468072916666665 0.011240740740740702 0.004979166666666579
0 0.10575925925925925 0.63109375 0.01668518518518521 0.008812499999999978
0 0.13163888888888886 0.5918177083333334 0.007833333333333314 0.006895833333333279
0 0.1980648148148148 0.5902864583333333 0.012601851851851838 0.004598958333333236
0 0.13589814814814816 0.5700729166666666 0.013620370370370338 0.005937500000000107
0 0.18268518518518517 0.5594791666666666 0.006046296296296245 0.0031041666666666856
0 0.18535185185185182 0.5579791666666666 0.008185185185185162 0.006302083333333286
0 0.22039814814814815 0.5589791666666667 0.008898148148148186 0.00490104166666665
0 0.10806481481481481 0.5475208333333332 0.0065833333333333455 0.0028020833333334493
0 0.06252777777777777 0.5438177083333333 0.008009259259259258 0.0048020833333332295
0 0.05567592592592593 0.5685833333333333 0.008898148148148148 0.007505208333333258
0 0.04713888888888888 0.5656302083333333 0.007824074074074079 0.004203125000000085
0 0.03512962962962962 0.558328125 0.011203703703703698 0.004203125000000085
0 0.07720370370370369 0.5249583333333333 0.009962962962962962 0.00830729166666675
0 0.1419537037037037 0.5143541666666666 0.010675925925925887 0.010307291666666708
0 0.038685185185185184 0.5054947916666667 0.0030277777777777772 0.004604166666666565
0 0.09561111111111112 0.4981406249999999 0.004805555555555566 0.004104166666666664
0 0.061370370370370374 0.46757291666666667 0.008537037037037029 0.007203125000000021
0 0.06448148148148147 0.4601197916666666 0.007296296296296292 0.0061041666666666215
0 0.03966666666666667 0.46377083333333335 0.007472222222222216 0.007406250000000014
0 0.04607407407407407 0.4541145833333333 0.010314814814814813 0.0061041666666666215
0 0.18882407407407406 0.46812499999999996 0.008009259259259239 0.006505208333333279
0 0.21621296296296294 0.47628125 0.008712962962963013 0.007406250000000014
0 0.25125925925925924 0.4804322916666666 0.010490740740740752 0.004302083333333329
0 0.2751851851851852 0.49709375 0.013166666666666691 0.006203125000000043
0 0.3272129629629629 0.47688020833333333 0.013694444444444384 0.005005208333333222
0 0.36803703703703705 0.4357552083333333 0.01209259259259249 0.0038020833333332503
0 0.4295 0.4357552083333333 0.010138888888888984 0.006406250000000035
0 0.5004722222222222 0.42590104166666665 0.009787037037036978 0.010104166666666714
0 0.5321296296296296 0.42284895833333336 0.009425925925926037 0.0032031250000001065
0 0.5634444444444444 0.4072395833333333 0.00729629629629645 0.008203125
0 0.6211481481481482 0.42069270833333333 0.007472222222222216 0.006692708333333286
0 0.6407962962962962 0.45509374999999996 0.011898148148148064 0.0026458333333332362
0 0.5642777777777778 0.4867760416666666 0.009962962962962903 0.0040468750000000496
0 0.7130277777777778 0.4901979166666666 0.00636111111111101 0.005604166666666721
0 0.7567499999999998 0.514171875 0.010796296296296267 0.004359374999999943
0 0.7430555555555556 0.49844791666666666 0.00996296296296306 0.0037343749999999786
0 0.7357222222222223 0.4910572916666666 0.009129629629629536 0.007630208333333321
0 0.7134444444444443 0.46762499999999996 0.007194444444444454 0.005916666666666614
0 0.7269999999999999 0.46583854166666666 0.012731481481481587 0.0035781249999999433
0 0.7294907407407407 0.4614010416666666 0.007194444444444533 0.004359374999999943
0 0.8123796296296296 0.5104374999999999 0.013009259259259111 0.0046718750000000146
0 0.7859537037037037 0.4559531249999999 0.013287037037036953 0.004359374999999943
0 0.8050092592592591 0.46339583333333334 0.0072870370370370415 0.006479166666666636
0 0.7978425925925925 0.4594322916666666 0.00893518518518527 0.007270833333333293
0 0.8278148148148148 0.5500104166666666 0.011046296296296356 0.004890624999999993
0 0.8379259259259259 0.5510677083333333 0.011046296296296356 0.007802083333333343
0 0.8469722222222221 0.5740729166666666 0.01034259259259266 0.004890624999999993
0 0.8115925925925924 0.5944375 0.007759259259259466 0.004890624999999993
0 0.7281481481481481 0.5697083333333333 0.007759259259259466 0.006744791666666572
0 0.8916388888888889 0.5771822916666667 0.0075185185185183126 0.003703125000000007
0 0.9320740740740739 0.58359375 0.009407407407407378 0.008328124999999886
0 0.9232592592592592 0.5787031249999999 0.012462962962962997 0.003567708333333286
0 0.9144444444444444 0.5753281250000001 0.0075185185185183126 0.007932291666666735
0 0.9032777777777776 0.574734375 0.011046296296296356 0.0040989583333333355
0 0.9037407407407406 0.5666718749999999 0.010111111111111072 0.008859375000000114
0 0.9387685185185185 0.5656770833333333 0.009638888888888964 0.0047604166666666
0 0.9177314814814814 0.5535781249999999 0.014101851851851975 0.005421874999999865
0 0.8982222222222223 0.5566197916666666 0.008462962962963162 0.007010416666666686
0 0.8704814814814815 0.5498125 0.01175000000000005 0.006609375000000028
0 0.9325370370370369 0.5323541666666666 0.008462962962963162 0.006609375000000028
0 0.9117407407407406 0.5337447916666667 0.012462962962962997 0.006479166666666636
0 0.8403888888888887 0.5358593749999999 0.010814814814814768 0.007802083333333343
0 0.9046018518518518 0.5136875 0.019296296296296114 0.005427083333333371
0 0.8743888888888888 0.510484375 0.006027777777777664 0.004713541666666643
0 0.8674444444444444 0.5182239583333332 0.008379629629629588 0.005744791666666593
0 0.8755648148148147 0.4987708333333333 0.013101851851851936 0.00486458333333335
0 0.8487314814814814 0.45659374999999996 0.008870370370370197 0.0040729166666666925
0 0.8165092592592592 0.4330208333333333 0.00980555555555548 0.009192708333333322
0 0.7975925925925925 0.446875 0.010740740740740762 0.0064375000000000075
0 0.7955 0.42874999999999996 0.015407407407407606 0.009848958333333435
0 0.7966666666666665 0.4131197916666666 0.010277777777777589 0.008276041666666779
0 0.7668888888888888 0.4175208333333333 0.007240740740740787 0.009458333333333435
0 0.729648148148148 0.40845833333333326 0.011675925925925729 0.003677083333333364
0 0.7487962962962963 0.396375 0.008870370370370197 0.004729166666666629
0 0.7085185185185185 0.4026145833333333 0.011907407407407315 0.004859375000000022
0 0.7193796296296295 0.37634895833333337 0.01120370370370362 0.00880208333333341
0 0.709574074074074 0.36111458333333335 0.011675925925925807 0.005385416666666654
0 0.6069537037037037 0.3690572916666667 0.013305555555555454 0.004203124999999997
0 0.6117407407407407 0.3586145833333333 0.01261111111111101 0.006697916666666614
0 0.5344537037037037 0.3569114583333333 0.00840740740740734 0.00880208333333341
0 0.47129629629629627 0.37371875 0.010509259259259175 0.005119791666666628
0 0.42389814814814814 0.38035416666666666 0.00957407407407405 0.007354166666666639
0 0.4040555555555555 0.368859375 0.012842592592592596 0.008276041666666688
0 0.39623148148148146 0.34554687500000003 0.008407407407407499 0.005781249999999983
0 0.3759166666666666 0.331890625 0.013546296296296292 0.006041666666666589
0 0.32781481481481484 0.32965625000000004 0.015879629629629636 0.007619791666666753
0 0.3418240740740741 0.34574479166666666 0.010277777777777825 0.004072916666666604
0 0.32443518518518516 0.34929166666666667 0.007240740740740787 0.008010416666666752
0 0.2991018518518518 0.3404270833333333 0.006537037037037013 0.007354166666666639
0 0.3553703703703704 0.318359375 0.007472222222222255 0.010505208333333372
0 0.2436111111111111 0.44121354166666665 0.008490740740740677 0.011093750000000036
0 0.214537037037037 0.4325781249999999 0.012231481481481489 0.005052083333333357
0 0.15949999999999998 0.43510937499999996 0.010481481481481461 0.0033697916666666217
0 0.10758333333333332 0.44500520833333324 0.00549074074074076 0.00603645833333335
0 0.07188888888888889 0.4485885416666666 0.006990740740740757 0.0058958333333333
0 0.08474074074074073 0.4351770833333333 0.008740740740740745 0.009406249999999972
0 0.10770370370370369 0.40653645833333324 0.008740740740740726 0.008005208333333336
0 0.14813888888888888 0.3874427083333333 0.008740740740740726 0.010250000000000004
0 0.18950925925925924 0.4111666666666666 0.007824074074074063 0.006489583333333293
0 0.1850185185185185 0.3999427083333333 0.014472222222222244 0.004947916666666652
0 0.18335185185185182 0.382015625 0.009583333333333381 0.004947916666666696
0 0.15975925925925924 0.35801041666666666 0.008824074074074062 0.008333333333333304
0 0.16849999999999998 0.35267187499999997 0.004990740740740741 0.006463541666666739
0 0.1802407407407407 0.34995833333333326 0.013157407407407382 0.0040260416666666465
0 0.22353703703703703 0.3587604166666667 0.017148148148148103 0.004963541666666682
0 0.218037037037037 0.337921875 0.006490740740740759 0.0056197916666666185
0 0.26225 0.31366145833333337 0.006333333333333337 0.004255208333333371
0 0.2701203703703704 0.31405208333333334 0.009731481481481473 0.005734375000000025
0 0.31242592592592594 0.31209375 0.008490740740740677 0.007208333333333261
0 0.337287037037037 0.3041927083333333 0.01034259259259258 0.005296875000000067
0 0.32639814814814816 0.2957239583333333 0.011425925925925956 0.007119791666666675
0 0.35774999999999996 0.29151041666666666 0.011425925925925956 0.004427083333333304
0 0.39487962962962964 0.2787864583333333 0.008185185185185162 0.00781770833333333
0 0.40838888888888886 0.30376041666666664 0.008953703703703613 0.0033854166666666963
0 0.4087777777777778 0.3090572916666666 0.009731481481481473 0.005296875000000067
0 0.4215925925925925 0.30718749999999995 0.007259259259259289 0.005213541666666632
0 0.4217407407407407 0.30089062499999997 0.012814814814814845 0.004604166666666654
0 0.4351018518518518 0.2952916666666667 0.008648148148148177 0.007119791666666675
0 0.42143518518518513 0.2869114583333333 0.008490740740740755 0.0037343750000000675
0 0.42976851851851844 0.2806145833333333 0.013740740740740718 0.0046875
0 0.46096296296296296 0.2813958333333333 0.009416666666666629 0.005734375000000025
0 0.48675000000000007 0.2918177083333333 0.010037037037036909 0.004343749999999957
0 0.49137962962962967 0.28291666666666665 0.013435185185185125 0.006687499999999957
0 0.5273518518518517 0.29403124999999997 0.012194444444444565 0.0037343750000000675
0 0.5079814814814815 0.30788541666666663 0.007101851851851867 0.005557291666666675
0 0.5054259259259258 0.31235416666666665 0.009416666666666787 0.0028645833333333036
0 0.48837037037037034 0.306234375 0.011425925925925798 0.003125
0 0.5712037037037037 0.31943229166666665 0.008796296296296349 0.003302083333333261
0 0.6154351851851851 0.33502604166666666 0.007722222222222146 0.005473958333333329
0 0.595287037037037 0.3282916666666667 0.004787037037037104 0.005213541666666632
0 0.642537037037037 0.33923437500000003 0.006638888888889009 0.005557291666666675
0 0.6149722222222221 0.34475 0.00740740740740746 0.004947916666666696
0 0.19999074074074075 0.51390625 0.01187037037037039 0.006489583333333293
0 0.2581759259259259 0.5334687499999999 0.006111111111111158 0.006296874999999957
0 0.2678425925925926 0.521921875 0.006444444444444504 0.004578124999999922
0 0.32008333333333333 0.5662916666666666 0.009842592592592563 0.006296875000000135
0 0.3538425925925926 0.5554114583333334 0.01492592592592593 0.004005208333333421
0 0.3484166666666667 0.6157135416666667 0.006787037037037101 0.0055364583333334496
0 0.4120277777777777 0.598921875 0.01594444444444447 0.008968749999999836
0 0.4773333333333333 0.6037916666666666 0.009500000000000045 0.006869791666666636
0 0.483611111111111 0.6064583333333333 0.010518518518518425 0.0034374999999998933
0 0.5239814814814815 0.6519739583333333 0.014592592592592584 0.004770833333333257
0 0.48920370370370375 0.657984375 0.006111111111111079 0.002671875000000057
0 0.7988333333333333 0.66625 0.00716666666666678 0.005453124999999837
0 0.8616296296296295 0.6460989583333333 0.009694444444444469 0.009718749999999865
0 0.8173796296296296 0.6534479166666666 0.014750000000000164 0.006401041666666707
0 0.7383518518518517 0.6119635416666667 0.008425925925925842 0.009718749999999865
0 0.9227314814814813 0.6195520833333333 0.011379629629629701 0.009718749999999865
0 0.6920000000000001 0.593 0.01263888888888892 0.006401041666666707
0 0.6218333333333333 0.6472083333333334 0.008175925925925911 0.006296875000000135
0 0.6228981481481481 0.6523489583333333 0.008481481481481505 0.002822916666666764
0 0.6725277777777778 0.651546875 0.008472222222222254 0.005109374999999972
0 0.6907777777777777 0.6526041666666667 0.01260185185185176 0.004729166666666629
0 0.665962962962963 0.5608229166666666 0.014092592592592565 0.007927083333333229
0 0.6748333333333333 0.5353697916666667 0.007277777777777632 0.0035833333333334496
0 0.6818796296296296 0.5370312499999998 0.014092592592592565 0.0038385416666665505
0 0.5381851851851852 0.5331979166666667 0.006824074074074026 0.005369791666666579
0 0.5174814814814814 0.5491614583333334 0.012712962962962928 0.00330208333333335
0 0.41837962962962966 0.5255989583333334 0.005537037037037054 0.0038489583333333856