0 0.42207407407407405 0.26962499999999995 0.008907407407407359 0.00883854166666671
0 0.412574074074074 0.26919791666666665 0.008407407407407499 0.008932291666666713
0 0.4339166666666666 0.27263020833333335 0.010759259259259264 0.007750000000000057
0 0.4157314814814815 0.27983333333333327 0.018064814814814808 0.006666666666666643
0 0.4303888888888889 0.2873072916666667 0.013111111111111028 0.008281250000000018
0 0.44152777777777774 0.29342708333333334 0.01185185185185181 0.005473958333333329
0 0.4490833333333333 0.29506249999999995 0.010166666666666737 0.006770833333333304
0 0.452574074074074 0.2899322916666666 0.015796296296296298 0.0068020833333332755
0 0.48937962962962955 0.2835729166666667 0.019490740740740697 0.009317708333333386
0 0.49424999999999997 0.29009375 0.013111111111111186 0.007890625000000017
0 0.5136203703703703 0.29078124999999994 0.01554629629629621 0.008880208333333339
0 0.5172777777777777 0.278703125 0.01748148148148153 0.008937500000000043
0 0.5117314814814814 0.26565625 0.011768518518518551 0.006562499999999982
0 0.3939259259259259 0.27345312499999996 0.011425925925925956 0.007989583333333262
0 0.384212962962963 0.2735520833333333 0.01134259259259254 0.010067708333333324
0 0.3754814814814814 0.2760104166666667 0.01403703703703706 0.007421875
0 0.36060185185185184 0.27546354166666664 0.012851851851851847 0.009645833333333353
0 0.3636759259259259 0.28560416666666666 0.015462962962962953 0.008364583333333276
0 0.35917592592592595 0.2925989583333333 0.01185185185185181 0.0057135416666667105
0 0.3366574074074074 0.28475520833333334 0.020416666666666652 0.008843750000000039
0 0.3247222222222222 0.2885833333333333 0.009999999999999985 0.009885416666666647
0 0.3089722222222222 0.2931458333333333 0.015629629629629625 0.010979166666666628
0 0.2805648148148148 0.29000520833333326 0.01159259259259255 0.008942708333333372
0 0.28115740740740736 0.2976875 0.017814814814814797 0.006817708333333261
0 0.28855555555555557 0.30832291666666667 0.011092592592592609 0.010135416666666685
0 0.27456481481481476 0.3144010416666666 0.012185185185185157 0.008578125000000015
0 0.303 0.31695312499999995 0.012435185185185165 0.008015625000000082
0 0.3228333333333333 0.31825 0.013111111111111108 0.005411458333333385
0 0.33661111111111114 0.32236458333333334 0.007731481481481476 0.0070208333333333425
0 0.3443055555555556 0.3282291666666667 0.007138888888888949 0.007406250000000014
0 0.33493518518518517 0.316859375 0.011092592592592609 0.005932291666666689
0 0.34224074074074073 0.31035416666666665 0.012944444444444436 0.005656249999999918
0 0.3292222222222222 0.30390104166666665 0.013111111111111108 0.00838541666666659
0 0.22888888888888886 0.3062916666666667 0.017481481481481452 0.005124999999999958
0 0.26829629629629625 0.3209947916666666 0.013944444444444395 0.00522395833333329
0 0.2500648148148148 0.32321875 0.01276851851851851 0.006833333333333247
0 0.23451851851851852 0.32414062499999996 0.01697222222222218 0.011041666666666661
0 0.2613240740740741 0.3367395833333333 0.015129629629629686 0.009302083333333312
0 0.29476851851851854 0.33175 0.012101851851851898 0.01019791666666663
0 0.34014814814814814 0.34649479166666663 0.011425925925925956 0.009901041666666633
0 0.3640462962962963 0.3298489583333333 0.01554629629629621 0.008755208333333275
0 0.38127777777777777 0.32965625000000004 0.013027777777777772 0.0067499999999999895
0 0.3814907407407407 0.32230729166666666 0.013444444444444375 0.0068020833333332755
0 0.4066944444444444 0.32559375 0.010083333333333321 0.005427083333333371
0 0.39745370370370364 0.31557291666666665 0.008407407407407499 0.008557291666666699
0 0.409462962962963 0.32072395833333334 0.012944444444444514 0.0046875
0 0.4157685185185185 0.31651562499999997 0.008740740740740844 0.006567708333333311
0 0.41287037037037033 0.30949479166666666 0.013194444444444444 0.006333333333333346
0 0.42896296296296293 0.3084322916666667 0.010925925925925936 0.006666666666666643
0 0.43879629629629624 0.30322916666666666 0.013111111111111028 0.007619791666666753
0 0.44215740740740733 0.3082864583333333 0.0063888888888889205 0.0060052083333332895
0 0.44837037037037036 0.318359375 0.01748148148148153 0.0094114583333333
0 0.4241759259259259 0.32346874999999997 0.011425925925925956 0.008281250000000018
0 0.4318611111111111 0.335140625 0.026129629629629707 0.009015624999999972
0 0.46484259259259253 0.3105833333333333 0.011425925925925956 0.009453125000000017
0 0.48156481481481483 0.2996875 0.006888888888888939 0.008927083333333386
0 0.49895370370370373 0.30138541666666663 0.013777777777777878 0.006661458333333314
0 0.49122222222222217 0.32336979166666663 0.015796296296296298 0.00809375000000001
0 0.519037037037037 0.31497916666666664 0.011259259259259283 0.01352604166666671
0 0.5258425925925926 0.2918854166666666 0.017138888888888933 0.009395833333333315
0 0.5402129629629628 0.29521354166666663 0.010249999999999993 0.008994791666666658
0 0.554537037037037 0.30459895833333334 0.012685185185185174 0.007713541666666668
0 0.5544537037037036 0.28708333333333336 0.008990740740740775 0.012562499999999944
0 0.5411851851851851 0.276828125 0.01604629629629623 0.008109374999999997
0 0.5645370370370371 0.26996875 0.01235185185185183 0.010468749999999982
0 0.5876018518518519 0.2781041666666667 0.01058333333333334 0.01160937500000001
0 0.6005925925925926 0.2871770833333333 0.018064814814814808 0.009942708333333262
0 0.5957962962962964 0.30046354166666667 0.019240740740740767 0.008895833333333325
0 0.6160462962962963 0.291578125 0.010675925925925847 0.01114583333333341
0 0.6286574074074074 0.30538020833333335 0.007814814814814813 0.008505208333333325
0 0.6106759259259259 0.31027604166666667 0.01134259259259254 0.005531249999999943
0 0.6102129629629629 0.3167291666666666 0.009749999999999974 0.008505208333333325
0 0.5945833333333332 0.32010937500000003 0.01748148148148153 0.008182291666666685
0 0.5772685185185185 0.3255 0.015129629629629606 0.007619791666666753
0 0.5631574074074075 0.32580729166666667 0.010416666666666666 0.011541666666666738
0 0.5508888888888889 0.320203125 0.012768518518518433 0.01026562499999999
0 0.5967222222222222 0.33363020833333334 0.011175925925925867 0.008760416666666604
0 0.5531574074074074 0.335828125 0.012268518518518571 0.008901041666666654
0 0.5590833333333333 0.3484791666666667 0.009833333333333232 0.010093750000000058
0 0.5441203703703703 0.3480260416666667 0.016722222222222173 0.008718749999999975
0 0.5873981481481481 0.35140625000000003 0.015879629629629712 0.006500000000000039
0 0.6256296296296295 0.3452604166666666 0.018398148148147993 0.0036614583333332896
0 0.6334814814814814 0.3303229166666667 0.008574074074074014 0.0078125
0 0.6310462962962963 0.318265625 0.011768518518518551 0.009223958333333383
0 0.6484814814814814 0.3297552083333333 0.013027777777777772 0.006562499999999982
0 0.649074074074074 0.33485937499999996 0.010166666666666737 0.005802083333333386
0 0.6508333333333333 0.3394010416666666 0.011675925925925887 0.007062499999999972
0 0.653611111111111 0.3482135416666667 0.011175925925925867 0.009812499999999957
0 0.41136111111111107 0.3532239583333333 0.03352777777777776 0.009250000000000026
0 0.4745925925925925 0.36863541666666666 0.012101851851851898 0.008677083333333346
0 0.47492592592592586 0.3556354166666667 0.018148148148148063 0.007864583333333286
0 0.35568518518518516 0.35910937499999995 0.012944444444444474 0.005833333333333357
0 0.29637037037037034 0.34622916666666664 0.012944444444444436 0.007005208333333357
0 0.2541851851851852 0.35556249999999995 0.01428703703703699 0.005359375000000011
0 0.21279629629629626 0.3488489583333333 0.016388888888888904 0.005166666666666675
0 0.17709259259259258 0.341453125 0.013861111111111137 0.00596354166666666
0 0.16914814814814813 0.33681770833333335 0.01899074074074074 0.0042604166666667
0 0.15948148148148147 0.3510260416666667 0.02487037037037037 0.007625000000000081
0 0.17625 0.35821354166666663 0.015546296296296329 0.008765624999999933
0 0.19343518518518515 0.35840104166666664 0.012101851851851819 0.007250000000000067
0 0.19948148148148148 0.3542395833333333 0.019490740740740777 0.006744791666666661
0 0.24431481481481482 0.36658333333333337 0.023944444444444456 0.013213541666666639
0 0.2453611111111111 0.38237499999999996 0.018490740740740738 0.008875000000000011
0 0.22393518518518515 0.3770989583333333 0.019324074074074105 0.005416666666666714
0 0.22027777777777777 0.3837395833333333 0.01403703703703706 0.004458333333333275
0 0.1896111111111111 0.37206770833333336 0.02293518518518517 0.007166666666666632
0 0.17292592592592593 0.36974999999999997 0.012944444444444455 0.012932291666666628
0 0.20691666666666667 0.3875 0.020583333333333325 0.007317708333333339
0 0.15162962962962961 0.38184375 0.02092592592592596 0.005458333333333343
0 0.16587037037037033 0.3862916666666666 0.016638888888888915 0.006781249999999961
0 0.15818518518518518 0.38869791666666664 0.009666666666666678 0.006359374999999989
0 0.1573425925925926 0.39597916666666666 0.0214259259259259 0.005031250000000043
0 0.1246111111111111 0.38815625 0.01377777777777776 0.007208333333333261
0 0.11591666666666665 0.3877552083333333 0.01185185185185185 0.00877083333333326
0 0.11520370370370371 0.39617187499999995 0.022518518518518525 0.008432291666666725
0 0.11469444444444445 0.4064895833333333 0.013444444444444453 0.00795312500000005
0 0.12575 0.4086874999999999 0.01403703703703706 0.008093749999999922
0 0.14225925925925922 0.4104583333333333 0.015462962962962953 0.004906249999999978
0 0.11078703703703703 0.41665624999999995 0.013194444444444444 0.010322916666666692
0 0.12637962962962965 0.41974999999999996 0.022018518518518507 0.0075937500000000215
0 0.14230555555555555 0.4262291666666666 0.009490740740740754 0.006307291666666615
0 0.1494814814814815 0.42608854166666665 0.014453703703703703 0.008864583333333264
0 0.16040740740740742 0.42374999999999996 0.01276851851851855 0.009380208333333329
0 0.17019444444444443 0.42620312499999996 0.017564814814814846 0.004614583333333222
0 0.1914537037037037 0.4269166666666666 0.017055555555555598 0.0072083333333333496
0 0.14982407407407408 0.43429166666666663 0.020499999999999987 0.012505208333333328
0 0.11826851851851852 0.42833333333333334 0.01722222222222223 0.006973958333333386
0 0.10310185185185183 0.4327760416666666 0.013111111111111108 0.00947916666666675
0 0.10965740740740741 0.43989583333333326 0.023527777777777776 0.008114583333333236
0 0.1252407407407407 0.44996354166666663 0.015212962962962982 0.008406249999999994
0 0.13927777777777775 0.44972395833333334 0.012185185185185195 0.008145833333333385
0 0.18666666666666665 0.44723958333333336 0.014537037037037 0.007682291666666607
0 0.20805555555555552 0.44140104166666666 0.03428703703703704 0.008765625000000022
0 0.2604907407407407 0.4461302083333333 0.016805555555555508 0.010661458333333406
0 0.26888888888888884 0.4296770833333333 0.020166666666666642 0.008000000000000007
0 0.3132962962962963 0.42151562499999995 0.019574074074074035 0.005947916666666764
0 0.30564814814814817 0.3995104166666666 0.020583333333333325 0.008171874999999985
0 0.29350925925925925 0.38598958333333333 0.012944444444444436 0.009489583333333319
0 0.3163611111111111 0.3904583333333333 0.009240740740740784 0.012281249999999933
0 0.31808333333333333 0.3823697916666666 0.015037037037037019 0.004838541666666618
0 0.32069444444444445 0.37863541666666667 0.014870370370370346 0.005692708333333396
0 0.33988888888888885 0.37731250000000005 0.021009259259259335 0.006791666666666618
0 0.3451851851851852 0.38303645833333333 0.012101851851851898 0.005942708333333347
0 0.35804629629629625 0.37693750000000004 0.014953703703703683 0.00792187499999999
0 0.35463888888888884 0.390078125 0.014203703703703734 0.005494791666666643
0 0.34652777777777777 0.3933385416666667 0.01276851851851851 0.007479166666666615
0 0.3753055555555555 0.4072135416666667 0.01991666666666671 0.009505208333333393
0 0.38085185185185183 0.4005260416666666 0.01890740740740742 0.008229166666666643
0 0.41035185185185186 0.38617708333333334 0.008657407407407428 0.007151041666666647
0 0.40182407407407406 0.3887552083333333 0.009749999999999974 0.008875000000000011
0 0.10154629629629629 0.45783854166666665 0.017055555555555556 0.0032552083333333925
0 0.10142592592592593 0.4604895833333333 0.011425925925925916 0.005526041666666615
0 0.12095370370370369 0.4594010416666666 0.01352777777777779 0.00486458333333335
0 0.13423148148148148 0.47817187499999997 0.023944444444444456 0.006083333333333307
0 0.11053703703703703 0.4720729166666667 0.016046296296296267 0.009140625000000036
0 0.07293518518518517 0.4903697916666666 0.01630555555555555 0.01193749999999998
0 0.1539814814814815 0.51209375 0.013027777777777772 0.009302083333333221
0 0.15725925925925924 0.48340625 0.014870370370370386 0.006281249999999972
0 0.11722222222222221 0.4848229166666666 0.013444444444444453 0.00411979166666665
0 0.11889814814814813 0.491515625 0.01680555555555555 0.005390624999999894
0 0.20898148148148143 0.4818958333333333 0.015462962962962953 0.012708333333333321
0 0.1853611111111111 0.5040208333333334 0.016638888888888915 0.011588541666666608
0 0.15494444444444444 0.5248697916666666 0.009916666666666648 0.010749999999999992
0 0.13457407407407407 0.5270416666666666 0.01033333333333337 0.011374999999999958
0 0.11599999999999999 0.5267135416666666 0.015037037037037059 0.00781770833333333
0 0.10310185185185183 0.5304270833333333 0.012101851851851858 0.0072083333333333496
0 0.08512037037037037 0.5301197916666667 0.01647222222222222 0.005171875000000092
0 0.07016666666666665 0.53515625 0.016805555555555567 0.005317708333333293
0 0.07478703703703703 0.5474427083333333 0.01596296296296297 0.006020833333333364
0 0.11768518518518517 0.5596458333333333 0.021759259259259246 0.010343750000000007
0 0.0847037037037037 0.5534479166666666 0.01630555555555554 0.004880208333333335
0 0.0730648148148148 0.5587447916666666 0.018574074074074076 0.007526041666666572
0 0.055833333333333325 0.59553125 0.014370370370370367 0.009328124999999864
0 0.08074999999999999 0.6033333333333333 0.015796296296296298 0.008859375000000114
0 0.15562037037037035 0.5860729166666666 0.012268518518518531 0.011213541666666771
0 0.10932407407407406 0.6263541666666665 0.009074074074074071 0.006541666666666579
0 0.07688888888888888 0.61425 0.013444444444444453 0.004281249999999836
0 0.06713888888888889 0.6291927083333333 0.009407407407407397 0.008588541666666494
0 0.05562962962962962 0.6299270833333332 0.012944444444444436 0.008635416666666628
0 0.06705555555555556 0.6444895833333334 0.011259259259259262 0.007510416666666764
0 0.11654629629629629 0.655578125 0.013111111111111108 0.007005208333333179
0 0.13696296296296293 0.6686302083333333 0.009240740740740744 0.012307291666666664
0 0.18410185185185185 0.654390625 0.015796296296296298 0.015218749999999837
0 0.14448148148148146 0.6806822916666666 0.015212962962962982 0.006125000000000114
0 0.1360833333333333 0.6825989583333333 0.008490740740740755 0.006552083333333236
0 0.13738888888888887 0.6897864583333334 0.015129629629629606 0.007828125000000163
0 0.07722222222222222 0.6916302083333333 0.01915740740740741 0.008677083333333257
0 0.0975185185185185 0.7105416666666666 0.010000000000000024 0.010583333333333477
0 0.1105 0.7063333333333334 0.008407407407407419 0.004999999999999893
0 0.11578703703703702 0.7014635416666666 0.012944444444444436 0.005687499999999979
0 0.13121296296296295 0.71028125 0.01823148148148148 0.00958854166666665
0 0.14810185185185185 0.7031145833333333 0.019749999999999997 0.005213541666666721
0 0.16557407407407407 0.7033854166666667 0.01185185185185185 0.008557291666666522
0 0.16780555555555554 0.713640625 0.011425925925925916 0.0077916666666666854
0 0.1498611111111111 0.7085156249999999 0.011175925925925907 0.004343750000000135
0 0.1404074074074074 0.7212083333333333 0.019157407407407394 0.007338541666666742
0 0.12558333333333332 0.7175416666666667 0.011009259259259234 0.004244791666666714
0 0.11015740740740741 0.7192239583333333 0.012435185185185205 0.01282291666666655
0 0.12276851851851851 0.7268125 0.020842592592592583 0.004619791666666551
0 0.10881481481481481 0.7295052083333333 0.015129629629629646 0.005843749999999837
0 0.1299907407407407 0.7333333333333333 0.019833333333333335 0.006692708333333286
0 0.14310185185185184 0.7507083333333332 0.010416666666666666 0.007390625000000028
0 0.15456481481481482 0.749390625 0.01185185185185185 0.006979166666666714
0 0.176 0.7442083333333334 0.014370370370370348 0.00763541666666665
0 0.18775925925925926 0.7377552083333333 0.014370370370370327 0.004942708333333279
0 0.20032407407407404 0.72828125 0.011935185185185146 0.010609374999999944
0 0.19217592592592594 0.6991093749999999 0.02655555555555556 0.011817708333333421
0 0.21024074074074076 0.68671875 0.015629629629629625 0.009182291666666665
0 0.2370833333333333 0.6872604166666666 0.011509259259259212 0.011401041666666601
0 0.26602777777777775 0.693453125 0.014953703703703683 0.01130208333333318
0 0.23216666666666666 0.7190833333333334 0.0137777777777778 0.0078125
0 0.24241666666666667 0.724328125 0.020166666666666642 0.006020833333333364
0 0.2814537037037037 0.7356770833333333 0.01352777777777779 0.012885416666666493
0 0.25989814814814816 0.7429791666666666 0.008740740740740764 0.004416666666666735
0 0.2492222222222222 0.7483958333333334 0.01159259259259255 0.009192708333333322
0 0.23309259259259257 0.742578125 0.013611111111111128 0.014208333333333378
0 0.21074074074074073 0.753953125 0.014620370370370415 0.00806770833333328
0 0.1931759259259259 0.7572395833333333 0.014453703703703743 0.011333333333333506
0 0.18628703703703703 0.7715208333333333 0.011425925925925876 0.01115104166666665
0 0.19250925925925924 0.7809999999999999 0.009074074074074111 0.005895833333333478
0 0.1983055555555555 0.7779270833333333 0.009240740740740784 0.009208333333333308
0 0.2026759259259259 0.7673385416666666 0.013944444444444473 0.007427083333333506
0 0.22259259259259256 0.7657552083333333 0.02285185185185183 0.0075677083333333785
0 0.24973148148148144 0.756390625 0.007222222222222206 0.007380208333333371
0 0.20989814814814814 0.7780208333333333 0.01630555555555557 0.005239583333333364
0 0.24158333333333332 0.7846666666666666 0.015129629629629606 0.005687499999999979
0 0.21024074074074076 0.7961302083333333 0.025712962962962944 0.007781250000000029
0 0.21360185185185185 0.7886614583333333 0.008907407407407439 0.0056406250000000215
0 0.24489814814814814 0.7994843749999999 0.01773148148148146 0.009572916666666754
0 0.2723333333333333 0.8145 0.014120370370370396 0.005802083333333386
0 0.30594444444444446 0.8233854166666668 0.017481481481481452 0.010343750000000184
0 0.30136111111111114 0.8031510416666666 0.008990740740740775 0.011229166666666669
0 0.3064074074074074 0.8097239583333333 0.012351851851851907 0.008541666666666715
0 0.2681759259259259 0.7661770833333332 0.013194444444444444 0.007656249999999964
0 0.2849351851851852 0.7811666666666666 0.009074074074074031 0.006984374999999865
0 0.287287037037037 0.7892239583333333 0.007731481481481476 0.006458333333333321
0 0.32888888888888884 0.7998385416666667 0.013611111111111128 0.008390625000000096
0 0.34485185185185185 0.8078541666666667 0.01529629629629628 0.00890625000000007
0 0.3619537037037037 0.808609375 0.020583333333333363 0.009286458333333414
0 0.3632962962962963 0.8020624999999999 0.011175925925926025 0.006781249999999961
0 0.3313611111111111 0.7782604166666667 0.01453703703703708 0.011312499999999837
0 0.36224074074074075 0.7697916666666667 0.012435185185185086 0.010348958333333335
0 0.3815740740740741 0.7703385416666666 0.010759259259259264 0.008786458333333335
0 0.3339259259259259 0.7351822916666666 0.010250000000000073 0.013395833333333228
0 0.3807685185185185 0.7310208333333332 0.016555555555555497 0.014156249999999915
0 0.38392592592592584 0.7421354166666667 0.019490740740740697 0.007130208333333421
0 0.3963981481481481 0.7190208333333332 0.01890740740740742 0.012885416666666493
0 0.42929629629629623 0.693296875 0.019490740740740697 0.010598958333333287
0 0.3745925925925926 0.7806927083333333 0.012944444444444514 0.011713541666666494
0 0.3717407407407407 0.7913541666666667 0.011935185185185226 0.008822916666666635
0 0.3775833333333333 0.7989427083333334 0.012851851851851847 0.007776041666666522
0 0.3873240740740741 0.8193906249999999 0.02361111111111111 0.008500000000000086
0 0.3452314814814815 0.8220833333333333 0.015379629629629616 0.009750000000000014
0 0.34064814814814814 0.8301458333333332 0.010250000000000073 0.007796875000000014
0 0.32725 0.8216093749999999 0.011009259259259272 0.01069791666666653
0 0.39093518518518516 0.8342604166666666 0.01134259259259254 0.009505208333333215
0 0.4049722222222222 0.8112083333333333 0.015212962962962864 0.0069218750000001
0 0.4166944444444444 0.8004999999999999 0.011092592592592609 0.008958333333333268
0 0.4328240740740741 0.7883489583333334 0.009074074074074031 0.011520833333333336
0 0.45189814814814816 0.827 0.019666666666666624 0.009369791666666672
0 0.4696296296296296 0.8240677083333333 0.016129629629629643 0.009562500000000185
0 0.4524907407407407 0.7881354166666666 0.016805555555555587 0.011473958333333378
0 0.48113888888888884 0.78021875 0.018314814814814735 0.010765624999999978
0 0.4716481481481481 0.7631718749999999 0.018824074074074007 0.012244791666666721
0 0.5026944444444443 0.74634375 0.02730555555555551 0.008927083333333207
0 0.4706388888888889 0.7045468749999999 0.01748148148148153 0.006604166666666522
0 0.5416388888888889 0.7351354166666667 0.02167592592592595 0.010651041666666573
0 0.5474444444444444 0.7103385416666665 0.015129629629629606 0.014401041666666715
0 0.5338703703703703 0.7763645833333332 0.012851851851852005 0.011385416666666792
0 0.5314722222222221 0.78575 0.010083333333333479 0.008213541666666657
0 0.46358333333333335 0.8401093749999999 0.023194444444444507 0.01069791666666653
0 0.477324074074074 0.840203125 0.008314814814814832 0.007104166666666601
0 0.4851759259259259 0.8393489583333332 0.008574074074074014 0.007291666666666785
0 0.5047962962962962 0.83928125 0.022268518518518476 0.008567708333333358
0 0.5108888888888888 0.8264635416666666 0.017648148148148045 0.010442708333333429
0 0.512361111111111 0.8153749999999998 0.013861111111111137 0.007567708333333556
0 0.5544166666666666 0.8134374999999998 0.011259259259259283 0.0123906250000001
0 0.5812222222222222 0.8044322916666665 0.009749999999999974 0.005994791666666899
0 0.547611111111111 0.833203125 0.016472222222222242 0.012567708333333271
0 0.5880277777777778 0.8344531249999999 0.011259259259259283 0.004859374999999844
0 0.6150833333333333 0.8124218749999998 0.020166666666666642 0.007796875000000014
0 0.613574074074074 0.7922552083333334 0.016472222222222242 0.007484374999999943
0 0.6413796296296297 0.8277187500000001 0.012944444444444514 0.012192708333333257
0 0.6537777777777778 0.8280989583333334 0.014203703703703576 0.0112552083333334
0 0.6736481481481481 0.8199635416666666 0.015629629629629785 0.0101197916666667
0 0.6876018518518519 0.8022083333333333 0.014620370370370337 0.0069583333333334
0 0.6973055555555555 0.8058072916666668 0.01453703703703708 0.0077916666666666854
0 0.7085185185185185 0.7994895833333333 0.008064814814814822 0.009088541666666571
0 0.7288148148148148 0.8220885416666667 0.013694444444444306 0.007375000000000043
0 0.7325092592592592 0.8181927083333334 0.009666666666666717 0.005249999999999843
0 0.7478055555555555 0.8181666666666667 0.012685185185185332 0.010494791666666715
0 0.7580555555555555 0.8118072916666665 0.018231481481481637 0.011401041666666601
0 0.7799074074074074 0.8099635416666666 0.018231481481481637 0.006578125000000057
0 0.7810370370370369 0.8032499999999999 0.021851851851851872 0.006468750000000157
0 0.7545277777777778 0.7970104166666666 0.02529629629629634 0.007218750000000007
0 0.7314166666666665 0.7891874999999999 0.012685185185185332 0.0062239583333331796
0 0.7170925925925925 0.778640625 0.01697222222222218 0.010140624999999837
0 0.7452037037037036 0.7769375000000001 0.015379629629629537 0.004093750000000007
0 0.8094814814814814 0.78790625 0.012851851851851847 0.006734374999999915
0 0.8250277777777778 0.7923072916666667 0.02041666666666673 0.008682291666666763
0 0.8006203703703703 0.7727552083333333 0.021342592592592444 0.010703125000000036
0 0.816537037037037 0.7787395833333333 0.008824074074073944 0.007067708333333478
0 0.8287222222222221 0.7680729166666667 0.013027777777777614 0.009062500000000107
0 0.8517037037037037 0.7750729166666667 0.013277777777777703 0.004937499999999951
0 0.8567499999999999 0.7603697916666666 0.013277777777777703 0.006723958333333257
0 0.8097777777777777 0.752203125 0.006388888888889078 0.007880208333333449
0 0.7957037037037037 0.75196875 0.01503703703703694 0.010244791666666763
0 0.7646111111111111 0.7518229166666666 0.01352777777777779 0.0042239583333334
0 0.7725092592592592 0.759859375 0.017898148148147976 0.007057291666666821
0 0.7464629629629629 0.7673749999999999 0.01621296296296306 0.006197916666666714
0 0.7362962962962963 0.754140625 0.005462962962963047 0.009989583333333307
0 0.7190277777777777 0.7512552083333334 0.016472222222222162 0.011661458333333208
0 0.6989814814814814 0.7533124999999999 0.015379629629629537 0.008333333333333392
0 0.7833888888888888 0.7379479166666666 0.01546296296296311 0.005979166666666735
0 0.8060370370370369 0.7284166666666666 0.016388888888888824 0.010385416666666637
0 0.8543518518518518 0.7327447916666665 0.012185185185185157 0.005036458333333371
0 0.8125925925925925 0.7173072916666666 0.020083333333333384 0.007078125000000135
0 0.870611111111111 0.7298385416666666 0.019157407407407352 0.0056927083333333075
0 0.7387685185185184 0.7116354166666665 0.014620370370370337 0.0108645833333334
0 0.7734722222222222 0.7044947916666666 0.011768518518518551 0.009072916666666764
0 0.8946018518518517 0.7244114583333332 0.020759259259259328 0.0066510416666666575
0 0.8875 0.7130156249999999 0.010583333333333498 0.005604166666666721
0 0.8835555555555555 0.70859375 0.016805555555555744 0.005744791666666771
0 0.8635925925925926 0.6924479166666666 0.023944444444444456 0.008119791666666742
0 0.9092685185185184 0.6897760416666665 0.015796296296296142 0.009208333333333308
0 0.8896018518518518 0.6870104166666666 0.018148148148148063 0.006536458333333428
0 0.8092685185185184 0.6933697916666667 0.020842592592592583 0.0069583333333334
0 0.817675925925926 0.6767447916666666 0.014120370370370476 0.011630208333333236
0 0.9012777777777777 0.6702916666666667 0.009916666666666806 0.010833333333333427
0 0.9258981481481481 0.6640572916666667 0.01276851851851859 0.008833333333333294
0 0.9483333333333333 0.6317135416666667 0.013277777777777703 0.027494791666666706
0 0.8674999999999998 0.6520937499999999 0.013611111111111048 0.0066510416666666575
0 0.8787592592592591 0.6457604166666666 0.014620370370370337 0.007213541666666679
0 0.8611203703703704 0.6648125 0.009583333333333144 0.006562499999999893
0 0.8478425925925925 0.6505364583333333 0.01260185185185176 0.010151041666666494
0 0.7916296296296297 0.6441979166666666 0.009074074074074031 0.010713541666666692
0 0.7361666666666666 0.6395156249999999 0.019157407407407352 0.010942708333333506
0 0.7306203703703703 0.6689479166666666 0.010083333333333321 0.011161458333333308
0 0.6952037037037038 0.6535833333333334 0.02462037037037024 0.0044322916666667215
0 0.6691574074074075 0.6787604166666666 0.012851851851852005 0.008937499999999866
0 0.6484444444444445 0.6736979166666666 0.019833333333333453 0.005911458333333286
0 0.7098703703703703 0.6925625 0.009583333333333301 0.01072395833333335
0 0.5865555555555555 0.6636041666666666 0.011675925925925887 0.011447916666666735
0 0.5943240740740741 0.7010729166666666 0.017138888888888933 0.006937500000000085
0 0.5768888888888888 0.707625 0.009157407407407447 0.0056927083333333075
0 0.7771759259259259 0.6172760416666667 0.017814814814814717 0.005546875000000106
0 0.7531851851851852 0.6244583333333333 0.012851851851851847 0.010468749999999893
0 0.7575555555555554 0.6084583333333333 0.010842592592592522 0.009182291666666665
0 0.5431944444444444 0.6655052083333333 0.019407407407407443 0.007005208333333179
0 0.5729444444444444 0.6395260416666667 0.01033333333333341 0.007510416666666764
0 0.6525185185185185 0.627703125 0.017564814814814787 0.006682291666666629
0 0.6125648148148148 0.6098802083333333 0.02100925925925926 0.007776041666666522
0 0.5745 0.6049635416666665 0.008740740740740844 0.009286458333333237
0 0.523287037037037 0.620421875 0.01722222222222219 0.006119791666666608
0 0.4345092592592592 0.591015625 0.015796296296296298 0.005020833333333208
0 0.39341666666666664 0.6219114583333333 0.008907407407407359 0.008682291666666763
0 0.3656481481481481 0.6204947916666665 0.016555555555555497 0.00962499999999995
0 0.38165740740740733 0.6698072916666666 0.01377777777777772 0.007104166666666601
0 0.32943518518518516 0.6687916666666667 0.012685185185185254 0.0159427083333334
0 0.28536111111111107 0.6586510416666667 0.019490740740740697 0.009364583333333343
0 0.3047222222222222 0.6301145833333333 0.01033333333333333 0.012328124999999978
0 0.2489351851851852 0.6436875000000001 0.016388888888888904 0.0044843750000000075
0 0.23212962962962963 0.644015625 0.013027777777777772 0.009875000000000078
0 0.22771296296296295 0.6405416666666666 0.011768518518518473 0.006234374999999836
0 0.22527777777777777 0.649828125 0.008231481481481496 0.007802083333333343
0 0.2373796296296296 0.66415625 0.010925925925925936 0.006671874999999971
0 0.1301574074074074 0.6353072916666667 0.009916666666666648 0.008052083333333293
0 0.20704629629629628 0.6165364583333333 0.019490740740740777 0.011161458333333308
0 0.26279629629629625 0.59946875 0.028148148148148127 0.010109374999999865
0 0.29637037037037034 0.5898489583333333 0.024027777777777794 0.011192708333333279
0 0.2717037037037037 0.5819739583333334 0.020416666666666652 0.009755208333333343
0 0.2578425925925926 0.5533645833333333 0.012851851851851847 0.007239583333333322
0 0.2871666666666667 0.54675 0.01975000000000004 0.011020833333333258
0 0.3067407407407407 0.5455625 0.02260185185185182 0.007421875
0 0.2640185185185185 0.5395625 0.016472222222222162 0.00798958333333335
0 0.276287037037037 0.5309583333333333 0.01546296296296303 0.009687499999999894
0 0.31090740740740735 0.5273645833333334 0.010083333333333321 0.015734375000000078
0 0.3385462962962963 0.5351874999999999 0.01697222222222226 0.011635416666666742
0 0.3543055555555555 0.5370052083333332 0.011509259259259212 0.010359374999999994
0 0.3840092592592593 0.5518281249999999 0.015129629629629606 0.008598958333333507
0 0.4585 0.5820208333333333 0.011509259259259212 0.007822916666666657
0 0.29182407407407407 0.5155156249999999 0.009583333333333381 0.007484374999999943
0 0.31073148148148144 0.5381406249999999 0.010416666666666666 0.007041666666666657
0 0.297962962962963 0.5015 0.022518518518518566 0.008437499999999964
0 0.26775 0.5110989583333333 0.013194444444444444 0.009239583333333279
0 0.2384722222222222 0.49627604166666667 0.017138888888888853 0.009104166666666736
0 0.33821296296296294 0.467953125 0.021851851851851872 0.005625000000000035
0 0.36665740740740743 0.46147395833333327 0.02293518518518517 0.00639062500000005
0 0.3691296296296296 0.44937499999999997 0.016472222222222242 0.012890625
0 0.3821203703703704 0.444828125 0.008824074074074102 0.011317708333333343
0 0.3585 0.43743229166666664 0.012851851851851847 0.01217708333333345
0 0.4658888888888889 0.44031249999999994 0.014370370370370407 0.013255208333333357
0 0.40215740740740735 0.47887500000000005 0.01327777777777786 0.007614583333333336
0 0.3669907407407408 0.48159374999999993 0.014703703703703752 0.007854166666666629
0 0.4166111111111111 0.49286979166666656 0.011259259259259283 0.005354166666666593
0 0.42110185185185184 0.5049010416666666 0.011509259259259212 0.006260416666666657
0 0.39139814814814805 0.5135052083333334 0.01798148148148139 0.01434895833333325
0 0.4381666666666667 0.5121354166666666 0.0059629629629630665 0.004656250000000028
0 0.44543518518518516 0.5097708333333333 0.009074074074074031 0.00763541666666665
0 0.4671481481481481 0.5185416666666667 0.010166666666666737 0.00848958333333325
0 0.4755555555555555 0.5324427083333333 0.009999999999999905 0.006041666666666679
0 0.5972685185185185 0.5032447916666667 0.02638888888888889 0.0055625000000000925
0 0.5541666666666667 0.4905260416666666 0.010083333333333479 0.003979166666666778
0 0.5390833333333334 0.47991666666666666 0.009324074074073962 0.007807291666666672
0 0.4970648148148148 0.4926562499999999 0.007481481481481467 0.005947916666666764
0 0.6271018518518519 0.5303177083333332 0.01210185185185174 0.014078124999999986
0 0.6477685185185185 0.5232187500000001 0.017814814814814877 0.005786458333333222
0 0.6626388888888889 0.5023489583333334 0.010249999999999993 0.0068229166666666785
0 0.631425925925926 0.5014010416666667 0.0059629629629630665 0.004932291666666621
0 0.6393703703703704 0.47546874999999994 0.007731481481481397 0.01243229166666655
0 0.5504629629629629 0.47322395833333336 0.014120370370370318 0.0060520833333333355
0 0.6686481481481481 0.48752604166666663 0.013861111111111137 0.0050677083333333425
0 0.6661759259259259 0.48230208333333324 0.007222222222222127 0.008328125000000065
0 0.6775555555555555 0.48308333333333325 0.007314814814814952 0.009416666666666629
0 0.7065462962962964 0.5423958333333333 0.017055555555555598 0.006567708333333399
0 0.43270370370370365 0.4052604166666667 0.012953703703703764 0.008541666666666715
0 0.4518240740740741 0.411625 0.025287037037036934 0.006369791666666735
0 0.46854629629629624 0.4196041666666666 0.02855555555555548 0.0028125000000001066
0 0.4640648148148148 0.42419270833333333 0.013055555555555523 0.006364583333333407
0 0.4791574074074074 0.4131197916666666 0.023657407407407367 0.004760416666666778
0 0.49750925925925915 0.4064895833333333 0.019574074074074115 0.0046979166666666575
0 0.5038333333333334 0.4136666666666667 0.015092592592592604 0.008718750000000063
0 0.5289166666666667 0.428234375 0.009787037037036978 0.00802604166666665
0 0.5385000000000001 0.42705729166666667 0.015092592592592604 0.007510416666666764
0 0.48914814814814805 0.43574999999999997 0.011824074074074058 0.01019791666666663
0 0.4975555555555556 0.4468229166666666 0.008259259259259327 0.0121458333333333
0 0.5816296296296296 0.45146875 0.016518518518518495 0.010880208333333386
0 0.6115092592592593 0.45634895833333333 0.015907407407407467 0.004562499999999936
0 0.5976944444444444 0.4332552083333333 0.020083333333333384 0.007182291666666707
0 0.6508148148148147 0.448546875 0.009685185185185219 0.00869791666666675
0 0.615787037037037 0.42112499999999997 0.015499999999999957 0.007578125000000035
0 0.5771944444444445 0.3822760416666667 0.014175925925925823 0.0070208333333333425
0 0.5699537037037037 0.37461979166666665 0.010296296296296248 0.006916666666666682
0 0.5664351851851852 0.365125 0.01224074074074082 0.01029687499999996
0 0.5160185185185184 0.373125 0.01824999999999998 0.007541666666666646
0 0.5337037037037037 0.38213541666666667 0.014074074074074064 0.00933333333333337
0 0.4936296296296296 0.38173437499999996 0.023249999999999854 0.009677083333333326
0 0.4736481481481481 0.3788958333333333 0.01427777777777774 0.008010416666666752
0 0.6024351851851851 0.3816197916666667 0.0279351851851852 0.011744791666666643
0 0.6319999999999999 0.3770572916666667 0.01366666666666671 0.014020833333333371
0 0.6507685185185186 0.37126562500000004 0.012851851851852005 0.005369791666666668
0 0.662287037037037 0.36475 0.01631481481481466 0.007833333333333314
0 0.6828333333333333 0.37711458333333325 0.014990740740740844 0.005598958333333304
0 0.6660648148148148 0.39444270833333334 0.010805555555555676 0.012520833333333314
0 0.6815092592592592 0.39659374999999997 0.019675925925925875 0.008421875000000023
0 0.6771759259259259 0.4154427083333333 0.023249999999999854 0.007229166666666664
0 0.6946111111111111 0.42006249999999995 0.018962962962962928 0.008322916666666735
0 0.7151574074074074 0.41902604166666657 0.017638888888888874 0.007510416666666764
0 0.7153148148148147 0.40365104166666665 0.020398148148148148 0.007625000000000037
0 0.7430462962962963 0.40726562499999996 0.02202777777777764 0.0068229166666666785
0 0.7072592592592593 0.38701041666666663 0.018148148148148063 0.007302083333333353
0 0.7361666666666666 0.38471874999999994 0.01234259259259242 0.011057291666666646
0 0.6178333333333333 0.5818645833333334 0.007953703703703576 0.004411458333333229
0 0.6625925925925926 0.5764114583333333 0.010601851851851841 0.008427083333333307
0 0.6477037037037037 0.5671770833333334 0.008564814814814763 0.011749999999999972
0 0.6927777777777778 0.5681510416666666 0.011416666666666547 0.0056666666666666645
0 0.7184259259259259 0.5581354166666666 0.02029629629629639 0.0069010416666666075
0 0.7480925925925926 0.5770729166666666 0.020703703703703506 0.01491145833333345
0 0.7743518518518518 0.5807135416666667 0.01957407407407427 0.009359374999999837
0 0.7944907407407407 0.5929947916666667 0.019064814814814843 0.012911458333333315
0 0.8246759259259259 0.5854479166666666 0.028037037037037117 0.007343749999999894
0 0.800148148148148 0.5764687499999999 0.014888888888888927 0.014281249999999978
0 0.84675 0.5817760416666666 0.021620370370370286 0.005510416666666629
0 0.8696944444444443 0.5751770833333333 0.026712962962962983 0.008385416666666678
0 0.8406851851851851 0.5731979166666666 0.018453703703703656 0.007182291666666707
0 0.8414444444444443 0.566140625 0.011824074074074058 0.006380208333333392
0 0.8531759259259258 0.563359375 0.014888888888888927 0.006786458333333379
0 0.8220277777777777 0.561234375 0.012953703703703606 0.009885416666666735
0 0.8012222222222222 0.5628124999999999 0.026000000000000037 0.015333333333333421
0 0.8005555555555556 0.5445364583333333 0.02630555555555563 0.010010416666666622
0 0.8090185185185186 0.5200416666666666 0.015500000000000114 0.015567708333333385
0 0.7584444444444444 0.5194687499999999 0.02284259259259266 0.008531250000000056
0 0.7837314814814814 0.5021666666666667 0.021212962962962933 0.0069947916666666995
0 0.7619629629629628 0.49686458333333333 0.011722222222222299 0.008208333333333328
0 0.8584259259259258 0.5373385416666666 0.015601851851851874 0.009437499999999942
0 0.8651018518518517 0.547265625 0.01753703703703719 0.008572916666666685
0 0.8579722222222222 0.5530572916666665 0.011416666666666705 0.007307291666666771
0 0.8979907407407407 0.5911562499999999 0.013972222222222146 0.009239583333333279
0 0.8900925925925924 0.5855052083333334 0.010398148148148165 0.0076875000000001135
0 0.8873888888888888 0.603234375 0.013768518518518312 0.014468750000000164
0 0.8715833333333333 0.6036666666666666 0.012750000000000088 0.006723958333333257
0 0.8781574074074073 0.6094010416666666 0.015907407407407467 0.007046875000000163
0 0.9165 0.6170937499999999 0.016722222222222173 0.008333333333333392
0 0.8884537037037036 0.6278177083333334 0.01774074074074071 0.00806770833333328
0 0.9150185185185185 0.6373906249999999 0.010499999999999924 0.009354166666666686
0 0.905074074074074 0.6398541666666666 0.009379629629629625 0.008552083333333372
0 0.9379629629629629 0.6110520833333333 0.015601851851851874 0.010598958333333287
0 0.9365833333333332 0.6048541666666666 0.019370370370370437 0.005088541666666657
0 0.9429074074074074 0.5991770833333334 0.009583333333333144 0.008640625000000134
0 0.9445925925925924 0.5914583333333333 0.012546296296296253 0.008515624999999893
0 0.9553981481481479 0.58825 0.015398148148148355 0.010302083333333378
0 0.9411203703703702 0.5813906249999999 0.01539814814814804 0.008578124999999836
0 0.9159351851851852 0.5778333333333333 0.014787037037037168 0.008812499999999978
0 0.9079351851851852 0.5836822916666666 0.013462962962963034 0.008578124999999836
0 0.9098148148148147 0.5682499999999999 0.010703703703703759 0.0075937500000000215
0 0.8775925925925925 0.5584114583333333 0.010499999999999924 0.010281249999999886
0 0.9150740740740739 0.5591354166666667 0.011416666666666705 0.009432291666666792
0 0.918898148148148 0.5463958333333332 0.014990740740740686 0.004578124999999922
0 0.9277129629629629 0.5517291666666666 0.010601851851852 0.006520833333333265
0 0.9460648148148147 0.5479166666666666 0.01875925925925925 0.006697916666666792
0 0.9321481481481482 0.5383645833333334 0.012953703703703606 0.0068749999999999645
0 0.9648333333333332 0.5310729166666667 0.013870370370370387 0.01342187500000005
0 0.9213888888888888 0.5245624999999999 0.011009259259259352 0.006369791666666735
0 0.9128240740740741 0.52421875 0.007749999999999899 0.007057291666666643
0 0.9126203703703702 0.5340572916666667 0.012240740740740661 0.007453124999999972
0 0.8962592592592592 0.5243645833333332 0.007240740740740787 0.007343749999999894
0 0.8841203703703703 0.5266302083333333 0.01315740740740744 0.013828125000000035
0 0.9085462962962962 0.508328125 0.020398148148148228 0.007869791666666615
0 0.923787037037037 0.5091875 0.013361111111111275 0.007291666666666608
0 0.9304722222222221 0.5140052083333333 0.007138888888889028 0.004536458333333293
0 0.9358703703703702 0.4993489583333333 0.014685185185185093 0.006869791666666636
0 0.9354629629629629 0.49360937499999996 0.015500000000000114 0.0069010416666666075
0 0.905074074074074 0.48101562499999995 0.015092592592592446 0.0040468750000000496
0 0.8954907407407408 0.47746354166666666 0.013870370370370387 0.006114583333333279
0 0.8908518518518518 0.48850520833333333 0.011925925925926133 0.006791666666666707
0 0.8450185185185185 0.49134374999999997 0.014888888888888927 0.006348958333333421
0 0.8323703703703703 0.49848958333333326 0.007546296296296381 0.00859375
0 0.8145277777777779 0.49039583333333325 0.012648148148148328 0.008739583333333379
0 0.7715000000000001 0.47547916666666656 0.01202777777777789 0.010177083333333314
0 0.7550833333333333 0.4576041666666667 0.026509259259259465 0.010088541666666551
0 0.7409629629629629 0.43783854166666664 0.011518518518518464 0.01061458333333345
0 0.7345833333333333 0.4421666666666667 0.008361111111111087 0.007687499999999936
0 0.7169444444444444 0.4375520833333333 0.013055555555555445 0.00717187500000005
0 0.7553888888888889 0.4317291666666666 0.01977777777777779 0.005848958333333343
0 0.5780648148148148 0.3971614583333333 0.013462962962962876 0.005359375000000011
0 0.7952592592592591 0.45023437499999996 0.011416666666666705 0.014749999999999907
0 0.811574074074074 0.44266145833333326 0.011416666666666705 0.013369791666666764
0 0.8492962962962963 0.47490625 0.011009259259259352 0.011322916666666672
0 0.9190462962962963 0.4689375 0.00856481481481492 0.008567708333333358
0 0.8891203703703703 0.4403072916666666 0.020499999999999987 0.0075156250000000925
0 0.8683148148148148 0.45551041666666664 0.009074074074074031 0.00681770833333335
0 0.943925925925926 0.43052604166666664 0.015907407407407467 0.01146875000000005
0 0.9334722222222221 0.40938020833333333 0.015398148148148355 0.011057291666666736
0 0.8980462962962962 0.39426562499999995 0.013870370370370387 0.012364583333333323
0 0.8753518518518518 0.3994270833333333 0.011111111111111112 0.011218749999999967
0 0.865462962962963 0.4116770833333333 0.010703703703703759 0.011057291666666736
0 0.8490925925925925 0.41666666666666663 0.017944444444444544 0.008421874999999978
0 0.8364537037037038 0.4230104166666666 0.013870370370370387 0.013645833333333357
0 0.8043796296296296 0.4288333333333333 0.012546296296296253 0.007510416666666764
0 0.7781759259259259 0.42699479166666665 0.013972222222222146 0.010718750000000022
0 0.7962777777777776 0.41193749999999996 0.01753703703703719 0.010999999999999944
0 0.8207499999999999 0.4074583333333333 0.009379629629629625 0.008932291666666713
0 0.8119259259259258 0.40663020833333335 0.009685185185185219 0.005546875000000106
0 0.8183055555555555 0.40134895833333334 0.018351851851851897 0.006458333333333366
0 0.855824074074074 0.39776041666666667 0.02080555555555558 0.007026041666666672
0 0.8415555555555555 0.3876666666666667 0.012648148148148328 0.009494791666666646
0 0.7999444444444445 0.397015625 0.01427777777777774 0.008692708333333377
0 0.7909722222222222 0.38536979166666663 0.015907407407407467 0.007197916666666604
0 0.8009166666666666 0.38092187499999997 0.009074074074074031 0.009203125000000067
0 0.8089166666666666 0.38054687499999995 0.00856481481481492 0.009328125000000043
0 0.8163611111111111 0.37128125 0.024268518518518554 0.01008333333333331
0 0.7967870370370369 0.3708541666666666 0.010398148148148165 0.009140624999999947
0 0.8320648148148148 0.37369270833333335 0.01733333333333336 0.0052604166666665895
0 0.8297222222222221 0.3685572916666667 0.011824074074074058 0.004546875000000039
0 0.8445092592592592 0.3714270833333333 0.007546296296296381 0.007989583333333262
0 0.85425 0.3686458333333333 0.00764814814814814 0.007588541666666604
0 0.8442037037037036 0.364515625 0.015500000000000114 0.003911458333333328
0 0.8566388888888888 0.36153124999999997 0.011009259259259352 0.007125000000000004
0 0.8855462962962962 0.3738125 0.011111111111111112 0.011036458333333332
0 0.8993148148148148 0.36386979166666666 0.008259259259259327 0.003197916666666689
0 0.8769351851851852 0.35646875 0.01121296296296287 0.0101927083333333
0 0.8524074074074074 0.35121875 0.01641666666666658 0.005999999999999961
0 0.8111111111111111 0.3628645833333334 0.01315740740740744 0.005203124999999975
0 0.7916851851851852 0.35686979166666666 0.007953703703703734 0.007552083333333304
0 0.7685370370370369 0.36788541666666663 0.011824074074074058 0.008937500000000043
0 0.7619166666666666 0.3599947916666667 0.010805555555555518 0.008645833333333287
0 0.7739999999999999 0.3581302083333333 0.01234259259259242 0.012369791666666696
0 0.7804722222222221 0.34502083333333333 0.009990740740740812 0.009666666666666667
0 0.7938333333333333 0.34212499999999996 0.01427777777777774 0.013625000000000043
0 0.8035185185185185 0.3446770833333333 0.01121296296296287 0.008979166666666672
0 0.8176944444444445 0.34949479166666664 0.015500000000000114 0.007145833333333318
0 0.7337222222222222 0.3599375 0.01315740740740744 0.007380208333333371
0 0.7169444444444444 0.3658489583333333 0.011416666666666705 0.008875000000000011
0 0.6895185185185184 0.3609427083333333 0.016925925925925848 0.009963541666666752
0 0.7030740740740741 0.3507604166666667 0.01224074074074082 0.009671874999999996
0 0.7175092592592591 0.34306770833333333 0.014990740740740765 0.008005208333333246
0 0.6933425925925925 0.34005729166666665 0.008259259259259327 0.007197916666666604
0 0.6826296296296296 0.34691666666666665 0.011314814814814788 0.005421875000000043
0 0.7004259259259259 0.330046875 0.0069351851851851935 0.008395833333333247
0 0.7409074074074073 0.3388541666666667 0.01202777777777789 0.010526041666666685
0 0.7551851851851852 0.34212499999999996 0.01202777777777789 0.009036458333333285
0 0.7383055555555554 0.332828125 0.018250000000000138 0.00880208333333341
0 0.7573796296296296 0.328984375 0.01886111111111101 0.0069218750000000105
0 0.7704259259259258 0.32686458333333335 0.011314814814814946 0.010630208333333346
0 0.7849537037037037 0.32746354166666664 0.01774074074074071 0.007093749999999943
0 0.7919444444444443 0.31906249999999997 0.011518518518518464 0.013380208333333332
0 0.7802129629629629 0.31553125 0.009888888888889053 0.008041666666666725
0 0.7824629629629628 0.31099479166666666 0.013564814814814793 0.004468749999999933
0 0.7813888888888888 0.30839062500000003 0.010601851851852 0.00809895833333334
0 0.7878148148148149 0.3020208333333333 0.007953703703703734 0.007979166666666603
0 0.7708888888888888 0.3047760416666666 0.021416666666666768 0.011192708333333367
0 0.7516666666666666 0.3146979166666667 0.018046296296296303 0.004520833333333396
0 0.7462129629629629 0.3196614583333333 0.006731481481481359 0.009421874999999958
0 0.7368333333333333 0.324625 0.012444444444444496 0.009598958333333397
0 0.6872685185185184 0.31361979166666665 0.01224074074074082 0.009958333333333246
0 0.6728425925925925 0.31384895833333337 0.013564814814814951 0.005828125000000029
0 0.7066944444444444 0.310546875 0.015194444444444441 0.003640624999999975
0 0.70175 0.30791145833333333 0.01264814814814817 0.0048489583333332755
0 0.7076666666666667 0.30401041666666667 0.01224074074074074 0.005249999999999933
0 0.7052685185185186 0.29815625 0.010499999999999924 0.005989583333333303
0 0.6940555555555556 0.296921875 0.012546296296296253 0.007541666666666646
0 0.6799814814814814 0.298734375 0.012953703703703764 0.009432291666666615
0 0.7511574074074073 0.302921875 0.011925925925926133 0.007484374999999943
0 0.7484537037037037 0.29640625 0.01631481481481482 0.007656250000000054
0 0.7197962962962963 0.2872552083333333 0.014074074074074221 0.004838541666666618
0 0.711537037037037 0.282640625 0.011824074074074058 0.007645833333333396
0 0.6982314814814815 0.2869427083333333 0.01784259259259263 0.005927083333333361
0 0.659074074074074 0.28938020833333333 0.009888888888888895 0.007937499999999976
0 0.6777407407407408 0.27928125000000004 0.011925925925925975 0.008390624999999919
0 0.6689722222222222 0.28940625 0.007240740740740629 0.009713541666666714