0 0.5372314814814815 0.29927604166666666 0.013462962962962876 0.010567708333333314
0 0.5530740740740742 0.3091354166666666 0.01822222222222223 0.004416666666666647
0 0.5649907407407407 0.314890625 0.00840740740740734 0.010250000000000004
0 0.5206944444444445 0.3256145833333333 0.014018518518518559 0.011515624999999918
0 0.5090555555555555 0.30519270833333334 0.012055555555555486 0.0031562499999999716
0 0.4717592592592592 0.31780729166666666 0.01822222222222223 0.009463541666666676
0 0.44036111111111104 0.3106302083333333 0.010935185185185187 0.008677083333333346
0 0.44526851851851845 0.29990625 0.016259259259259157 0.005520833333333286
0 0.47162037037037036 0.3081875 0.010657407407407346 0.005994791666666633
0 0.475824074074074 0.30464062499999994 0.012898148148148101 0.005203124999999975
0 0.46559259259259256 0.2867395833333333 0.020472222222222235 0.006937499999999997
0 0.4877407407407407 0.2860260416666666 0.014296296296296399 0.005203124999999975
0 0.6306018518518518 0.3088958333333333 0.01289814814814826 0.004572916666666682
0 0.6579444444444444 0.33176562499999995 0.015425925925925949 0.0029947916666666964
0 0.6735092592592592 0.3253020833333333 0.011777777777777804 0.0061510416666666675
0 0.6871018518518519 0.3353177083333333 0.01150000000000012 0.005046875000000029
0 0.70575 0.32695833333333335 0.01121296296296287 0.005364583333333339
0 0.6691574074074075 0.348328125 0.010370370370370412 0.009937499999999932
0 0.6920092592592593 0.3521145833333333 0.008972222222222272 0.006468750000000067
0 0.7105185185185185 0.34548958333333335 0.012333333333333326 0.0042604166666667
0 0.7136018518518518 0.3520364583333333 0.014018518518518637 0.005046875000000029
0 0.6859444444444445 0.36259374999999994 0.01723148148148144 0.010187499999999971
0 0.6503055555555556 0.35971875 0.015481481481481454 0.004109375000000082
0 0.6320555555555555 0.365140625 0.016351851851851982 0.00575000000000001
0 0.6155555555555554 0.3614427083333333 0.011972222222222228 0.00788541666666669
0 0.6573148148148148 0.3754895833333333 0.01723148148148144 0.005421875000000043
0 0.6802499999999999 0.3846927083333333 0.009342592592592465 0.00838020833333326
0 0.68375 0.39225 0.00993518518518515 0.004109375000000082
0 0.6767407407407408 0.388140625 0.008759259259259345 0.004109375000000082
0 0.6897407407407407 0.37590104166666666 0.005546296296296304 0.0039427083333333
0 0.7447962962962963 0.3866614583333333 0.01811111111111106 0.00575000000000001
0 0.7541388888888889 0.39717708333333335 0.013435185185185283 0.007723958333333281
0 0.7423240740740741 0.35463541666666665 0.00954629629629614 0.008864583333333353
0 0.761972222222222 0.3540729166666667 0.006657407407407352 0.00748958333333336
0 0.7412129629629629 0.37492187499999996 0.007768518518518716 0.005244791666666604
0 0.7528703703703703 0.37510937499999997 0.00932407407407412 0.007364583333333385
0 0.7688518518518518 0.36649479166666665 0.014648148148148089 0.008114583333333324
0 0.7763981481481481 0.37155208333333334 0.00887962962962945 0.00723958333333341
0 0.7860462962962962 0.373859375 0.010879629629629524 0.012109375
0 0.7723981481481481 0.38522395833333334 0.007101851851852025 0.01185937499999996
0 0.7795 0.38696875 0.007546296296296381 0.010859374999999982
0 0.7903796296296295 0.4062604166666667 0.011537037037036965 0.010739583333333335
0 0.7738425925925926 0.4150625 0.010435185185185169 0.007614583333333336
0 0.7182407407407407 0.41038020833333333 0.014203703703703734 0.006244791666666671
0 0.7396666666666666 0.42048958333333336 0.00954629629629614 0.00798958333333335
0 0.7843888888888889 0.43285416666666665 0.012425925925925993 0.006489583333333293
0 0.8082499999999999 0.4302291666666666 0.011324074074074196 0.009489583333333407
0 0.8091296296296295 0.41711979166666663 0.008657407407407428 0.007739583333333222
0 0.804138888888889 0.41150520833333337 0.007546296296296381 0.004994791666666565
0 0.8243333333333334 0.4095052083333333 0.014648148148148089 0.004244791666666714
0 0.8362129629629629 0.41362499999999996 0.015759259259259136 0.005744791666666593
0 0.8367685185185185 0.42086458333333326 0.0062129629629629965 0.0074895833333334496
0 0.8439814814814814 0.41918229166666665 0.0073240740740740445 0.006119791666666608
0 0.8600833333333333 0.4274166666666666 0.01019444444444433 0.0069270833333332504
0 0.8612499999999998 0.4376302083333333 0.010407407407407416 0.0063333333333334355
0 0.849574074074074 0.443484375 0.013379629629629778 0.005854166666666672
0 0.8240925925925925 0.45280208333333327 0.007435185185185054 0.006567708333333222
0 0.8038055555555556 0.4476614583333333 0.01147222222222221 0.006567708333333222
0 0.7992407407407407 0.4574583333333333 0.012953703703703606 0.0048958333333333215
0 0.833861111111111 0.46635937499999996 0.011675925925925729 0.007885416666666778
0 0.8570092592592592 0.46898437499999995 0.007435185185185054 0.006453124999999993
0 0.8347037037037037 0.47519791666666666 0.014231481481481486 0.005734374999999936
0 0.853712962962963 0.4806354166666667 0.009342592592592623 0.00824479166666663
0 0.8459629629629628 0.48391666666666666 0.011675925925925729 0.007406250000000014
0 0.833111111111111 0.4863645833333333 0.014018518518518716 0.005854166666666672
0 0.8641203703703704 0.46815104166666666 0.00764814814814814 0.005973958333333407
0 0.8941666666666666 0.47878124999999994 0.011259259259259441 0.006453124999999993
0 0.9012592592592592 0.49304687499999994 0.012546296296296253 0.008177083333333357
0 0.8831759259259259 0.490671875 0.012175925925925904 0.007895833333333435
0 0.8846666666666667 0.4972083333333333 0.009694444444444469 0.005729166666666607
0 0.8522407407407406 0.49989583333333326 0.008444444444444343 0.008598958333333328
0 0.8430462962962963 0.5075156249999999 0.009194444444444609 0.007760416666666714
0 0.8429074074074074 0.51496875 0.010055555555555568 0.006979166666666714
0 0.8280185185185185 0.5137499999999999 0.005009259259259441 0.002588541666666622
0 0.8240925925925925 0.515421875 0.007444444444444306 0.004109374999999993
0 0.8627222222222222 0.5232604166666667 0.009472222222222134 0.009895833333333392
0 0.8050185185185184 0.5254687499999999 0.011499999999999962 0.008218749999999986
0 0.8262592592592592 0.5319375 0.0068981481481481905 0.006395833333333378
0 0.855148148148148 0.5380260416666667 0.009472222222222134 0.005020833333333208
0 0.7841759259259258 0.5392447916666666 0.008250000000000075 0.006239583333333343
0 0.7745 0.5378385416666667 0.007851851851851974 0.009208333333333308
0 0.7700648148148147 0.5055104166666666 0.011111111111111112 0.0125
0 0.725611111111111 0.5135572916666666 0.012222222222222159 0.007343749999999894
0 0.7272777777777778 0.5307447916666665 0.0088888888888887 0.00703125
0 0.7579074074074074 0.47591666666666665 0.012750000000000088 0.005177083333333421
0 0.7467037037037036 0.474125 0.007787037037037218 0.006906249999999936
0 0.728462962962963 0.44855729166666664 0.014962962962962933 0.005489583333333314
0 0.9087037037037037 0.5154479166666667 0.011712962962963046 0.008968750000000015
0 0.8872314814814815 0.5278020833333332 0.009759259259259226 0.006223958333333357
0 0.8937407407407407 0.5298125 0.009111111111111035 0.0076875000000001135
0 0.9026851851851851 0.5290833333333333 0.011388888888888952 0.007322916666666579
0 0.9108240740740741 0.5307291666666666 0.010083333333333321 0.00841666666666665
0 0.9018703703703702 0.5395156249999999 0.010407407407407416 0.008786458333333335
0 0.8782870370370369 0.5598281249999999 0.00878703703703694 0.007322916666666579
0 0.865435185185185 0.5637604166666667 0.008462962962963162 0.0067708333333333925
0 0.8997870370370369 0.6003437500000001 0.009083333333333284 0.009270833333333428
0 0.8922870370370369 0.601234375 0.0054907407407407995 0.004161458333333279
0 0.8876388888888888 0.5806666666666667 0.010990740740740534 0.007963541666666707
0 0.8874259259259258 0.5955885416666666 0.010990740740740534 0.00951041666666672
0 0.8715740740740741 0.5815572916666666 0.011833333333333309 0.006895833333333279
0 0.8689351851851852 0.5778125000000001 0.01288888888888885 0.0055885416666667355
0 0.8495925925925925 0.5735364583333333 0.015638888888888876 0.005348958333333265
0 0.8246574074074075 0.5773385416666666 0.011833333333333309 0.006062499999999993
0 0.8121851851851851 0.575734375 0.006759259259259112 0.006656250000000164
0 0.825074074074074 0.5946927083333333 0.015212962962963022 0.005348958333333265
0 0.805212962962963 0.6056927083333333 0.006759259259259112 0.005229166666666707
0 0.7939074074074073 0.6019479166666667 0.01035185185185191 0.005109374999999972
0 0.8446296296296296 0.6074166666666667 0.009083333333333284 0.007729166666666743
0 0.8302592592592593 0.6107447916666666 0.009935185185185307 0.004875000000000007
0 0.8058425925925925 0.6213229166666666 0.011833333333333309 0.008203125
0 0.8352222222222221 0.6281614583333333 0.009722222222222222 0.006895833333333279
0 0.858574074074074 0.62821875 0.015425925925926107 0.008442708333333293
0 0.8293055555555554 0.6402239583333333 0.011833333333333309 0.009390625000000163
0 0.8070092592592591 0.6357083333333333 0.01415740740740748 0.007249999999999979
0 0.7666388888888889 0.6479531249999999 0.01120370370370362 0.007015624999999836
0 0.8002407407407407 0.6581197916666666 0.01331481481481502 0.00546875
0 0.8254999999999999 0.6692916666666666 0.015212962962963022 0.005708333333333293
0 0.7782037037037036 0.684359375 0.013194444444444444 0.008781250000000008
0 0.7662222222222221 0.685421875 0.010768518518518514 0.0063593750000000785
0 0.7492592592592593 0.6945052083333334 0.01238888888888899 0.004239583333333208
0 0.7974537037037036 0.7083645833333333 0.013462962962963034 0.006510416666666607
0 0.7792777777777776 0.7213854166666666 0.012111111111111149 0.004692708333333506
0 0.7613796296296296 0.7157864583333333 0.010231481481481335 0.004999999999999893
0 0.7646111111111111 0.7201770833333333 0.01238888888888899 0.004088541666666679
0 0.7477777777777778 0.7424375 0.00726851851851854 0.009541666666666693
0 0.7263796296296297 0.7175260416666667 0.010768518518518514 0.007572916666666707
0 0.692861111111111 0.7196458333333333 0.013731481481481466 0.005151041666666601
0 0.6967592592592592 0.7282760416666666 0.016157407407407398 0.005453124999999837
0 0.6933981481481482 0.7398645833333333 0.008888888888888858 0.011963541666666622
0 0.7134537037037036 0.7423645833333332 0.013462962962962956 0.006057291666666664
0 0.7196481481481481 0.7477395833333333 0.01453703703703708 0.004692708333333506
0 0.6792592592592592 0.74978125 0.0139999999999999 0.004541666666666622
0 0.6885462962962963 0.7531874999999999 0.014805555555555511 0.005604166666666721
0 0.6618981481481482 0.729109375 0.008888888888888858 0.00802604166666665
0 0.6392777777777777 0.7369114583333333 0.014268518518518647 0.006661458333333314
0 0.6357777777777778 0.74153125 0.012111111111110991 0.004999999999999893
0 0.6177407407407407 0.7231302083333333 0.016425925925925986 0.004541666666666622
0 0.673074074074074 0.7739375 0.011305555555555537 0.007421875
0 0.6552962962962963 0.775828125 0.015611111111110966 0.005151041666666601
0 0.6442037037037037 0.7599791666666667 0.007268518518518382 0.005088541666666657
0 0.6496111111111111 0.7654270833333332 0.011953703703703727 0.006906250000000114
0 0.639361111111111 0.7674739583333332 0.011787037037037054 0.004453125000000035
0 0.6298240740740741 0.7630677083333333 0.010499999999999924 0.0038177083333332364
0 0.6133518518518518 0.768109375 0.014370370370370407 0.005723958333333279
0 0.6131944444444445 0.7547083333333333 0.01824999999999998 0.008541666666666715
0 0.6106759259259259 0.7820260416666667 0.008287037037037079 0.007682291666666607
0 0.5672314814814814 0.7805156249999999 0.01097222222222219 0.003401041666666771
0 0.5457407407407406 0.7831614583333334 0.017240740740740692 0.006171874999999894
0 0.556824074074074 0.776171875 0.011194444444444368 0.004536458333333293
0 0.5425 0.7706927083333334 0.011194444444444368 0.0036510416666667212
0 0.5235740740740741 0.7784374999999999 0.016342592592592728 0.0037760416666666073
0 0.5046574074074074 0.755078125 0.012537037037037003 0.0036510416666667212
0 0.501074074074074 0.79065625 0.011638888888888883 0.004786458333333421
0 0.49827777777777776 0.7964479166666667 0.009629629629629714 0.008062500000000038
0 0.46458333333333335 0.805453125 0.012981481481481517 0.005916666666666614
0 0.4446574074074074 0.7989010416666666 0.008509259259259256 0.008687499999999826
0 0.41218518518518515 0.7963854166666666 0.008953703703703613 0.0051614583333332575
0 0.43524999999999997 0.7768020833333333 0.018805555555555506 0.00529166666666665
0 0.38218518518518513 0.80375 0.017462962962963027 0.007052083333333315
0 0.4058055555555555 0.7713229166666666 0.016342592592592572 0.004911458333333308
0 0.39718518518518514 0.7596093749999999 0.02104629629629626 0.005916666666666792
0 0.37390740740740736 0.7715729166666667 0.010296296296296248 0.007177083333333378
0 0.3689814814814814 0.7778697916666666 0.007611111111111136 0.0044062500000000785
0 0.37065740740740744 0.7920416666666666 0.01097222222222219 0.006296875000000135
0 0.3535277777777778 0.7678593749999999 0.016564814814814827 0.00529166666666665
0 0.333712962962963 0.7791927083333332 0.010518518518518505 0.012843749999999866
0 0.32196296296296295 0.784484375 0.014777777777777838 0.007557291666666721
0 0.3028148148148148 0.7835364583333334 0.01007407407407407 0.0066770833333334775
0 0.28434259259259254 0.7711979166666667 0.017018518518518513 0.009192708333333322
0 0.2929629629629629 0.7630104166666667 0.012314814814814747 0.004911458333333308
0 0.30819444444444444 0.7606197916666667 0.013212962962962945 0.008437499999999964
0 0.32128703703703704 0.7443697916666666 0.012092592592592568 0.010203125000000136
0 0.2775185185185185 0.7561458333333333 0.009629629629629636 0.007052083333333315
0 0.22277777777777774 0.778625 0.008953703703703693 0.008437499999999964
0 0.23587037037037034 0.7686770833333332 0.009629629629629636 0.0066770833333334775
0 0.21639814814814815 0.7703802083333333 0.007833333333333314 0.0055416666666666
0 0.22915740740740742 0.7747239583333333 0.009629629629629636 0.007177083333333378
0 0.25075925925925924 0.7710052083333332 0.016120370370370316 0.004536458333333293
0 0.23542592592592593 0.7515520833333333 0.01007407407407407 0.008687499999999914
0 0.259712962962963 0.7381979166666666 0.008064814814814822 0.007432291666666657
0 0.2121388888888889 0.7471406249999999 0.008731481481481514 0.008187499999999837
0 0.21728703703703703 0.738515625 0.01007407407407407 0.007302083333333265
0 0.18046296296296296 0.7308958333333333 0.009851851851851832 0.010703125000000036
0 0.13019444444444445 0.7437395833333333 0.012314814814814825 0.0051614583333332575
0 0.16153703703703703 0.7128229166666665 0.008731481481481475 0.008817708333333308
0 0.17105555555555554 0.7191822916666666 0.006268518518518501 0.007682291666666607
0 0.1885185185185185 0.7194375 0.007611111111111136 0.007682291666666607
0 0.22949074074074072 0.7107447916666667 0.010750000000000013 0.0066770833333334775
0 0.26867592592592593 0.69884375 0.012092592592592568 0.007557291666666721
0 0.3261018518518518 0.7068385416666667 0.015444444444444372 0.005416666666666714
0 0.36628703703703697 0.7053906249999999 0.008064814814814901 0.00806249999999995
0 0.3428981481481481 0.678125 0.01007407407407407 0.007432291666666657
0 0.3583425925925926 0.6667291666666666 0.0158981481481481 0.005036458333333371
0 0.08774074074074074 0.7201458333333333 0.013018518518518521 0.010984375000000135
0 0.12974999999999998 0.6878802083333333 0.017675925925925914 0.008895833333333237
0 0.10013888888888887 0.6783802083333332 0.014259259259259277 0.012557291666666793
0 0.0916111111111111 0.6838697916666666 0.012092592592592597 0.010635416666666763
0 0.06975925925925926 0.6850052083333333 0.008685185185185181 0.008369791666666692
0 0.04340740740740741 0.6782916666666666 0.009296296296296299 0.008546874999999865
0 0.05022222222222222 0.6725364583333333 0.011157407407407404 0.005755208333333428
0 0.04557407407407407 0.6625104166666667 0.017361111111111112 0.008369791666666692
0 0.05596296296296296 0.6557968750000001 0.006509259259259261 0.007500000000000106
0 0.04387037037037037 0.6464635416666666 0.01333333333333334 0.004187499999999922
0 0.041694444444444444 0.6301614583333334 0.007750000000000008 0.00994270833333335
0 0.046972222222222214 0.6327760416666667 0.0077500000000000025 0.006453124999999993
0 0.005425925925925927 0.6093177083333334 0.00961111111111111 0.006624999999999837
0 0.004805555555555555 0.600078125 0.00961111111111111 0.005927083333333449
0 0.04712037037037036 0.6111510416666667 0.008064814814814822 0.006802083333333364
0 0.1192037037037037 0.6205677083333333 0.008370370370370377 0.008895833333333237
0 0.10587037037037036 0.6059166666666667 0.010231481481481492 0.008546874999999865
0 0.027435185185185187 0.570953125 0.01085185185185185 0.00802083333333332
0 0.048518518518518516 0.5796718750000001 0.008990740740740735 0.006624999999999837
0 0.06836111111111111 0.5490677083333333 0.013333333333333345 0.0061041666666666215
0 0.044333333333333336 0.5470624999999999 0.016120370370370368 0.006624999999999837
0 0.061074074074074065 0.533984375 0.012398148148148162 0.009765625
0 0.011314814814814814 0.5218645833333333 0.012712962962962962 0.008197916666666671
0 0.03270370370370371 0.5116614583333333 0.008370370370370377 0.010114583333333371
0 0.0062037037037037035 0.5008489583333333 0.012398148148148148 0.00802083333333332
0 0.006666666666666666 0.494484375 0.013333333333333332 0.00401041666666675
0 0.0062037037037037035 0.4862864583333333 0.012398148148148148 0.006453124999999993
0 0.04743518518518518 0.4937864583333333 0.014879629629629637 0.004708333333333314
0 0.008685185185185186 0.4555052083333333 0.006824074074074075 0.006276041666666643
0 0.019046296296296297 0.45835937499999996 0.009564814814814814 0.00802604166666665
0 0.01647222222222222 0.4673802083333333 0.015592592592592592 0.004880208333333335
0 0.027287037037037033 0.47375 0.009851851851851853 0.006208333333333371
0 0.024861111111111108 0.4814062499999999 0.014712962962962964 0.004468750000000021
0 0.05817592592592592 0.48359895833333333 0.010444444444444438 0.008687500000000093
0 0.060898148148148146 0.4649374999999999 0.013240740740740739 0.005296874999999979
0 0.06699999999999999 0.4523645833333333 0.015444444444444452 0.004796875000000078
0 0.02051851851851852 0.4375937499999999 0.014268518518518519 0.007531250000000078
0 0.048546296296296296 0.43200520833333333 0.015888888888888886 0.004796875000000078
0 0.06759259259259259 0.4207968749999999 0.014861111111111115 0.00802604166666665
0 0.050305555555555555 0.4136770833333333 0.009712962962962951 0.010510416666666699
0 0.0710462962962963 0.40193229166666666 0.017361111111111112 0.006208333333333371
0 0.08517592592592592 0.4113645833333333 0.014999999999999996 0.005213541666666721
0 0.0862037037037037 0.41719791666666667 0.011175925925925916 0.004302083333333329
0 0.10804629629629628 0.41669791666666656 0.01044444444444446 0.006619791666666685
0 0.06649074074074074 0.39212499999999995 0.012944444444444436 0.003973958333333361
0 0.07855555555555556 0.38955729166666664 0.012944444444444436 0.004468749999999933
0 0.0976759259259259 0.39543229166666666 0.007351851851851837 0.004963541666666682
0 0.09914814814814814 0.37516145833333325 0.007944444444444443 0.0062864583333333
0 0.12143518518518519 0.3752864583333333 0.011324074074074078 0.006536458333333339
0 0.10370370370370369 0.37007291666666664 0.014120370370370358 0.0035572916666666288
0 0.10819444444444443 0.36821354166666664 0.013092592592592567 0.0028125000000000177
0 0.13347222222222221 0.37729166666666664 0.010194444444444449 0.004104166666666753
0 0.15785185185185183 0.37787499999999996 0.012120370370370361 0.004031249999999975
0 0.14669444444444446 0.36613541666666666 0.01735185185185186 0.006119791666666696
0 0.1559259259259259 0.3456041666666666 0.01570370370370367 0.005343750000000025
0 0.17679629629629628 0.35916145833333335 0.014740740740740756 0.006119791666666696
0 0.1789259259259259 0.3481979166666666 0.007990740740740736 0.006197916666666714
0 0.19118518518518515 0.33557291666666667 0.010740740740740762 0.009296874999999982
0 0.16854629629629628 0.3997604166666666 0.013861111111111137 0.009510416666666677
0 0.1678703703703704 0.41535416666666664 0.012509259259259251 0.004562499999999936
0 0.18832407407407403 0.41963541666666665 0.014879629629629597 0.006276041666666643
0 0.21723148148148147 0.397859375 0.020620370370370327 0.010270833333333363
0 0.21367592592592594 0.378171875 0.022990740740740753 0.013885416666666739
0 0.2375185185185185 0.3629583333333333 0.016564814814814827 0.005515624999999957
0 0.23905555555555555 0.3395052083333333 0.01083333333333335 0.004208333333333325
0 0.271287037037037 0.35299479166666664 0.013925925925925892 0.005078125
0 0.23931481481481479 0.31429687500000003 0.00842592592592592 0.010109375000000042
0 0.25410185185185186 0.3227760416666666 0.014037037037036982 0.007895833333333347
0 0.28920370370370363 0.30929687499999997 0.014972222222222184 0.007052083333333315
0 0.3336574074074074 0.3243020833333333 0.013666666666666633 0.005265624999999918
0 0.3410555555555555 0.3281458333333333 0.014972222222222184 0.0036874999999999326
0 0.37287962962962956 0.32525 0.014601851851851835 0.005473958333333329
0 0.3874814814814815 0.3079270833333333 0.01235185185185183 0.005578124999999989
0 0.3130925925925926 0.296484375 0.011009259259259272 0.004682291666666671
0 0.3854907407407407 0.36172916666666666 0.019083333333333345 0.007156249999999975
0 0.46782407407407406 0.36391666666666667 0.014129629629629568 0.008744791666666618
0 0.11953703703703702 0.43252083333333335 0.01999074074074072 0.007822916666666657
0 0.3173055555555555 0.4075833333333333 0.017388888888888863 0.007333333333333236
0 0.3455555555555555 0.446703125 0.011305555555555616 0.007333333333333236
0 0.12974999999999998 0.45440104166666667 0.012601851851851878 0.007578125000000035
0 0.39015740740740734 0.49382812499999995 0.021481481481481525 0.0053593749999999215
0 0.40602777777777777 0.47885416666666664 0.016249999999999907 0.010510416666666699
0 0.41824999999999996 0.4495885416666667 0.00983333333333339 0.005213541666666721
0 0.5008981481481481 0.4070729166666666 0.015509259259259207 0.01705729166666665
0 0.4927962962962963 0.4308229166666666 0.013787037037037129 0.0048437500000000355
0 0.5196759259259258 0.4503020833333333 0.011027777777777853 0.005817708333333371
0 0.6180648148148148 0.467359375 0.015509259259259207 0.011630208333333236
0 0.5935925925925926 0.4251979166666667 0.0161944444444444 0.00717187500000005
0 0.6216851851851851 0.4454583333333333 0.012407407407407492 0.006588541666666714
0 0.7447685185185186 0.5688072916666667 0.010268518518518337 0.010833333333333427
0 0.7213333333333332 0.569171875 0.009629629629629714 0.006859374999999978
0 0.6765555555555555 0.5718802083333333 0.010592592592592591 0.009749999999999837
0 0.6224629629629629 0.5771145833333333 0.012842592592592439 0.009749999999999837
0 0.5924444444444444 0.5668229166666666 0.017018518518518672 0.007942708333333392
0 0.6174814814814814 0.6108802083333333 0.009305555555555461 0.011557291666666636
0 0.6792777777777778 0.6039322916666666 0.01605555555555548 0.006317708333333449
0 0.648787037037037 0.6087135416666667 0.007703703703703645 0.005776041666666743
0 0.6906759259259259 0.6101614583333334 0.01123148148148153 0.007223958333333336
0 0.6823333333333333 0.6454635416666666 0.018296296296296234 0.009932291666666693
0 0.5426851851851852 0.647265625 0.021509259259259277 0.011739583333333314
0 0.58175 0.7025677083333333 0.013537037037036884 0.013609375000000057
0 0.6250185185185185 0.6765052083333334 0.014648148148148089 0.006312499999999943
0 0.7124444444444445 0.6446875 0.014962962962963013 0.009640625000000114
0 0.4729351851851852 0.7117395833333333 0.012777777777777683 0.007713541666666579
0 0.4484722222222222 0.7105104166666667 0.01807407407407406 0.004906249999999978
0 0.4391203703703703 0.6530989583333333 0.012462962962962997 0.007187500000000036
0 0.43927777777777777 0.6318020833333333 0.009657407407407309 0.013671875
0 0.4067037037037037 0.6254895833333334 0.009972222222222153 0.008765625000000022
0 0.34390740740740744 0.6321510416666667 0.02087962962962959 0.007713541666666579
0 0.27387962962962964 0.6131197916666666 0.01632407407407407 0.00849479166666658
0 0.26162962962962966 0.6868177083333333 0.01632407407407407 0.007119791666666764
0 0.13510185185185183 0.5562968749999999 0.010611111111111092 0.008265624999999943
0 0.1832685185185185 0.516921875 0.012240740740740759 0.00849479166666658
0 0.17224074074074075 0.5736302083333332 0.0073425925925925855 0.008036458333333307
0 0.33588888888888885 0.5477604166666666 0.011240740740740702 0.010989583333333285
0 0.32691666666666663 0.5285677083333333 0.009898148148148225 0.013250000000000029
0 0.31875925925925924 0.5375260416666666 0.013379629629629698 0.007677083333333279
0 0.3724166666666667 0.5808072916666667 0.012046296296296236 0.006927083333333428
0 0.4382592592592592 0.5704947916666666 0.009370370370370374 0.007078125000000135
0 0.1681388888888889 0.6249218749999998 0.024370370370370372 0.007723958333333236
0 0.10921296296296296 0.7135208333333333 0.015509259259259247 0.007973958333333364
0 0.7416851851851851 0.7367708333333333 0.014074074074074221 0.007307291666666771
0 0.17160185185185187 0.6353489583333333 0.007046296296296322 0.008234374999999971