0 0.5028047839506173 0.24829644097222223 0.014660493827160476 0.006786024305555571
0 0.47791280864197533 0.25255642361111114 0.02130015432098765 0.0063606770833333215
0 0.44810570987654325 0.2606119791666667 0.014521604938271556 0.007688802083333268
0 0.4613155864197531 0.2698524305555556 0.011894290123456762 0.006332465277777732
0 0.47268904320987654 0.2727712673611111 0.015837191358024763 0.0098350694444445
0 0.43161265432098767 0.2665451388888889 0.007121913580246857 0.006718750000000018
0 0.4406057098765432 0.2883159722222222 0.013622685185185111 0.010195312499999965
0 0.5444367283950617 0.2916427951388889 0.026003086419753175 0.011013454861111072
0 0.6225771604938272 0.2758984375 0.01687499999999997 0.013858506944444482
0 0.5946412037037037 0.26096137152777776 0.020192901234567906 0.00916666666666659
0 0.5733757716049384 0.2557465277777778 0.010856481481481398 0.008075086805555553
0 0.5819521604938273 0.24689670138888892 0.011824845679012382 0.010210503472222233
0 0.5650077160493828 0.2429079861111111 0.015142746913580318 0.007289496527777839
0 0.5387654320987655 0.24061197916666668 0.009128086419753047 0.009700520833333304
0 0.3823418209876543 0.3019921875 0.019915123456790064 0.008374565972222215
0 0.3647800925925926 0.3109027777777778 0.015212191358024698 0.008302951388888946
0 0.35658564814814814 0.3039952256944444 0.016111111111111142 0.008103298611111143
0 0.6860609567901235 0.33952039930555555 0.02544753086419749 0.00991319444444443
0 0.6782445987654321 0.27362413194444446 0.02116126543209873 0.00712890625
0 0.6525887345679012 0.2496006944444445 0.01493827160493816 0.008226996527777785
0 0.6558063271604938 0.24156467013888894 0.02123070987654327 0.00966145833333334
0 0.6758950617283952 0.23366536458333337 0.019224537037037078 0.007089843750000035
0 0.6959143518518519 0.2450477430555556 0.018464506172839554 0.00768012152777775
0 0.7852932098765433 0.24630859375000003 0.02475694444444451 0.007300347222222214
0 0.7819405864197532 0.2571245659722222 0.007951388888889079 0.015230034722222197
0 0.7963927469135803 0.2684722222222222 0.013344907407407429 0.01563151041666675
0 0.7914467592592593 0.27852647569444444 0.019363425925925843 0.00977213541666675
0 0.7498533950617283 0.2693055555555556 0.017496141975308573 0.010321180555555554
0 0.5021990740740742 0.35342447916666664 0.020679012345679048 0.006219618055555554
0 0.5032407407407408 0.3846072048611111 0.02157407407407403 0.007493489583333357
0 0.3253009259259259 0.34618489583333334 0.02038194444444438 0.009312065972222162
0 0.30543981481481486 0.32228515625 0.03778935185185191 0.010887586805555571
0 0.27077546296296295 0.3386089409722222 0.020829475308641952 0.011733940972222268
0 0.2556751543209877 0.3537174479166667 0.01681327160493827 0.007641059027777786
0 0.24846064814814817 0.3770746527777778 0.011902006172839446 0.009162326388888874
0 0.3020949074074074 0.38280598958333334 0.025142746913580302 0.010338541666666678
0 0.6520910493827161 0.37539713541666664 0.01695987654320987 0.010928819444444482
0 0.6775347222222223 0.3784526909722222 0.016662808641975366 0.009001736111111125
0 0.6895100308641976 0.3707096354166667 0.02395447530864203 0.013611111111111107
0 0.32731095679012345 0.4325846354166667 0.026778549382716062 0.013899739583333393
0 0.31949845679012345 0.4118663194444445 0.01711033950617278 0.01514322916666675
0 0.28773533950617286 0.4168012152777778 0.013094135802469174 0.01013671874999993
0 0.2840895061728395 0.40721788194444447 0.016516203703703682 0.011707899305555537
0 0.25887345679012347 0.4160503472222222 0.008927469135802509 0.013470052083333428
0 0.24905478395061725 0.4134548611111112 0.007141203703703683 0.01330078125000007
0 0.21238040123456792 0.4290256076388889 0.01711033950617278 0.010967881944444358
0 0.22770447530864202 0.43170355902777774 0.01919367283950619 0.009628906250000036
0 0.2109683641975309 0.4438802083333334 0.015474537037037016 0.012044270833333393
0 0.22167824074074077 0.4425412326388889 0.017854938271604937 0.011375868055555571
0 0.23328317901234566 0.44584852430555555 0.012496141975308699 0.017317708333333393
0 0.2710725308641976 0.4449283854166667 0.0321373456790123 0.010789930555555572
0 0.2994907407407407 0.4455121527777778 0.019934413580246967 0.02133680555555557
0 0.4112268518518519 0.48779947916666677 0.01630015432098762 0.016519097222222178
0 0.31842592592592595 0.5010199652777778 0.00961419753086419 0.015588107638888894
0 0.35926311728395066 0.5148502604166667 0.011261574074074096 0.010835503472222285
0 0.25986882716049386 0.49324001736111106 0.024174382716049398 0.00929687500000007
0 0.254008487654321 0.47600694444444447 0.015381944444444429 0.014490017361111284
0 0.27172453703703703 0.5124804687500001 0.021520061728395014 0.00939453125000007
0 0.25418981481481484 0.5144639756944445 0.012087191358024699 0.010062934027777715
0 0.23555555555555555 0.5081011284722222 0.014193672839506158 0.010941840277777715
0 0.22324074074074077 0.5067860243055555 0.012453703703703667 0.012024739583333322
0 0.2096412037037037 0.4970225694444445 0.019135802469135793 0.01352430555555557
0 0.21133873456790123 0.5149522569444445 0.026006944444444475 0.014750434027777893
0 0.2430632716049383 0.5230772569444445 0.014560185185185206 0.00673828125
0 0.23761574074074077 0.5347222222222222 0.010073302469135747 0.010236545138888964
0 0.2458564814814815 0.5434288194444444 0.0173958333333333 0.004151475694444429
0 0.23766203703703706 0.5476041666666667 0.02023533950617286 0.00728949652777775
0 0.26925154320987654 0.5608962673611112 0.017307098765432096 0.0052734375
0 0.23047453703703702 0.5617708333333333 0.010439814814814794 0.008674045138888965
0 0.3991859567901235 0.5399500868055556 0.02462962962962965 0.017805989583333393
0 0.3366936728395062 0.5662413194444444 0.02252700617283957 0.007458767361111107
0 0.23404706790123456 0.5758767361111111 0.019413580246913555 0.011883680555555642
0 0.23486882716049381 0.5876996527777778 0.02289351851851846 0.00832031250000007
0 0.2965856481481482 0.5898893229166667 0.018495370370370363 0.012699652777777893
0 0.33536265432098766 0.5973090277777778 0.013275462962962968 0.010221354166666785
0 0.3539081790123457 0.5795855034722223 0.0173958333333333 0.01476562500000007
0 0.3926388888888889 0.5720160590277777 0.01868055555555562 0.012328559027777786
0 0.45376157407407414 0.5505013020833334 0.016388888888888824 0.010609809027777927
0 0.4640625 0.5616818576388889 0.011354166666666603 0.007821180555555607
0 0.5906095679012345 0.5578428819444444 0.025640432098765428 0.006742621527777715
0 0.5306327160493828 0.5913302951388889 0.02289351851851854 0.022178819444444463
0 0.4407600308641975 0.6042664930555556 0.020420524691358032 0.010904947916666607
0 0.4122337962962963 0.617736545138889 0.012453703703703746 0.011085069444444429
0 0.3812847222222222 0.6113216145833333 0.012087191358024699 0.011037326388888857
0 0.3558757716049383 0.6086957465277778 0.012546296296296253 0.00908203125
0 0.3703433641975309 0.626154513888889 0.016388888888888824 0.011764322916666714
0 0.2725501543209877 0.6089973958333335 0.014926697530864255 0.007962239583333286
0 0.2704436728395062 0.5980512152777778 0.008881172839506174 0.009806857638888822
0 0.2633487654320988 0.60248046875 0.00842592592592592 0.008120659722222178
0 0.2554282407407408 0.6044639756944444 0.00814814814814808 0.0087890625
0 0.2371141975308642 0.6152322048611111 0.011813271604938239 0.013007812499999893
0 0.2524498456790124 0.642421875 0.02252700617283957 0.00858723958333325
0 0.27145061728395065 0.648166232638889 0.016574074074074078 0.006883680555555572
0 0.2726851851851852 0.6377625868055555 0.013186728395061761 0.009392361111111035
0 0.2902662037037037 0.6449240451388889 0.010987654320987635 0.01444444444444457
0 0.3044598765432099 0.645 0.010073302469135747 0.008932291666666713
0 0.2878858024691358 0.6592686631944444 0.02673611111111111 0.00888671875
0 0.3261612654320988 0.6602734375 0.012453703703703667 0.010481770833333393
0 0.32991512345679014 0.6707834201388889 0.02142746913580243 0.016247829861111108
0 0.2896257716049383 0.6773524305555555 0.010439814814814794 0.010833333333333427
0 0.43430169753086423 0.6601714409722222 0.02142746913580251 0.00862847222222225
0 0.4455671296296297 0.6655034722222222 0.01538194444444435 0.009809027777777679
0 0.47445601851851854 0.6741775173611112 0.015293209876543144 0.011519097222222285
0 0.515246913580247 0.6777604166666666 0.02802083333333343 0.0085243055555555
0 0.46749614197530864 0.6879839409722223 0.010895061728395048 0.012747395833333286
0 0.49052469135802473 0.6950694444444445 0.028753858024691364 0.004242621527777856
0 0.45256944444444447 0.7012000868055556 0.01327546296296289 0.013615451388888821
0 0.43141975308641983 0.6769075520833334 0.009799382716049364 0.013270399305555536
0 0.38623070987654323 0.6867990451388889 0.013186728395061683 0.012026909722222178
0 0.3635223765432099 0.6895334201388889 0.01831404320987657 0.008891059027777893
0 0.3476350308641976 0.6903298611111112 0.018587962962962994 0.00960503472222225
0 0.3177391975308642 0.6990625 0.010987654320987635 0.01222656250000007
0 0.35290123456790123 0.70787109375 0.017581018518518475 0.01417968750000007
0 0.3851311728395062 0.7034157986111111 0.011720679012345652 0.012276475694444322
0 0.377391975308642 0.7142361111111111 0.017673611111111143 0.009177517361111142
0 0.3920447530864198 0.7203168402777778 0.026280864197530857 0.007107204861111072
0 0.3829320987654321 0.7307378472222222 0.012453703703703746 0.010681423611111107
0 0.40001157407407406 0.7372547743055555 0.012179783950617364 0.018767361111111037
0 0.5139197530864198 0.7184505208333334 0.022434413580246983 0.007957899305555571
0 0.5313657407407407 0.7218771701388889 0.01776234567901235 0.007801649305555536
0 0.5222993827160494 0.7318728298611111 0.019413580246913715 0.010475260416666821
0 0.5325540123456791 0.7432573784722222 0.01355324074074073 0.011395399305555642
0 0.5154783950617284 0.7423307291666666 0.019135802469135713 0.0070681423611111075
0 0.6021450617283951 0.6907313368055555 0.020875771604938285 0.009830729166666784
0 0.5738966049382717 0.6681662326388889 0.021520061728395174 0.007575954861111
0 0.5993055555555556 0.6353515625 0.016481481481481333 0.004570312500000106
0 0.6274189814814815 0.63962890625 0.02069444444444441 0.012094184027777644
0 0.6836381172839506 0.6450347222222222 0.010806327160493841 0.011087239583333287
0 0.43618055555555557 0.7526410590277778 0.030489969135802476 0.013745659722222215
0 0.48672453703703705 0.7528993055555556 0.013641975308642095 0.012200520833333428
0 0.501604938271605 0.7585416666666667 0.01776234567901235 0.00864149305555557
0 0.5690895061728395 0.7722200520833333 0.020146604938271494 0.009611545138888821
0 0.5698688271604938 0.7624327256944444 0.015841049382716063 0.010648871527777715
0 0.5836496913580247 0.769103732638889 0.018495370370370443 0.01121093749999993
0 0.5888695987654321 0.7508658854166667 0.015748456790123554 0.006482204861111107
0 0.6079128086419754 0.7498611111111112 0.019413580246913715 0.006946614583333321
0 0.6077314814814815 0.7623285590277777 0.009521604938271524 0.010855034722222356
0 0.6250385802469136 0.7543446180555555 0.019961419753086317 0.007174479166666714
0 0.6589621913580247 0.7344552951388889 0.015293209876543144 0.007881944444444322
0 0.67539737654321 0.7454817708333333 0.01446759259259254 0.012615017361111213
0 0.6888117283950618 0.7613237847222222 0.017854938271605017 0.011319444444444392
0 0.6973765432098765 0.7798980034722223 0.018495370370370443 0.009711371527777856
0 0.7136265432098766 0.75552734375 0.017673611111111064 0.010034722222222214
0 0.7281404320987653 0.7385004340277779 0.015200617283950793 0.012671440972222215
0 0.6994367283950618 0.7010438368055556 0.018587962962962952 0.01444444444444457
0 0.6701813271604938 0.7112217881944445 0.015748456790123554 0.014670138888888929
0 0.7390393518518519 0.7613216145833334 0.025455246913580254 0.008763020833333357
0 0.7700810185185186 0.7679144965277779 0.02380787037037035 0.0075303819444444645
0 0.7822106481481482 0.77564453125 0.029760802469135685 0.0085655381944445
0 0.8029050925925927 0.751193576388889 0.02133487654320984 0.015097656249999859
0 0.8434722222222223 0.7623741319444445 0.015293209876543302 0.012309027777777893
0 0.8298726851851853 0.7129166666666666 0.010621141975308508 0.010332031249999929
0 0.80070987654321 0.7198459201388889 0.008148148148148 0.009253472222222215
0 0.8771219135802469 0.72904296875 0.023074845679012572 0.0065277777777778215
0 0.906238425925926 0.7263888888888889 0.019780092592592762 0.008947482638888716
0 0.9039043209876544 0.7654383680555555 0.021701388888888888 0.013904079861111108
0 0.9104513888888889 0.7566840277777779 0.014286265432098667 0.009789496527777785
0 0.9241859567901235 0.7571180555555557 0.01684799382716038 0.014578993055555678
0 0.9443325617283951 0.7512456597222222 0.027835648148147936 0.00984157986111125
0 0.9412191358024692 0.7261046006944445 0.021242283950617332 0.007866753472222144
0 0.9824228395061728 0.7411480034722222 0.012087191358024699 0.011497395833333179
0 0.991442901234568 0.7567078993055556 0.013275462962963048 0.009220920138888821
0 0.9877353395061729 0.7215776909722222 0.015200617283950477 0.008402777777777893
0 0.9792631172839507 0.7146766493055556 0.016388888888888824 0.008700086805555608
0 0.9797685185185186 0.6964887152777778 0.021975308641975427 0.012502170138888857
0 0.9330671296296297 0.6806163194444446 0.02014660493827181 0.008940972222222144
0 0.8482793209876542 0.6715256076388889 0.024907407407407493 0.006356336805555607
0 0.9343518518518519 0.6546766493055556 0.01391975308641962 0.007771267361111178
0 0.8185185185185185 0.6527170138888889 0.01263503086419746 0.011688368055555464
0 0.776670524691358 0.6612717013888889 0.02527391975308654 0.009003906249999893
0 0.7261728395061728 0.5835091145833333 0.009066358024691428 0.00846137152777775
0 0.7373881172839507 0.5866775173611111 0.009521604938271682 0.007790798611111071
0 0.8791358024691358 0.6269683159722222 0.024907407407407493 0.009620225694444429
0 0.9083912037037039 0.6193207465277778 0.014560185185185206 0.010622829861111072
0 0.9245061728395062 0.6018012152777777 0.026280864197530857 0.006490885416666714
0 0.9121450617283952 0.5954405381944444 0.013094135802469016 0.009733072916666785
0 0.9048186728395061 0.5805251736111111 0.013094135802469016 0.016473524305555466
0 0.9307793209876544 0.5836935763888889 0.02930169753086413 0.008901909722222356
0 0.9296797839506173 0.5691644965277778 0.012453703703703746 0.014869791666666821
0 0.8961226851851852 0.54 0.01712191358024692 0.008435329861111108
0 0.8765702160493828 0.5508441840277778 0.012453703703703746 0.014045138888888965
0 0.8321141975308642 0.555353732638889 0.02609567901234584 0.008632812499999965
0 0.8055632716049383 0.5196158854166667 0.029760802469136 0.013632812499999859
0 0.7383063271604939 0.5375672743055556 0.01684799382716038 0.0066037326388888925
0 0.6501273148148149 0.5050195312500001 0.014648919753086413 0.010709635416666785
0 0.691238425925926 0.43679253472222224 0.021793981481481397 0.0119140625
0 0.7684297839506173 0.4416905381944445 0.019780092592592446 0.00921440972222225
0 0.8392592592592594 0.43009765625000007 0.027380401234568 0.0056011284722222495
0 0.8094984567901234 0.4063433159722223 0.026462191358024887 0.00997395833333332
0 0.9510609567901235 0.4452430555555555 0.014926697530863937 0.007374131944444429
0 0.9812770061728394 0.4693598090277778 0.01126157407407378 0.014073350694444464
0 0.9146566358024691 0.3519422743055556 0.016732253086419745 0.013381076388888857
0 0.9315239197530866 0.3215603298611111 0.019718364197530668 0.012651909722222233
0 0.8649537037037037 0.3036957465277778 0.030208333333333334 0.008467881944444412
0 0.9763425925925926 0.30079644097222225 0.023425925925926093 0.011825086805555518
0 0.9949768518518518 0.2798936631944445 0.010046296296296317 0.012250434027777767
0 0.8637808641975309 0.27167534722222225 0.016280864197530793 0.007513020833333339
0 0.9292631172839506 0.2627191840277778 0.013387345679012381 0.009950086805555536
0 0.967253086419753 0.2642447916666667 0.019174382716049206 0.006896701388888893
0 0.9651697530864197 0.2586197916666667 0.01827160493827162 0.0063346354166666785
0 0.9610995370370371 0.23170355902777778 0.02785879629629638 0.010870225694444447
0 0.9845717592592594 0.24198350694444443 0.023425925925926093 0.004552951388888893
0 0.9933950617283952 0.2355490451388889 0.013209876543209651 0.009539930555555553
0 0.9122608024691358 0.23720269097222224 0.015555555555555304 0.010303819444444428
0 0.8912770061728394 0.24414930555555556 0.017006172839506284 0.009442274305555642
0 0.8742708333333333 0.24310546875 0.011940586419753017 0.007864583333333286
0 0.8838580246913581 0.23274956597222224 0.013024691358024636 0.011065538194444358
0 0.8659490740740741 0.22999999999999998 0.020621141975308573 0.00556640625
0 0.8520216049382717 0.24046006944444445 0.018090277777777903 0.01071397569444441
0 0.8387268518518518 0.23430121527777778 0.011396604938271555 0.0075542534722222495