0 0.3245095486111111 0.2695408950617284 0.010097656250000054 0.013229166666666636
0 0.30015625 0.309795524691358 0.01140407986111116 0.014351851851851904
0 0.31077039930555556 0.3265895061728395 0.011471354166666715 0.010084876543209888
0 0.3607443576388889 0.3223456790123457 0.012502170138888945 0.015640432098765443
0 0.43106987847222217 0.24712577160493826 0.011642795138888929 0.008695987654321
0 0.43010850694444447 0.2699382716049383 0.006697048611111178 0.010968364197530889
0 0.4551128472222222 0.2735416666666667 0.008964843750000107 0.010235339506172794
0 0.33927734375 0.4057793209876543 0.006662326388888839 0.017029320987654254
0 0.30479383680555555 0.47136188271604945 0.005427517361111178 0.020941358024691364
0 0.2704123263888889 0.45432098765432094 0.012914496527777786 0.014722222222222097
0 0.24327907986111114 0.42406250000000006 0.0053580729166666785 0.009629629629629714
0 0.26886718750000005 0.5041666666666667 0.007762586805555571 0.014135802469135683
0 0.3773697916666667 0.5211149691358025 0.007007378472222214 0.016894290123456793
0 0.24399956597222222 0.5021527777777778 0.005770399305555607 0.02109953703703711
0 0.22309895833333332 0.5631057098765433 0.010957031249999982 0.01233024691358019
0 0.23182508680555558 0.5823456790123458 0.008621961805555588 0.01783950617283949
0 0.2492209201388889 0.6193287037037037 0.005770399305555607 0.016701388888888856
0 0.24836154513888892 0.5887268518518519 0.0040538194444444285 0.010455246913580159
0 0.32473307291666664 0.5947685185185186 0.007591145833333357 0.010432098765432033
0 0.23218532986111112 0.6627623456790124 0.005494791666666732 0.020385802469135843
0 0.22847439236111108 0.7155941358024691 0.01703559027777777 0.013634259259259254
0 0.3068033854166667 0.8936728395061728 0.013222656249999964 0.010412808641975364
0 0.33051866319444445 0.8857947530864198 0.008723958333333304 0.015181327160493967
0 0.34130425347222226 0.8854938271604939 0.010509982638888892 0.014749228395061525
0 0.3571549479166667 0.8254475308641975 0.011436631944444376 0.013750000000000127
0 0.3952973090277778 0.8165046296296298 0.012296006944444438 0.008051697530864191
0 0.45241753472222224 0.8876929012345679 0.008793402777777893 0.014876543209876698
0 0.4802365451388889 0.865733024691358 0.00810546875 0.012561728395061778
0 0.5228971354166667 0.8727314814814815 0.008654513888888892 0.015478395061728318
0 0.521779513888889 0.8381597222222225 0.010544704861111143 0.01961033950617295
0 0.5493098958333333 0.8318981481481482 0.008723958333333216 0.017469135802469143
0 0.57771484375 0.8121720679012346 0.0075564236111111075 0.01831404320987657
0 0.5302473958333334 0.9127083333333333 0.008381076388888787 0.008368055555555367
0 0.5368402777777779 0.9304552469135802 0.010303819444444428 0.011859567901234413
0 0.5909548611111111 0.8560918209876542 0.01026909722222218 0.016396604938271744
0 0.5994205729166667 0.9104475308641976 0.010167100694444464 0.01655478395061733
0 0.6499457465277778 0.884128086419753 0.00947916666666675 0.012623456790123555
0 0.6335785590277778 0.8476003086419753 0.010544704861111143 0.012847222222222222
0 0.6599240451388889 0.8448533950617284 0.008003472222222285 0.025671296296296317
0 0.6418402777777777 0.7988001543209876 0.004259982638888893 0.01172453703703727
0 0.6205099826388889 0.803016975308642 0.006252170138889035 0.016493055555555556
0 0.605568576388889 0.7764158950617285 0.012777777777777822 0.01641589506172857
0 0.6774913194444445 0.7390354938271606 0.008242187499999965 0.010042438271605015
0 0.7269856770833333 0.7228047839506173 0.01208984374999993 0.010555555555555745
0 0.7296137152777777 0.7081442901234568 0.011848958333333392 0.021215277777777666
0 0.7059982638888889 0.6143942901234568 0.00858723958333325 0.00988811728395073
0 0.7253363715277777 0.6136612654320988 0.004670138888888964 0.00842206790123454
0 0.6557660590277778 0.600462962962963 0.013910590277777857 0.013086419753086413
0 0.7288064236111111 0.5755362654320988 0.009548611111111072 0.01216049382716054
0 0.7260243055555555 0.5449074074074075 0.007693142361111072 0.013792438271604921
0 0.7069270833333333 0.512565586419753 0.007419704861110965 0.01933256172839511
0 0.6430251736111111 0.5401697530864198 0.013634982638888894 0.011041666666666571
0 0.5902669270833333 0.6336342592592593 0.006217447916666607 0.017229938271604954
0 0.6937369791666667 0.44376543209876546 0.010852864583333321 0.02034336419753089
0 0.6540321180555556 0.4570216049382716 0.007007378472222214 0.016319444444444445
0 0.6799652777777778 0.37375385802469135 0.009066840277777644 0.015875771604938253
0 0.6683550347222222 0.3428510802469136 0.0037087673611111427 0.020011574074074032
0 0.6762044270833333 0.3483757716049383 0.006697048611111001 0.013356481481481414
0 0.6844292534722223 0.3478858024691358 0.005633680555555643 0.009934413580246906
0 0.66150390625 0.31400462962962966 0.003400607638888964 0.012388117283950588
0 0.6542903645833333 0.2886574074074074 0.0027126736111110715 0.014205246913580223
0 0.6365842013888889 0.29500385802469137 0.008311631944444463 0.012175925925925904
0 0.6422526041666667 0.26113811728395064 0.00783203125000007 0.015960648148148078
0 0.6237565104166667 0.2521913580246914 0.012400173611111143 0.013329475308641984
0 0.6194444444444445 0.2716743827160494 0.008930121527777678 0.009556327160493793
0 0.6102907986111111 0.30615354938271605 0.007452256944444536 0.01684413580246916
0 0.5982183159722223 0.32038580246913584 0.007693142361111072 0.007445987654320953
0 0.5739366319444444 0.22714120370370372 0.008242187499999965 0.010513117283950634
0 0.5684917534722222 0.2565547839506173 0.0050499131944445 0.009841820987654317
0 0.5436588541666667 0.24470293209876542 0.009720052083333286 0.010196759259259301
0 0.5317578125000001 0.37188657407407405 0.006731770833333428 0.011674382716049397
0 0.5290299479166667 0.7201851851851853 0.01720920138888893 0.03827160493827151
0 0.4333138020833333 0.6273765432098766 0.01743272569444443 0.03661651234567892