0 0.4085185185185185 0.26803125 0.021398148148148107 0.011093749999999947
0 0.3837592592592592 0.32055208333333335 0.01468518518518525 0.015578125000000043
0 0.31242592592592594 0.3020208333333333 0.032314814814814796 0.0077916666666666854
0 0.35144444444444445 0.2816041666666666 0.02308333333333326 0.005192708333333318
0 0.2889259259259259 0.27912499999999996 0.02308333333333326 0.009208333333333396
0 0.2536759259259259 0.27558333333333335 0.016370370370370323 0.009208333333333396
0 0.24297222222222223 0.28101562499999994 0.012592592592592588 0.012510416666666658
0 0.25031481481481477 0.30190624999999993 0.018046296296296303 0.010385416666666725
0 0.24890740740740738 0.2907864583333333 0.024944444444444495 0.0097291666666667
0 0.18909259259259256 0.28759375 0.009074074074074111 0.008453125000000039
0 0.18614814814814812 0.31292708333333336 0.01962962962962962 0.008234374999999971
0 0.20132407407407404 0.31493229166666664 0.012138888888888902 0.011041666666666661
0 0.17187037037037037 0.31714062499999995 0.011777777777777804 0.01224999999999996
0 0.1156574074074074 0.33340625 0.009277777777777788 0.009437499999999942
0 0.08566666666666665 0.34444791666666663 0.012138888888888873 0.007828124999999986
0 0.2079259259259259 0.3403333333333333 0.022490740740740735 0.007630208333333411
0 0.2425462962962963 0.3403333333333333 0.02676851851851849 0.01164583333333331
0 0.29770370370370364 0.36834375 0.011425925925925956 0.011041666666666661
0 0.30815740740740744 0.43792187499999996 0.01060185185185192 0.013119791666666636
0 0.2164537037037037 0.4078072916666667 0.023675925925925947 0.008942708333333372
0 0.1662685185185185 0.4160520833333333 0.014490740740740707 0.009937500000000021
0 0.0595462962962963 0.3797760416666666 0.025796296296296303 0.0049687500000000105
0 0.052657407407407396 0.38514583333333335 0.008481481481481486 0.008942708333333372
0 0.040638888888888884 0.392796875 0.012722222222222218 0.011531250000000081
0 0.05230555555555555 0.41565624999999995 0.015546296296296308 0.009937500000000021
0 0.030037037037037036 0.41585416666666664 0.021203703703703704 0.01431249999999995
0 0.007953703703703704 0.4301666666666666 0.015898148148148147 0.010338541666666678
0 0.029861111111111113 0.44219270833333335 0.02013888888888889 0.007354166666666551
0 0.04505555555555555 0.4543177083333333 0.02013888888888889 0.010135416666666685
0 0.06502777777777778 0.45610937499999993 0.01837962962962963 0.005765624999999908
0 0.13024074074074074 0.4937447916666667 0.02330555555555556 0.012947916666666615
0 0.008333333333333333 0.5078125 0.016666666666666666 0.0125
0 0.031907407407407405 0.5116093749999999 0.01719444444444445 0.01065104166666675
0 0.01908333333333333 0.5184114583333332 0.013111111111111108 0.014093749999999971
0 0.02258333333333333 0.5262760416666666 0.015444444444444448 0.013765625000000092
0 0.012675925925925926 0.5469270833333333 0.013694444444444443 0.013437500000000036
0 0.027537037037037033 0.568234375 0.013111111111111115 0.011802083333333258
0 0.006555555555555555 0.57790625 0.01311111111111111 0.013765624999999915
0 0.09766666666666665 0.5614947916666666 0.011027777777777775 0.004203125000000085
0 0.17737037037037034 0.5542916666666666 0.022416666666666626 0.0046041666666667425
0 0.27027777777777773 0.5364010416666667 0.02293518518518517 0.007124999999999914
0 0.3130833333333333 0.486890625 0.018018518518518552 0.0064375000000000075
0 0.24881481481481482 0.5866145833333333 0.01724074074074077 0.005083333333333506
0 0.27529629629629626 0.6117916666666667 0.008620370370370346 0.005083333333333506
0 0.3368796296296296 0.6139843749999999 0.01683333333333326 0.0043906249999999146
0 0.36973148148148144 0.5803802083333333 0.02093518518518525 0.013395833333333228
0 0.39518518518518514 0.624609375 0.012731481481481429 0.006697916666666792
0 0.46334259259259264 0.573796875 0.016009259259259227 0.0039270833333333146
0 0.5138425925925927 0.6176770833333334 0.01354629629629645 0.008546874999999865
0 0.4863333333333333 0.5461979166666666 0.008620370370370268 0.009239583333333279
0 0.42166666666666663 0.5131718749999999 0.018064814814814808 0.005083333333333329
0 0.017666666666666664 0.6276458333333332 0.01566666666666667 0.012093749999999837
0 0.037712962962962955 0.6453749999999999 0.011296296296296296 0.012708333333333321
0 0.08416666666666667 0.6432239583333332 0.011657407407407405 0.010453125000000086
0 0.13772222222222222 0.6860572916666666 0.011657407407407384 0.011270833333333207
0 0.08106481481481481 0.6891302083333334 0.017851851851851848 0.005942708333333257
0 0.08252777777777777 0.7137239583333332 0.01785185185185186 0.0125
0 0.13152777777777777 0.7401614583333332 0.01749074074074074 0.00717187500000005
0 0.1470185185185185 0.732578125 0.006925925925925943 0.00717187500000005
0 0.2929351851851852 0.6879010416666667 0.021129629629629675 0.00717187500000005
0 0.38475 0.6810364583333333 0.016027777777777728 0.007380208333333371
0 0.2537685185185185 0.7145416666666666 0.009833333333333312 0.008812499999999978
0 0.23733333333333334 0.7441979166666666 0.00982407407407406 0.011234375000000085
0 0.2299722222222222 0.757640625 0.013425925925925952 0.010130208333333179
0 0.2230925925925926 0.7810260416666666 0.006870370370370359 0.006812500000000022
0 0.2378240740740741 0.7750416666666666 0.006222222222222248 0.005890624999999971
0 0.2664722222222222 0.7840677083333334 0.013092592592592607 0.005890624999999971
0 0.2944629629629629 0.7813020833333333 0.012111111111111149 0.004421874999999886
0 0.33948148148148144 0.7607239583333333 0.02054629629629632 0.007406249999999837
0 0.38873148148148146 0.7410208333333334 0.027388888888888928 0.008890625000000086
0 0.42691666666666667 0.7610208333333334 0.013166666666666691 0.009776041666666657
0 0.4427962962962963 0.7833333333333333 0.018685185185185086 0.0052552083333333496
0 0.46614814814814814 0.7603489583333333 0.009925925925925899 0.01083854166666658
0 0.4744629629629629 0.7801354166666666 0.011379629629629543 0.005416666666666714
0 0.461037037037037 0.7850572916666666 0.014305555555555651 0.005744791666666771
0 0.46906481481481477 0.7936770833333332 0.009342592592592623 0.011822916666666572
0 0.44366666666666665 0.807796875 0.02160185185185194 0.008536458333333385
0 0.43097222222222215 0.8131354166666667 0.016638888888888915 0.005416666666666714
0 0.5105092592592593 0.7854687499999999 0.015175925925926018 0.006567708333333399
0 0.5201481481481481 0.7949114583333333 0.014009259259259308 0.010671874999999886
0 0.5059907407407407 0.7939270833333333 0.01605555555555548 0.00607291666666665
0 0.5221851851851852 0.8023802083333333 0.020435185185185074 0.006567708333333399
0 0.51825 0.8175677083333334 0.022472222222222154 0.009031249999999958
0 0.5429074074074074 0.812890625 0.016342592592592728 0.006239583333333343
0 0.5471388888888888 0.8073072916666666 0.018388888888888743 0.005583333333333229
0 0.5821666666666666 0.7899010416666666 0.010796296296296425 0.011166666666666636
0 0.5863981481481481 0.80221875 0.015175925925926018 0.009848958333333258
0 0.5993888888888889 0.82265625 0.019555555555555455 0.007718750000000085
0 0.4785277777777777 0.7134739583333333 0.024175925925925885 0.007302083333333265
0 0.527324074074074 0.6675208333333333 0.025962962962962875 0.006546875000000086
0 0.4792129629629629 0.7233802083333334 0.013333333333333365 0.0038281249999998932
0 0.49213888888888885 0.73425 0.022324074074073982 0.006583333333333208
0 0.5886296296296296 0.7172552083333333 0.013879629629629638 0.009338541666666523
0 0.6447037037037037 0.7291979166666666 0.019324074074074025 0.005973958333333229
0 0.6935648148148148 0.7177135416666667 0.02449999999999998 0.009031250000000135
0 0.6644444444444444 0.7408333333333333 0.01850925925925932 0.006583333333333208
0 0.7020092592592592 0.7583645833333332 0.00816666666666666 0.009796874999999972
0 0.7314907407407407 0.6950520833333333 0.013185185185185194 0.011276041666666714
0 0.808148148148148 0.7166614583333333 0.014592592592592584 0.005635416666666693
0 0.7702592592592592 0.7390625 0.01652777777777759 0.005140624999999943
0 0.7917962962962962 0.7357031249999999 0.015999999999999976 0.009296874999999894
0 0.7745648148148148 0.7526614583333332 0.01811111111111106 0.006031250000000021
0 0.6944814814814815 0.7856458333333334 0.013962962962962896 0.004140624999999965
0 0.7292592592592592 0.7776510416666665 0.020564814814814744 0.0075677083333333785
0 0.7151111111111111 0.6570364583333334 0.01659259259259266 0.010557291666666658
0 0.8089814814814815 0.680859375 0.018333333333333396 0.006630208333333343
0 0.8176018518518517 0.6880364583333333 0.011879629629629563 0.012473958333333179
0 0.8475648148148148 0.6805364583333333 0.017944444444444544 0.00490104166666665
0 0.8470370370370369 0.6673229166666667 0.01848148148148141 0.010541666666666494
0 0.8715833333333333 0.6481666666666667 0.007388888888888801 0.008166666666666522
0 0.9172499999999999 0.6619791666666666 0.019537037037036954 0.009947916666666678
0 0.9201481481481482 0.6546302083333334 0.012138888888888902 0.010989583333333285
0 0.9002499999999999 0.6197552083333333 0.008796296296296191 0.008567708333333179
0 0.9632037037037037 0.5939635416666667 0.011509259259259212 0.009520833333333378
0 0.46088888888888885 0.23965104166666668 0.016898148148148096 0.01069270833333329
0 0.5070833333333333 0.25880729166666666 0.023759259259259282 0.007421875
0 0.5202870370370369 0.2531614583333333 0.024814814814814824 0.009208333333333308
0 0.5857407407407408 0.29060416666666666 0.0162129629629629 0.010859374999999982
0 0.5884444444444443 0.33849479166666663 0.021620370370370286 0.0093385416666667
0 0.636324074074074 0.2967916666666667 0.023166666666666596 0.006296874999999957
0 0.6865185185185185 0.3140572916666667 0.01775925925925937 0.006083333333333396
0 0.7075648148148147 0.3106927083333333 0.017379629629629613 0.012380208333333354
0 0.8419351851851851 0.324484375 0.013518518518518539 0.009557291666666589
0 0.8094074074074074 0.3334114583333333 0.01964814814814828 0.005130208333333286
0 0.8219259259259258 0.3407135416666666 0.008657407407407428 0.009734375000000028
0 0.8085925925925925 0.35906249999999995 0.0128611111111111 0.010916666666666686
0 0.814324074074074 0.375375 0.008416666666666591 0.008286458333333347
0 0.809287037037037 0.41277083333333325 0.009120370370370286 0.010635416666666763
0 0.815537037037037 0.422265625 0.01148148148148146 0.0060781249999999785
0 0.9288333333333333 0.424359375 0.017898148148147976 0.010635416666666763
0 0.9526388888888887 0.44031249999999994 0.015537037037037116 0.007218750000000007
0 0.9051944444444444 0.44059895833333335 0.011148148148148114 0.006270833333333314
0 0.8935462962962961 0.44734374999999993 0.009453703703703633 0.007218750000000007
0 0.9636851851851851 0.46427604166666664 0.01652777777777759 0.004442708333333378
0 0.8841111111111111 0.4938437499999999 0.011842592592592559 0.006661458333333314
0 0.896074074074074 0.5058489583333333 0.008638888888888927 0.007911458333333421
0 0.9448148148148148 0.5019635416666667 0.016777777777777676 0.008744791666666706
0 0.9397499999999999 0.5100833333333333 0.015055555555555442 0.005552083333333435
0 0.9312407407407407 0.5135520833333332 0.016287037037037065 0.004442708333333378
0 0.9761481481481481 0.5306927083333333 0.014805555555555353 0.00763541666666665
0 0.9520925925925926 0.5250729166666666 0.009129629629629536 0.00916145833333335
0 0.9675092592592592 0.5387447916666667 0.008388888888888838 0.007354166666666551
0 0.9699814814814813 0.5480416666666666 0.01875 0.004859375000000022
0 0.9140925925925926 0.54478125 0.00715740740740753 0.007218750000000007
0 0.8995277777777777 0.5685833333333333 0.013074074074073868 0.01041145833333328
0 0.7688703703703703 0.5511145833333334 0.018157407407407313 0.00649999999999995
0 0.6493888888888889 0.5305677083333333 0.013620370370370456 0.011374999999999958
0 0.5596944444444445 0.5058333333333334 0.01097222222222219 0.007755208333333386
0 0.4041574074074074 0.408046875 0.0121203703703704 0.004489583333333336