0 0.9553009259259259 0.9463064236111112 0.031014660493827426 0.025820312499999786
0 0.9432060185185185 0.9628797743055555 0.01922839506172838 0.026868489583333145
0 0.8287538580246914 0.9614843750000002 0.02605324074074057 0.021284722222222285
0 0.7059297839506173 0.9827690972222223 0.022330246913580334 0.021284722222222285
0 0.7018981481481481 0.9323524305555555 0.02419367283950622 0.014646267361111142
0 0.6658526234567902 0.9643033854166667 0.04317515432098765 0.009817708333333286
0 0.5925154320987654 0.9450976562500001 0.03674382716049378 0.014123263888888715
0 0.5507175925925927 0.9218446180555555 0.032152777777777905 0.011367187499999787
0 0.5462770061728395 0.9039322916666667 0.041033950617284 0.011367187499999787
0 0.5719984567901235 0.8900672743055557 0.011635802469135747 0.015329861111111143
0 0.6024691358024691 0.8838650173611112 0.01868055555555562 0.016707899305555784
0 0.6228317901234568 0.8939409722222222 0.022048611111111113 0.006545138888888857
0 0.6366087962962963 0.8744791666666666 0.029394290123456793 0.025492621527777714
0 0.6969328703703703 0.8740473090277778 0.05879243827160481 0.024976128472222213
0 0.8392206790123458 0.8922309027777777 0.028055555555555618 0.008355034722222144
0 0.7674305555555556 0.8449782986111112 0.03036651234567892 0.010397135416666713
0 0.7403626543209877 0.8226041666666667 0.037627314814814856 0.010212673611111356
0 0.6931635802469137 0.8110004340277779 0.020462962962962985 0.03416232638888887
0 0.690192901234568 0.7719162326388889 0.02244598765432089 0.02580729166666664
0 0.6614737654320988 0.7021983506944445 0.033668981481481494 0.019680989583333287
0 0.697121913580247 0.6756488715277778 0.04290895061728387 0.01151041666666668
0 0.737391975308642 0.7125954861111111 0.019803240740740573 0.01633897569444436
0 0.6175733024691358 0.7337630208333333 0.023765432098765398 0.011139322916666573
0 0.5961188271604938 0.6446419270833335 0.05083333333333321 0.012254774305555572
0 0.925108024691358 0.8527322048611111 0.030443672839506223 0.016391059027777644
0 0.9819444444444444 0.7671875 0.03611111111111111 0.025
0 0.9451157407407408 0.7614778645833333 0.024355709876543112 0.03106987847222218
0 0.9231520061728395 0.7251475694444445 0.031751543209876505 0.015657552083333214
0 0.8648688271604937 0.6992144097222223 0.034359567901234796 0.013700086805555501
0 0.5323418209876543 0.71234375 0.04175154320987641 0.0169227430555555
0 0.5047145061728395 0.6824674479166667 0.02578703703703711 0.013815104166666713
0 0.503179012345679 0.7040538194444446 0.02394675925925927 0.020377604166666608
0 0.43993441358024693 0.7237413194444444 0.034999999999999906 0.0169227430555555
0 0.49488811728395066 0.7636328125 0.027017746913580255 0.020722656249999895
0 0.4519097222222222 0.7979969618055556 0.04298225308641972 0.010707465277777838
0 0.3843672839506173 0.7857356770833335 0.04052469135802473 0.01588758680555564
0 0.42711033950617283 0.7506749131944445 0.025073302469135684 0.010004340277777857
0 0.37448688271604935 0.7303385416666667 0.02011574074074076 0.015579427083333286
0 0.45688271604938274 0.9818098958333333 0.035466820987654225 0.017931857638888715
0 0.4540933641975309 0.9357443576388889 0.04821759259259263 0.026675347222222357
0 0.48756558641975306 0.8884483506944443 0.04582947530864203 0.0096397569444445
0 0.4401466049382716 0.9075000000000001 0.009961419753086414 0.0199500868055555
0 0.41384259259259265 0.8919227430555555 0.0362654320987654 0.010759548611111214
0 0.46326003086419754 0.8965169270833332 0.035466820987654225 0.013224826388889
0 0.3919251543209877 0.9024565972222224 0.024309413580246856 0.021069878472222213
0 0.37060570987654323 0.9151215277777778 0.045428240740740755 0.013674045138888858
0 0.44476851851851856 0.8437847222222222 0.03846450617283936 0.011675347222222143
0 0.4090509259259259 0.8248958333333334 0.03785108024691353 0.015110677083333357
0 0.312283950617284 0.8513411458333333 0.02258873456790119 0.017858072916666502
0 0.33945216049382715 0.7989691840277778 0.015871913580246953 0.018200954861111018
0 0.22955632716049384 0.7951909722222222 0.03785108024691353 0.02644314236111116
0 0.1754243827160494 0.7122569444444444 0.05775462962962962 0.025989583333333323
0 0.2387692901234568 0.7178407118055555 0.0287422839506173 0.019108072916666784
0 0.2346875 0.7098480902777778 0.02711033950617284 0.011575520833333287
0 0.23517746913580248 0.6958854166666667 0.03462191358024695 0.0214973958333335
0 0.22554012345679017 0.6833919270833334 0.02123070987654319 0.016351996527777857
0 0.24905864197530864 0.6711740451388889 0.06042824074074081 0.019108072916666784
0 0.16592978395061728 0.6599652777777778 0.029398148148148156 0.022415364583333285
0 0.1419212962962963 0.6060394965277778 0.041481481481481494 0.02223090277777775
0 0.19891975308641976 0.62193359375 0.03592978395061724 0.01947482638888882
0 0.30474922839506174 0.6472873263888889 0.030050154320987666 0.03233723958333332
0 0.33904706790123457 0.6466449652777777 0.04246141975308638 0.014513888888888892
0 0.2062692901234568 0.6360807291666667 0.041481481481481494 0.016167534722222144
0 0.22913580246913579 0.6452669270833333 0.03429783950617286 0.010655381944444464
0 0.2541203703703704 0.6211979166666667 0.024170524691358095 0.0345421006944445
0 0.2404050925925926 0.6019986979166667 0.049648919753086475 0.019292534722222143
0 0.22276620370370367 0.5866558159722223 0.04442129629629632 0.013229166666666714
0 0.2320756172839506 0.5677322048611112 0.02972222222222219 0.012126736111111213
0 0.27469907407407407 0.5757248263888889 0.029398148148148173 0.017454427083333356
0 0.2982175925925926 0.5542274305555556 0.020902777777777794 0.013044704861111001
0 0.37742669753086416 0.5530338541666667 0.02645833333333327 0.016903211805555606
0 0.1059104938271605 0.45529513888888895 0.05507330246913579 0.021148003472222142
0 0.14615354938271605 0.43161458333333336 0.026477623456790136 0.017276475694444394
0 0.20308256172839506 0.4307204861111111 0.030185185185185207 0.01787326388888886
0 0.24041666666666667 0.44099826388888885 0.021180555555555557 0.010425347222222214
0 0.20122685185185188 0.41538194444444443 0.020123456790123444 0.013404947916666642
0 0.15409722222222222 0.40048828125 0.032831790123456786 0.0074457465277777855
0 0.09505401234567902 0.35729600694444447 0.01429783950617282 0.02293619791666668
0 0.17501543209876544 0.2570616319444444 0.02594907407407408 0.026807725694444517
0 0.1747492283950617 0.20746744791666666 0.02435956790123455 0.026510416666666693
0 0.18904706790123454 0.21476562500000002 0.01694444444444443 0.021447482638888894
0 0.21896990740740743 0.22652994791666664 0.035478395061728445 0.009830729166666696
0 0.17739969135802472 0.30114800347222226 0.0285956790123457 0.03276475694444443
0 0.18031250000000001 0.29593532986111115 0.05983796296296294 0.021148003472222142
0 0.18458333333333335 0.31220269097222225 0.036404320987654316 0.008621961805555588
0 0.19655864197530867 0.3250455729166667 0.029699074074074065 0.009520399305555571
0 0.18250385802469138 0.3676779513888889 0.016246141975308662 0.02132378472222225
0 0.19929012345679012 0.3699131944444444 0.023105709876543222 0.007107204861111072
0 0.23214506172839505 0.3819965277777778 0.03104938271604938 0.01949652777777784
0 0.29821373456790123 0.3680859375 0.034660493827160445 0.023760850694444356
0 0.29496527777777776 0.33132812500000003 0.028881172839506142 0.0160438368055555
0 0.23756172839506173 0.2834006076388889 0.029606481481481477 0.006701388888888893
0 0.283954475308642 0.2937565104166667 0.02996527777777784 0.020512152777777803
0 0.32420910493827165 0.28329861111111115 0.02166280864197532 0.01624565972222225
0 0.3586882716049383 0.2868532986111111 0.019857253086419745 0.011981336805555553
0 0.3660879629629629 0.30330295138888885 0.03032793209876543 0.015230034722222197
0 0.36410108024691357 0.31650173611111115 0.027075617283950613 0.015230034722222197
0 0.2891859567901235 0.2293793402777778 0.02238425925925927 0.022135416666666696
0 0.3424421296296296 0.23120876736111112 0.027800925925925906 0.01035807291666666
0 0.41446759259259264 0.2422764756944445 0.03899305555555562 0.0247764756944445
0 0.4473186728395062 0.250703125 0.026716820987654287 0.01401258680555557
0 0.4630246913580247 0.23232421875 0.047295524691358067 0.009748263888888876
0 0.3066975308641976 0.16794921875 0.03501929012345681 0.01583984374999998
0 0.27619212962962963 0.16622178819444447 0.023827160493827174 0.02010416666666668
0 0.2637345679012346 0.14591362847222222 0.02996527777777784 0.017261284722222214
0 0.25506944444444446 0.11910807291666667 0.0205787037037037 0.009950086805555536
0 0.3586882716049383 0.14835069444444446 0.0126350308641975 0.020917968750000026
0 0.3725848765432099 0.1455078125 0.020941358024691364 0.02010416666666668
0 0.3716820987654321 0.10316623263888888 0.033576388888888864 0.024370659722222222
0 0.4236728395061729 0.10275824652777779 0.053792438271604855 0.013402777777777786
0 0.4348649691358025 0.1210373263888889 0.014803240740740698 0.025588107638888902
0 0.4540007716049383 0.12743272569444447 0.0263541666666667 0.01888671875000001
0 0.4619405864197531 0.16774522569444444 0.020578703703703776 0.023962673611111106
0 0.4496682098765432 0.14692925347222222 0.02707561728395057 0.014418402777777794
0 0.5417322530864198 0.16368272569444445 0.02346836419753089 0.01259114583333334
0 0.6619560185185185 0.19262369791666667 0.016967592592592635 0.01563802083333332
0 0.6850617283950617 0.14388237847222224 0.02346836419753089 0.016855468750000036
0 0.6522067901234568 0.0765625 0.024911265432098793 0.023556857638888883
0 0.3854050925925926 0.07777994791666668 0.022021604938271523 0.018276909722222224
0 0.3695177469135803 0.04102213541666667 0.017689043209876507 0.013402777777777774
0 0.4159104938271605 0.044372829861111115 0.02888117283950622 0.01685546875
0 0.5003935185185185 0.05361328125 0.044047067901234666 0.011371527777777769
0 0.77875 0.021425781249999998 0.029606481481481397 0.02700954861111111
0 0.9018634259259259 0.03645399305555556 0.022384259259259427 0.019292534722222233
0 0.7995100308641976 0.026299913194444448 0.014803240740740698 0.013606770833333328
0 0.5223842592592592 0.02008463541666667 0.029309413580246888 0.03273871527777778
0 0.5704745370370371 0.04667100694444445 0.01568672839506162 0.01486111111111112
0 0.6348341049382716 0.03616753472222222 0.016315586419753142 0.013496093749999993
0 0.9585648148148148 0.16953776041666668 0.03219135802469124 0.012749565972222232
0 0.9723611111111111 0.11918402777777778 0.021022376543209653 0.014042968750000018
0 0.9884799382716049 0.1130859375 0.023040123456790223 0.016629774305555546
0 0.5582638888888889 0.25193359375 0.023823302469135874 0.020546874999999964
0 0.705570987654321 0.2700238715277778 0.024618055555555587 0.02188802083333332
0 0.7619521604938272 0.2336176215277778 0.02620756172839486 0.018760850694444376
0 0.6873070987654322 0.33099609375 0.03573688271604946 0.008934461805555571
0 0.8584375000000001 0.37901692708333334 0.023823302469135874 0.014741753472222197
0 0.6777777777777778 0.35556423611111115 0.030972222222222318 0.017866753472222198
0 0.7220601851851852 0.4081184895833333 0.025092592592592507 0.010976562499999964
0 0.7375655864197531 0.3976323784722222 0.028923611111111174 0.0194053819444445
0 0.6412114197530864 0.43958116319444435 0.02300154320987657 0.015878906250000036
0 0.6093248456790124 0.47329644097222223 0.02822916666666673 0.0190147569444445
0 0.5396296296296297 0.45830078125 0.022650462962963046 0.018426649305555466
0 0.6374228395061728 0.5368923611111112 0.022094907407407365 0.018641493055555534
0 0.3096990740740741 0.49611979166666664 0.026315586419753127 0.009329427083333286
0 0.37802854938271613 0.49207682291666666 0.015702160493827142 0.015175781250000141
0 0.2981983024691358 0.47646701388888885 0.029409722222222236 0.00957682291666675
0 0.3854436728395062 0.4430967881944444 0.03597993827160495 0.019377170138888823
0 0.3454436728395062 0.40864800347222224 0.050142746913580304 0.01593315972222218
0 0.3955864197530864 0.3879796006944444 0.015694444444444382 0.021100260416666662
0 0.4204668209876543 0.38873263888888887 0.02258487654320981 0.015286458333333374
0 0.45759645061728393 0.4080034722222222 0.026412037037037015 0.020238715277777784
0 0.9509992283950617 0.5461241319444444 0.03377700617283968 0.014027777777777927
0 0.3918865740740741 0.6610351562500001 0.030362654320987618 0.005970052083333321
0 0.09979938271604938 0.6131293402777779 0.011018518518518523 0.009850260416666678
0 0.5197453703703704 0.49542968750000005 0.03423611111111108 0.014880642361111108