0 0.4533518518518518 0.19686979166666668 0.011398148148148044 0.010989583333333353
0 0.46841666666666665 0.27080729166666667 0.018722222222222248 0.009614583333333381
0 0.1920833333333333 0.3680989583333333 0.017907407407407386 0.009156249999999932
0 0.15749074074074074 0.42990625 0.017092592592592562 0.012817708333333223
0 0.15912037037037036 0.6183020833333334 0.012212962962962948 0.010531249999999836
0 0.3516111111111111 0.7201666666666666 0.014648148148148169 0.009156250000000022
0 0.48590740740740734 0.5736614583333333 0.017907407407407386 0.007322916666666579
0 0.5811388888888889 0.7762552083333334 0.02604629629629645 0.009614583333333293
0 0.8546203703703703 0.6453125 0.014648148148148089 0.013276041666666493
0 0.9136296296296296 0.6558437500000001 0.01546296296296311 0.007781250000000029
0 0.8550277777777776 0.6649999999999999 0.010583333333333498 0.008697916666666573
0 0.8249074074074073 0.613265625 0.012212962962962908 0.013276041666666493
0 0.9571759259259258 0.48690625 0.014648148148148405 0.014192708333333392
0 0.5293148148148148 0.29966666666666664 0.013212962962962945 0.006333333333333346