0 0.2603703703703703 0.39243229166666665 0.010148148148148156 0.008229166666666643
0 0.24125925925925923 0.3869739583333333 0.010148148148148156 0.006046874999999919
0 0.25051851851851853 0.3836145833333333 0.016120370370370316 0.007052083333333315
0 0.2914351851851852 0.391484375 0.00920370370370378 0.005109374999999972
0 0.31594444444444447 0.389671875 0.011120370370370362 0.004708333333333314
0 0.33585185185185185 0.37951562499999997 0.012916666666666682 0.0067239583333333465
0 0.38072222222222224 0.3658072916666667 0.011148148148148114 0.0048906250000000815
0 0.3354722222222222 0.33972916666666664 0.007583333333333384 0.0036354166666666466
0 0.3040462962962963 0.33465104166666665 0.014712962962962924 0.006270833333333314
0 0.2969074074074074 0.32618749999999996 0.012037037037037063 0.008901041666666654
0 0.24709259259259259 0.35628125 0.014046296296296232 0.0068958333333333675
0 0.22200925925925927 0.371765625 0.010703703703703679 0.00877604166666659
0 0.21387962962962964 0.37978645833333335 0.007805555555555562 0.009026041666666628
0 0.19905555555555554 0.38593229166666665 0.012925925925925933 0.006520833333333353
0 0.1958240740740741 0.38969270833333336 0.01047222222222225 0.004765625000000018
0 0.18779629629629627 0.38699999999999996 0.008249999999999997 0.00639583333333329
0 0.1768796296296296 0.3901302083333333 0.00958333333333336 0.004640625000000042
0 0.17420370370370367 0.37709374999999995 0.010027777777777757 0.007145833333333318
0 0.17859259259259255 0.38151041666666663 0.00852777777777776 0.0047968749999999895
0 0.16408333333333333 0.4021875 0.015638888888888876 0.00647916666666668
0 0.1840648148148148 0.407984375 0.012657407407407423 0.004479166666666678
0 0.19821296296296292 0.40166666666666667 0.011944444444444396 0.005437500000000028
0 0.21889814814814812 0.40146875 0.011518518518518542 0.003916666666666657
0 0.20851851851851852 0.397390625 0.012083333333333317 0.005359374999999967
0 0.14626851851851852 0.4216770833333333 0.012092592592592608 0.007624999999999993
0 0.1252685185185185 0.4265625 0.010194444444444449 0.004031250000000064
0 0.1356296296296296 0.43572916666666667 0.012092592592592608 0.008505208333333236
0 0.14711111111111108 0.43619791666666663 0.0075000000000000075 0.007307291666666593
0 0.17628703703703702 0.4333020833333333 0.012546296296296314 0.006802083333333364
0 0.10981481481481481 0.4321041666666666 0.00549074074074076 0.006552083333333236
0 0.10785185185185185 0.44388541666666664 0.015009259259259267 0.004786458333333421
0 0.11900000000000001 0.45538541666666665 0.013101851851851858 0.01001562499999995
0 0.1210648148148148 0.44376041666666666 0.013888888888888888 0.0050416666666666995
0 0.1059537037037037 0.46646874999999993 0.010527777777777796 0.005229166666666707
0 0.10298148148148148 0.4745989583333333 0.01198148148148148 0.008000000000000007
0 0.0803611111111111 0.4747239583333333 0.013999999999999997 0.006864583333333308
0 0.13473148148148148 0.48936979166666666 0.012324074074074076 0.005796875000000057
0 0.12644444444444444 0.4993854166666667 0.014111111111111106 0.002895833333333364
0 0.11826851851851852 0.49759374999999995 0.014333333333333325 0.003968749999999943
0 0.08203703703703703 0.4921770833333333 0.01019444444444443 0.004848958333333364
0 0.09726851851851852 0.5009635416666667 0.010416666666666666 0.006046875000000007
0 0.08438888888888889 0.5071666666666667 0.012203703703703717 0.009640624999999936
0 0.1280648148148148 0.5129947916666666 0.013101851851851818 0.007557291666666721
0 0.06193518518518518 0.500046875 0.012990740740740749 0.009010416666666642
0 0.07077777777777777 0.5297552083333332 0.008962962962962963 0.00642708333333335
0 0.06568518518518518 0.5426041666666667 0.009518518518518527 0.008567708333333179
0 0.07694444444444443 0.543359375 0.007842592592592585 0.004911458333333308
0 0.049222222222222216 0.5500677083333334 0.014444444444444433 0.007369791666666714
0 0.10242592592592593 0.54525 0.011083333333333318 0.004411458333333229
0 0.11238888888888887 0.52946875 0.013101851851851858 0.007119791666666764
0 0.13260185185185186 0.5545104166666667 0.008287037037037039 0.006552083333333236
0 0.11641666666666665 0.5788281249999999 0.005259259259259253 0.008317708333333229
0 0.13724999999999998 0.574546875 0.007055555555555573 0.006552083333333236
0 0.09144444444444445 0.602734375 0.010861111111111101 0.008255208333333286
0 0.1156388888888889 0.6070520833333333 0.006611111111111099 0.0050416666666665225
0 0.06770370370370371 0.5992395833333333 0.009972222222222231 0.008187499999999837
0 0.09425925925925925 0.6308333333333334 0.010740740740740733 0.004583333333333428
0 0.12124999999999998 0.6422135416666667 0.01083333333333331 0.007239583333333322
0 0.09796296296296296 0.6538802083333334 0.008518518518518509 0.007968750000000035
0 0.10407407407407408 0.6650520833333333 0.012592592592592588 0.0067708333333333925
0 0.11560185185185183 0.6670572916666666 0.010648148148148136 0.00973958333333318
0 0.12305555555555554 0.6749739583333334 0.009259259259259247 0.009010416666666821
0 0.11527777777777778 0.6792708333333334 0.008703703703703682 0.00979166666666682
0 0.08481481481481482 0.675390625 0.006666666666666663 0.008072916666666607
0 0.07805555555555554 0.6746875 0.008703703703703703 0.006562499999999893
0 0.07167592592592592 0.6528333333333334 0.009611111111111114 0.012932291666666628
0 0.06318518518518518 0.6539270833333333 0.006268518518518521 0.006661458333333314
0 0.10892592592592593 0.692015625 0.010861111111111101 0.006041666666666679
0 0.10056481481481482 0.6913281249999998 0.008055555555555531 0.007828125000000163
0 0.1052685185185185 0.7001875 0.009157407407407408 0.005765625000000085
0 0.1464351851851852 0.6960416666666667 0.012314814814814825 0.008541666666666715
0 0.16643518518518519 0.7075 0.008611111111111135 0.009166666666666679
0 0.16282407407407407 0.7206770833333334 0.007685185185185183 0.009062500000000107
0 0.18898148148148147 0.7133072916666666 0.008148148148148158 0.005781249999999893
0 0.1910092592592592 0.6984635416666667 0.009518518518518466 0.009234374999999951
0 0.22887037037037036 0.7333749999999999 0.013490740740740708 0.006942708333333237
0 0.24759259259259256 0.7439635416666667 0.01098148148148152 0.0043541666666667925
0 0.23122222222222222 0.7498437499999999 0.01338888888888887 0.0068229166666666785
0 0.1928425925925926 0.7573437499999999 0.009203703703703702 0.0072343749999999925
0 0.27535185185185185 0.7432864583333332 0.013175925925925943 0.0061770833333334
0 0.26552777777777775 0.7374635416666667 0.00815740740740733 0.004999999999999893
0 0.2846574074074074 0.7551666666666667 0.013175925925925943 0.00546875
0 0.3089259259259259 0.7346979166666665 0.008370370370370337 0.00546875
0 0.25023148148148144 0.7207552083333333 0.009537037037036969 0.0074479166666668204
0 0.31593518518518515 0.6977864583333333 0.012157407407407403 0.005958333333333421
0 0.37845370370370374 0.69959375 0.00933333333333337 0.009255208333333265
0 0.4445185185185184 0.6831197916666666 0.014370370370370407 0.006187500000000057
0 0.48087962962962966 0.7332604166666666 0.010555555555555587 0.006187500000000057
0 0.4294907407407408 0.7320625 0.014805555555555511 0.0049479166666666075
0 0.4920925925925926 0.7433645833333333 0.015101851851851854 0.0061041666666666215
0 0.6203240740740741 0.6810572916666666 0.011027777777777853 0.00955208333333335
0 0.5638703703703704 0.6588541666666666 0.020731481481481573 0.0060781249999999785
0 0.7356111111111111 0.7030729166666667 0.014222222222222235 0.0035208333333335063
0 0.35825 0.32392187499999997 0.009268518518518497 0.006557291666666654
0 0.3600462962962963 0.317453125 0.01046296296296292 0.009078125000000003
0 0.38590740740740737 0.31190104166666666 0.020324074074074064 0.007734374999999983
0 0.4033888888888889 0.31837499999999996 0.02182407407407412 0.0072291666666667535
0 0.40906481481481477 0.30980208333333337 0.012851851851851847 0.005213541666666632
0 0.45271296296296293 0.3082864583333333 0.009861111111111143 0.007567708333333289
0 0.4311203703703703 0.32803645833333334 0.01161111111111113 0.005921874999999943
0 0.49979629629629624 0.30940625 0.012879629629629758 0.005614583333333289
0 0.5188518518518518 0.3163489583333333 0.01034259259259266 0.007041666666666657
0 0.5017962962962963 0.32619791666666664 0.013972222222222146 0.005510416666666629
0 0.4996203703703704 0.3368645833333333 0.007805555555555562 0.005614583333333289
0 0.5408055555555555 0.332375 0.007805555555555562 0.007244791666666739
0 0.541074074074074 0.3012447916666666 0.007620370370370388 0.006223958333333357
0 0.5525092592592593 0.30496874999999996 0.013064814814814776 0.004083333333333261
0 0.5698333333333333 0.30940625 0.012879629629629758 0.005411458333333385
0 0.5992314814814814 0.30287499999999995 0.013611111111111206 0.006223958333333357
0 0.5978703703703704 0.309 0.010157407407407485 0.008468750000000025
0 0.5833518518518518 0.32859374999999996 0.00871296296296309 0.005817708333333371
0 0.6196481481481482 0.32793229166666665 0.01161111111111113 0.006531250000000011
0 0.6270833333333333 0.34115104166666665 0.00871296296296309 0.006635416666666671
0 0.6373333333333333 0.33130208333333333 0.0150555555555556 0.007552083333333304
0 0.650037037037037 0.3159427083333333 0.008888888888888858 0.008062500000000038
0 0.6347037037037038 0.3109375 0.011972222222222228 0.007656250000000054
0 0.6169259259259259 0.3050208333333333 0.008342592592592584 0.007244791666666739
0 0.6209166666666667 0.3042552083333333 0.009074074074074031 0.006942708333333325
0 0.6206759259259259 0.35051041666666666 0.009407407407407536 0.0069479166666666535
0 0.6117592592592593 0.35319791666666667 0.0067407407407407685 0.004583333333333339
0 0.4895370370370371 0.357859375 0.011370370370370293 0.0069479166666666535
0 0.4881296296296295 0.36255729166666667 0.011092592592592609 0.0040260416666666465
0 0.4942407407407407 0.37590625 0.013481481481481379 0.005291666666666739
0 0.5048425925925926 0.3933177083333333 0.01587037037037046 0.004109375000000082
0 0.45625925925925925 0.41570833333333324 0.013055555555555523 0.004187499999999922
0 0.5617685185185185 0.38597395833333337 0.018935185185185173 0.007854166666666629
0 0.5654351851851851 0.37385416666666665 0.012546296296296253 0.0038593750000000425
0 0.6066296296296296 0.37525 0.008287037037037079 0.004791666666666661
0 0.5627129629629629 0.4305833333333333 0.011361111111111042 0.004130208333333307
0 0.6715277777777777 0.33796354166666664 0.014324074074074152 0.0037083333333332467
0 0.7000648148148149 0.34735937499999997 0.013185185185185194 0.005369791666666668
0 0.7045 0.34314062500000003 0.008870370370370355 0.0071614583333333036
0 0.7058611111111112 0.33699999999999997 0.013416666666666702 0.005885416666666643
0 0.7299629629629629 0.3462760416666667 0.015231481481481523 0.0067760416666666325
0 0.7341759259259258 0.35119791666666667 0.010916666666666528 0.005369791666666668
0 0.8059074074074074 0.3550989583333333 0.015231481481481523 0.004989583333333325
0 0.7612314814814813 0.37402604166666664 0.012731481481481587 0.006265624999999986
0 0.8064722222222221 0.375625 0.01046296296296292 0.008697916666666661
0 0.8147592592592593 0.373875 0.008962962962963021 0.0061770833333333105
0 0.8173425925925926 0.36084375 0.009092592592592534 0.0073854166666667
0 0.8260555555555555 0.36343749999999997 0.009592592592592394 0.005609374999999961
0 0.8331203703703702 0.3650729166666667 0.006814814814814617 0.00830729166666666
0 0.8378611111111111 0.3985625 0.009851851851852049 0.004604166666666609
0 0.8485555555555556 0.40175 0.010037037037037067 0.007005208333333357
0 0.8616666666666666 0.40588541666666667 0.009481481481481384 0.006692708333333286
0 0.8715185185185186 0.43573958333333335 0.008370370370370337 0.007843749999999972
0 0.8770925925925925 0.43443229166666664 0.008740740740740686 0.0069010416666666075
0 0.7781851851851851 0.4248125 0.009481481481481384 0.005229166666666707
0 0.7825555555555554 0.44985937499999995 0.011157407407407366 0.004286458333333343
0 0.8363796296296295 0.4721354166666666 0.012083333333333397 0.005541666666666778
0 0.8339629629629629 0.4765260416666666 0.008370370370370337 0.00596354166666675
0 0.8572037037037036 0.4666458333333333 0.008370370370370337 0.006276041666666643
0 0.8694722222222222 0.46690624999999997 0.007990740740740736 0.00763541666666665
0 0.8613888888888888 0.4871458333333333 0.010787037037037015 0.007109375000000107
0 0.9353888888888889 0.4473385416666666 0.012620370370370577 0.004369791666666778
0 0.9251944444444444 0.4620885416666667 0.013592592592592547 0.0076458333333333075
0 0.938111111111111 0.47306770833333334 0.01029629629629609 0.006880208333333293
0 0.9400462962962962 0.47590625 0.010685185185185258 0.006661458333333314
0 0.9460740740740741 0.47437499999999994 0.008740740740740686 0.006442708333333336
0 0.9086851851851852 0.5034895833333334 0.00932407407407412 0.007427083333333329
0 0.9496666666666667 0.5063281249999999 0.014370370370370249 0.005901041666666629
0 0.9480092592592592 0.5127760416666666 0.012620370370370261 0.005901041666666629
0 0.9589814814814815 0.501359375 0.010490740740740674 0.006661458333333314
0 0.9675277777777778 0.500375 0.008157407407407252 0.008848958333333278
0 0.9783055555555554 0.5186197916666666 0.009129629629629852 0.006661458333333314
0 0.9746203703703702 0.5335833333333333 0.008351851851851834 0.007536458333333229
0 0.984324074074074 0.5440156249999999 0.013398148148147963 0.0041510416666666215
0 0.9607314814814814 0.5283385416666666 0.00893518518518527 0.006442708333333336
0 0.9659722222222222 0.5465833333333333 0.01320370370370401 0.007536458333333229
0 0.9781111111111109 0.5555989583333333 0.013398148148147963 0.006338541666666764
0 0.9729629629629629 0.5596927083333332 0.015537037037037116 0.005354166666666771
0 0.977824074074074 0.5664114583333333 0.01902777777777784 0.005244791666666693
0 0.9533518518518517 0.5555416666666667 0.01709259259259252 0.006010416666666707
0 0.9567499999999999 0.5666822916666666 0.013009259259259427 0.008630208333333477
0 0.9882129629629629 0.5789166666666666 0.017287037037037104 0.006229166666666686
0 0.942287037037037 0.5690312499999999 0.010490740740740674 0.00895833333333318
0 0.930537037037037 0.5737864583333334 0.013009259259259111 0.007317708333333428
0 0.9222777777777778 0.5584374999999999 0.010101851851851822 0.012015625000000085
0 0.9231574074074074 0.5256666666666666 0.018064814814814808 0.006119791666666608
0 0.8238148148148148 0.518015625 0.010879629629629524 0.010921875000000015
0 0.8104166666666667 0.5194947916666666 0.00932407407407412 0.0086302083333333
0 0.7432222222222221 0.5424895833333332 0.012037037037037143 0.009395833333333315
0 0.810324074074074 0.5585989583333333 0.010685185185185258 0.006229166666666686
0 0.8205185185185185 0.5723125 0.010101851851851822 0.006119791666666608
0 0.7927407407407407 0.5831249999999999 0.011268518518518691 0.0067708333333333925
0 0.8084722222222221 0.54303125 0.010879629629629524 0.005901041666666629
0 0.23810185185185181 0.41933333333333334 0.02104629629629634 0.00848958333333325
0 0.2583611111111111 0.4496041666666667 0.009925925925925977 0.01005208333333325
0 0.4285462962962962 0.45642187500000003 0.009527777777777796 0.009385416666666656
0 0.16442592592592592 0.46267708333333335 0.00714814814814816 0.01072395833333335
0 0.24462037037037038 0.48641145833333327 0.007574074074074054 0.009255208333333265
0 0.263037037037037 0.5158697916666666 0.009925925925925977 0.008229166666666643
0 0.3293888888888889 0.5033072916666667 0.01619444444444448 0.0060260416666666925
0 0.3982777777777778 0.5373489583333333 0.008120370370370406 0.008833333333333294
0 0.2925740740740741 0.561171875 0.013407407407407451 0.007442708333333314
0 0.26187037037037036 0.56146875 0.012703703703703755 0.009432291666666792
0 0.20496296296296296 0.5910989583333334 0.015000000000000015 0.010916666666666686
0 0.2328425925925926 0.604 0.011824074074074058 0.006354166666666572
0 0.18766666666666668 0.6196822916666667 0.0086481481481481 0.009328124999999864
0 0.18916666666666665 0.6396875 0.011296296296296285 0.006057291666666664
0 0.03735185185185185 0.576921875 0.008787037037037029 0.009505208333333393
0 0.04639814814814815 0.5788229166666665 0.007944444444444443 0.007604166666666678
0 0.05087962962962963 0.5728333333333333 0.010138888888888885 0.005515625000000135
0 0.4923055555555556 0.6025833333333332 0.009500000000000045 0.003791666666666771
0 0.5757592592592593 0.6310572916666667 0.00881481481481485 0.010401041666666621
0 0.5892314814814815 0.6337291666666667 0.0057037037037037264 0.0060260416666666925
0 0.6674814814814815 0.6126666666666666 0.01086111111111118 0.007588541666666693
0 0.7521388888888888 0.6479322916666665 0.0070092592592592 0.008765625000000022
0 0.7848703703703702 0.6574635416666667 0.0077962962962964686 0.0076718749999999504
0 0.8317129629629628 0.6613541666666667 0.010324074074074159 0.005807291666666714
0 0.8658055555555555 0.6762552083333333 0.00954629629629614 0.006682291666666629
0 0.8277222222222222 0.6673281249999999 0.01168518518518498 0.0037239583333333213
0 0.8967777777777777 0.6616822916666667 0.008379629629629588 0.0060260416666666925
0 0.9048703703703703 0.6681510416666666 0.008962962962963021 0.007781250000000029
0 0.8851944444444443 0.6850260416666666 0.012462962962962997 0.004713541666666821
0 0.8620092592592592 0.6904479166666666 0.009351851851851873 0.009203124999999979
0 0.8470092592592592 0.6932395833333332 0.018314814814814895 0.006244791666666494
0 0.8079537037037038 0.6923125 0.01071296296296301 0.006572916666666551
0 0.7589537037037036 0.6845833333333333 0.012462962962962997 0.005807291666666714
0 0.7481481481481481 0.6896822916666666 0.012666666666666831 0.0050416666666665225
0 0.7236944444444444 0.7017343749999999 0.010518518518518425 0.004161458333333279
0 0.6885833333333333 0.7152916666666667 0.014083333333333314 0.006270833333333314
0 0.6589444444444443 0.7327291666666665 0.01506481481481485 0.004401041666666572
0 0.6498518518518518 0.7442864583333333 0.013305555555555454 0.0035208333333335063
0 0.6902407407407408 0.7404322916666667 0.013888888888888888 0.005062499999999836
0 0.6991481481481482 0.7458802083333332 0.012518518518518502 0.00560937500000005
0 0.7416944444444444 0.7301458333333334 0.012324074074073918 0.007151041666666735
0 0.7202685185185184 0.7430208333333332 0.01643518518518508 0.006270833333333314
0 0.7122499999999999 0.7586979166666666 0.012907407407407432 0.008583333333333342
0 0.7434537037037037 0.7502812499999999 0.010759259259259264 0.00560937500000005
0 0.7645833333333333 0.725140625 0.012712962962963086 0.006380208333333392
0 0.7875648148148148 0.7396093749999999 0.014472222222222324 0.0045104166666666504
0 0.7733796296296295 0.7543020833333334 0.010268518518518337 0.005052083333333179
0 0.7776388888888889 0.764640625 0.01481481481481492 0.009583333333333322
0 0.7881388888888889 0.772875 0.008287037037037079 0.00649999999999995
0 0.7718518518518519 0.7729166666666666 0.006851851851851936 0.006041666666666679
0 0.7625 0.775 0.01018518518518508 0.006458333333333321
0 0.7468055555555555 0.77015625 0.009722222222222222 0.004583333333333428
0 0.7694907407407408 0.7844010416666667 0.013981481481481397 0.003802083333333428
0 0.7491666666666666 0.7969010416666666 0.010740740740740762 0.004635416666666714
0 0.7366203703703702 0.7972135416666667 0.006944444444444444 0.004114583333333322
0 0.7255092592592591 0.7976302083333333 0.011018518518518603 0.004114583333333322
0 0.7168055555555555 0.7890885416666666 0.008055555555555493 0.004531249999999964
0 0.7097222222222223 0.7854687499999999 0.009629629629629714 0.004999999999999893
0 0.6925 0.7920052083333333 0.008333333333333333 0.003177083333333286
0 0.6775925925925925 0.79734375 0.007222222222222127 0.0048958333333333215
0 0.6712037037037036 0.7896875 0.005925925925926063 0.0078125
0 0.6631944444444444 0.7952343749999999 0.01046296296296292 0.006927083333333428
0 0.6558333333333333 0.7922916666666666 0.00870370370370384 0.003125
0 0.6530555555555555 0.8032031249999999 0.008888888888888858 0.003489583333333357
0 0.6652314814814815 0.8140625 0.008611111111111016 0.0041666666666667854
0 0.6256944444444444 0.8151822916666667 0.011574074074074127 0.003697916666666501
0 0.6210648148148148 0.798046875 0.015833333333333303 0.005677083333333411
0 0.6025462962962963 0.8126562499999999 0.009537037037037047 0.0076041666666665005
0 0.5814351851851852 0.8234375 0.0117592592592593 0.006145833333333428
0 0.5704166666666666 0.8015364583333333 0.010648148148148096 0.005572916666666572
0 0.5421296296296296 0.7962239583333333 0.011666666666666634 0.005156250000000107
0 0.5289814814814814 0.7971354166666667 0.011111111111111112 0.004375000000000106
0 0.5101388888888889 0.7978124999999999 0.008796296296296349 0.005937500000000107
0 0.6696296296296296 0.7725208333333333 0.012685185185185174 0.005317708333333293
0 0.6586851851851852 0.779109375 0.013333333333333365 0.004807291666666736
0 0.6667777777777778 0.7649479166666666 0.013462962962962876 0.006479166666666636
0 0.643537037037037 0.7742291666666666 0.00945370370370379 0.006265625000000163
0 0.6346666666666667 0.7803854166666666 0.007768518518518558 0.004880208333333335
0 0.6112314814814814 0.7783072916666666 0.011138888888888863 0.0043697916666666
0 0.6181574074074074 0.7509635416666666 0.007638888888888889 0.006479166666666636
0 0.5430185185185186 0.7651145833333333 0.014481481481481574 0.004932291666666621
0 0.53625 0.7702083333333333 0.008953703703703771 0.008468750000000113
0 0.5166296296296297 0.773796875 0.013907407407407391 0.004932291666666621
0 0.5192962962962963 0.7624375000000001 0.0161944444444444 0.004713541666666821
0 0.46115740740740735 0.7558072916666667 0.004907407407407366 0.0032812500000000354
0 0.46430555555555547 0.75953125 0.009166666666666698 0.006562499999999893
0 0.41856481481481483 0.7684114583333332 0.008240740740740667 0.004531249999999964
0 0.4421296296296296 0.7808072916666667 0.012222222222222317 0.005156250000000107
0 0.4090925925925925 0.7901875 0.014194444444444482 0.004791666666666572
0 0.4069907407407407 0.80621875 0.009768518518518477 0.005942708333333257
0 0.4131851851851852 0.8101458333333333 0.010787037037037015 0.005619791666666529
0 0.4434444444444444 0.8233697916666666 0.010675925925925847 0.004343749999999957
0 0.47025 0.8258281249999999 0.010898148148148185 0.006453124999999815
0 0.4666666666666667 0.8126406249999999 0.007379629629629707 0.004984375000000085
0 0.47161111111111104 0.8142031249999999 0.00726851851851854 0.007218750000000185
0 0.35686111111111113 0.8121302083333333 0.012601851851851878 0.006005208333333556
0 0.3421481481481481 0.7985885416666665 0.009083333333333284 0.006515625000000025
0 0.35055555555555556 0.7942760416666667 0.010898148148148105 0.006067708333333322
0 0.3513518518518518 0.7807031249999999 0.0065833333333333455 0.006005208333333378
0 0.33068518518518514 0.7795833333333333 0.009537037037036969 0.005812499999999865
0 0.3282962962962963 0.7888124999999999 0.012490740740740748 0.0054947916666668204
0 0.3213148148148148 0.793125 0.009879629629629565 0.004916666666666636
0 0.3064351851851852 0.8032499999999999 0.014879629629629677 0.005494791666666643
0 0.2971296296296296 0.7991302083333333 0.008740740740740764 0.006197916666666714
0 0.22115740740740739 0.7769322916666667 0.009129629629629616 0.00649999999999995
0 0.3858425925925925 0.7695208333333333 0.007101851851851867 0.007416666666666493
0 0.49890740740740747 0.8283958333333332 0.009009259259259276 0.005744791666666771
0 0.5246574074074074 0.8164895833333332 0.013361111111111117 0.00625
0 0.7891666666666666 0.7192760416666666 0.008305555555555582 0.007192708333333364
0 0.7999814814814815 0.72628125 0.015425925925926107 0.003411458333333428
0 0.8038703703703703 0.7389270833333332 0.013185185185185194 0.005265625000000007
0 0.8336018518518518 0.75628125 0.009620370370370463 0.0074895833333334496
0 0.8459907407407405 0.7262083333333333 0.013583333333333296 0.004302083333333507
0 0.8751944444444444 0.735296875 0.011074074074074108 0.006005208333333378
0 0.8975462962962963 0.7272083333333332 0.012000000000000139 0.006895833333333279
0 0.8894351851851852 0.7187552083333333 0.012916666666666604 0.006156250000000085
0 0.8824444444444443 0.7156770833333332 0.009759259259259226 0.0048958333333333215
0 0.8626851851851852 0.7065104166666666 0.011296296296296443 0.0035416666666668204
0 0.9360277777777777 0.6928593749999999 0.013814814814814882 0.004984375000000085
0 0.9456388888888887 0.68103125 0.013212962962962945 0.004645833333333372
0 0.9522407407407407 0.6697135416666666 0.009611111111111213 0.009713541666666714
0 0.9690648148148147 0.643703125 0.010212962962963147 0.006843749999999993
0 0.9785185185185185 0.6329739583333333 0.012314814814814983 0.007177083333333378
0 0.9810740740740739 0.6229687499999998 0.013814814814814882 0.0043906249999999146
0 0.9702592592592593 0.6190833333333334 0.013509259259259289 0.005406250000000057
0 0.9539722222222221 0.6257135416666666 0.01186111111111106 0.003802083333333428
0 0.9455648148148147 0.6377916666666665 0.007361111111111048 0.005489583333333314
0 0.934675925925926 0.6339479166666667 0.012916666666666604 0.00490104166666665
0 0.9218425925925926 0.6332708333333333 0.009759259259259226 0.0032083333333332575
0 0.8922592592592592 0.632765625 0.009759259259259226 0.0043906249999999146
0 0.8983425925925925 0.6208541666666666 0.008111111111110998 0.006083333333333307
0 0.9936296296296294 0.5875625 0.008694444444444432 0.0038437500000000568
0 0.8349629629629629 0.6269479166666667 0.009935185185185307 0.0064635416666666504
0 0.7832777777777779 0.5981041666666667 0.01416666666666673 0.0033177083333333357
0 0.6889907407407407 0.4934374999999999 0.014722222222222255 0.0063333333333334355
0 0.48670370370370364 0.4927083333333333 0.016749999999999925 0.010729166666666679
0 0.49274999999999997 0.5394270833333333 0.01210185185185174 0.007854166666666629