0 0.33522222222222225 0.2733645833333333 0.01992592592592588 0.006427083333333261
0 0.4190277777777778 0.29808854166666665 0.01700000000000001 0.005109374999999972
0 0.4790925925925925 0.27715625 0.017583333333333288 0.005770833333333325
0 0.5063518518518518 0.271796875 0.017583333333333288 0.004286458333333343
0 0.5842962962962962 0.27797916666666667 0.025787037037036952 0.008734374999999961
0 0.5857592592592593 0.2923177083333333 0.02285185185185191 0.006427083333333261
0 0.606712962962963 0.313171875 0.027250000000000007 0.0069218750000000105
0 0.5987962962962963 0.3245416666666666 0.027250000000000007 0.006265624999999986
0 0.6087592592592592 0.2613333333333333 0.016120370370370393 0.009723958333333282
0 0.47983333333333333 0.24699479166666666 0.023148148148148095 0.008406249999999994
0 0.6311759259259259 0.2688333333333333 0.01992592592592596 0.008901041666666654
0 0.6735185185185184 0.27303645833333334 0.01494444444444459 0.009067708333333346
0 0.7592314814814815 0.29660416666666667 0.022268518518518476 0.006427083333333261
0 0.6802592592592592 0.32940625 0.013185185185185194 0.009395833333333315
0 0.7656759259259259 0.32825 0.01406481481481497 0.011041666666666661
0 0.804648148148148 0.3252864583333333 0.019342592592592685 0.011703125000000014
0 0.6604814814814814 0.3659166666666666 0.017583333333333288 0.010546875
0 0.5560185185185185 0.3453125 0.015527777777777708 0.0069218750000000105
0 0.6858240740740741 0.39064062499999996 0.02842592592592597 0.011869791666666619
0 0.6751296296296296 0.4203072916666667 0.021101851851851764 0.007911458333333421
0 0.5188148148148148 0.43624479166666663 0.02088888888888884 0.008093749999999922
0 0.4192592592592593 0.42061979166666663 0.01135185185185179 0.0048437500000000355
0 0.8981759259259259 0.38769270833333336 0.009379629629629625 0.012802083333333325
0 0.8732222222222222 0.3978541666666667 0.011777777777777804 0.014937500000000048
0 0.8200092592592593 0.38718749999999996 0.007185185185185282 0.0061770833333333105
0 0.817212962962963 0.4157708333333333 0.011981481481481638 0.012354166666666621
0 0.8925833333333333 0.4474427083333333 0.017768518518518465 0.01033333333333335
0 0.9094537037037036 0.4264374999999999 0.019962962962962807 0.008088541666666593
0 0.9818611111111112 0.4923020833333333 0.012518518518518502 0.006885416666666621
0 0.9857499999999999 0.515453125 0.01529629629629628 0.010010416666666622
0 0.9263796296296296 0.4819010416666666 0.007787037037037218 0.009229166666666622
0 0.9373611111111111 0.48589062499999996 0.008064814814814743 0.009385416666666656
0 0.9394444444444444 0.5070885416666666 0.00889814814814795 0.009854166666666764
0 0.9371574074074074 0.5158958333333332 0.009509259259259138 0.00997916666666665
0 0.9074351851851851 0.5287447916666667 0.008962962962963021 0.007807291666666672
0 0.8917499999999999 0.5336666666666667 0.009175925925926106 0.009723958333333371
0 0.9363611111111111 0.5517395833333333 0.01900000000000009 0.008645833333333287
0 0.8652777777777778 0.5597239583333333 0.0117407407407408 0.010927083333333342
0 0.8524722222222222 0.5020260416666666 0.018148148148148063 0.007682291666666607
0 0.7955833333333332 0.51721875 0.008962962962963021 0.009005208333333315
0 0.7560925925925925 0.4998697916666666 0.010249999999999836 0.009604166666666636
0 0.7002685185185185 0.5338177083333333 0.00840740740740734 0.00977083333333333
0 0.6823425925925926 0.5631197916666666 0.011768518518518551 0.010401041666666621
0 0.6306759259259259 0.5206770833333334 0.016712962962962923 0.0076197916666666645
0 0.5778333333333333 0.5143697916666666 0.015351851851851785 0.008223958333333314
0 0.2446574074074074 0.34066145833333333 0.014472222222222244 0.011458333333333303
0 0.22828703703703704 0.3226510416666667 0.02065740740740741 0.0049947916666666535
0 0.17157407407407407 0.3340416666666667 0.01466666666666665 0.010807291666666696
0 0.1738888888888889 0.354609375 0.02296296296296296 0.004843749999999947
0 0.13458333333333333 0.3684270833333333 0.016796296296296295 0.006500000000000039
0 0.09977777777777778 0.36903125 0.008731481481481475 0.010281249999999974
0 0.10968518518518518 0.38584375 0.015453703703703702 0.007822916666666657
0 0.1624722222222222 0.39113020833333334 0.014416666666666661 0.009124999999999961
0 0.1095462962962963 0.42901041666666667 0.01506481481481481 0.008953125000000029
0 0.0761574074074074 0.4387604166666666 0.017046296296296285 0.007354166666666551
0 0.025009259259259262 0.44859374999999996 0.0125 0.008791666666666665
0 0.040212962962962964 0.4644166666666666 0.021879629629629624 0.007510416666666764
0 0.03551851851851851 0.4837552083333333 0.015342592592592593 0.009750000000000014
0 0.01576851851851852 0.48871354166666664 0.013351851851851853 0.008473958333333264
0 0.07899999999999999 0.5029375 0.019324074074074084 0.013906249999999964
0 0.043472222222222225 0.5103697916666666 0.009092592592592583 0.009911458333333378
0 0.025657407407407407 0.5169947916666666 0.017462962962962958 0.006395833333333378
0 0.004629629629629629 0.516921875 0.009259259259259259 0.004760416666666778
0 0.07750925925925925 0.5220520833333333 0.013222222222222217 0.006697916666666614
0 0.10594444444444445 0.5380520833333333 0.010314814814814829 0.010713541666666692
0 0.1411296296296296 0.5272604166666667 0.008731481481481475 0.009671874999999908
0 0.16704629629629628 0.5441510416666666 0.01772222222222221 0.006546875000000086
0 0.08822222222222222 0.5989947916666666 0.010240740740740743 0.010562500000000164
0 0.021203703703703704 0.5989947916666666 0.009962962962962962 0.010244791666666763
0 0.01693518518518518 0.612203125 0.009388888888888886 0.00912500000000005
0 0.05819444444444445 0.62196875 0.022481481481481484 0.006562499999999893
0 0.09860185185185184 0.6371770833333333 0.00996296296296294 0.01072395833333335
0 0.15580555555555556 0.6431770833333333 0.017361111111111112 0.008005208333333336
0 0.21641666666666665 0.6406979166666666 0.014509259259259248 0.006885416666666621
0 0.028601851851851854 0.6504635416666666 0.011666666666666665 0.013286458333333506
0 0.04069444444444444 0.6492604166666667 0.010814814814814817 0.014406249999999865
0 0.046240740740740735 0.6666302083333333 0.017925925925925925 0.006885416666666621
0 0.09618518518518518 0.6691874999999999 0.009101851851851863 0.012645833333333379
0 0.0850925925925926 0.682234375 0.017648148148148152 0.006723958333333257
0 0.22783333333333333 0.6882343750000001 0.015592592592592543 0.011166666666666636
0 0.22471296296296295 0.7016302083333333 0.018435185185185235 0.006380208333333392
0 0.17934259259259258 0.72109375 0.00878703703703704 0.010526041666666685
0 0.15637962962962962 0.7356874999999999 0.018435185185185197 0.006218750000000028
0 0.1873240740740741 0.7648697916666667 0.010351851851851833 0.012973958333333258
0 0.2339259259259259 0.7802239583333332 0.006592592592592597 0.009000000000000164
0 0.25075 0.7699635416666666 0.015768518518518466 0.007546874999999886
0 0.2827592592592592 0.7511666666666666 0.014824074074074092 0.012578125000000107
0 0.2875833333333333 0.7973020833333333 0.011768518518518551 0.012177083333333361
0 0.3547685185185184 0.81715625 0.008703703703703642 0.007942708333333215
0 0.36557407407407405 0.8124062499999999 0.01776851851851862 0.0035000000000000144
0 0.38834259259259263 0.8008802083333333 0.008824074074074102 0.0075885416666667815
0 0.38918518518518513 0.8137968749999999 0.012064814814814737 0.006276041666666643
0 0.4216851851851852 0.8205885416666666 0.019666666666666624 0.006109375000000128
0 0.3822962962962963 0.7733437499999999 0.01799074074074064 0.007796874999999837
0 0.40648148148148144 0.7808072916666667 0.013268518518518608 0.008124999999999893
0 0.46677777777777774 0.7745052083333333 0.017694444444444457 0.007796874999999837
0 0.49774074074074065 0.7544322916666666 0.021231481481481594 0.007130208333333421
0 0.4897685185185185 0.77575 0.019620370370370368 0.006479166666666636
0 0.4607685185185185 0.7866666666666667 0.018194444444444475 0.005760416666666579
0 0.49718518518518523 0.79821875 0.013685185185185213 0.006494791666666622
0 0.5403796296296296 0.7853489583333333 0.01582407407407405 0.006255208333333507
0 0.511398148148148 0.8047135416666666 0.015611111111110966 0.004088541666666501
0 0.5386666666666666 0.8043541666666666 0.014972222222222342 0.0060156250000002135
0 0.5465833333333333 0.8206510416666667 0.01069444444444435 0.008781250000000185
0 0.48499074074074067 0.8330416666666667 0.01453703703703708 0.004692708333333328
0 0.5826111111111112 0.795453125 0.007916666666666572 0.007937499999999886
0 0.587212962962963 0.8034479166666666 0.012833333333333188 0.005411458333333385
0 0.6295462962962962 0.7819166666666666 0.01711111111111118 0.009260416666666771
0 0.6233518518518518 0.7941874999999999 0.01453703703703708 0.00372916666666665
0 0.6206759259259259 0.8069374999999999 0.010907407407407435 0.004208333333333414
0 0.6390648148148148 0.8044114583333333 0.008342592592592584 0.004692708333333328
0 0.6560648148148147 0.8069374999999999 0.01711111111111118 0.0056510416666665005
0 0.6561759259259259 0.7944895833333334 0.019462962962962946 0.005052083333333179
0 0.6974444444444444 0.7964114583333333 0.016037037037036978 0.006979166666666714
0 0.7530185185185184 0.782171875 0.01416666666666673 0.0035572916666666288
0 0.7484629629629629 0.7664427083333333 0.01720370370370353 0.006546875000000086
0 0.6908981481481481 0.7491510416666666 0.01594444444444447 0.005552083333333258
0 0.6778703703703703 0.7242447916666667 0.01518518518518527 0.005833333333333179
0 0.7497314814814814 0.7291510416666667 0.018222222222222386 0.0071145833333332575
0 0.7741481481481481 0.7520677083333334 0.009361111111111124 0.006260416666666657
0 0.7854074074074074 0.730578125 0.012148148148148153 0.0056927083333333075
0 0.7570648148148147 0.7157760416666666 0.007592592592592635 0.011671874999999865
0 0.8357592592592593 0.7231041666666667 0.007592592592592635 0.006119791666666608
0 0.8062777777777778 0.7035364583333333 0.021509259259259277 0.006546875000000086
0 0.8186759259259259 0.6940677083333332 0.011888888888888813 0.0075416666666667355
0 0.8926851851851852 0.70865625 0.020750000000000077 0.006546875000000086
0 0.7287222222222222 0.6542864583333333 0.01619444444444456 0.004838541666666707
0 0.7188611111111111 0.6780572916666665 0.011129629629629613 0.008541666666666715
0 0.9091388888888888 0.657109375 0.011287037037037193 0.011822916666666572
0 0.8710833333333332 0.6483385416666666 0.009953703703703808 0.009458333333333258
0 0.8626018518518518 0.6436093749999999 0.015898148148148217 0.007781250000000029
0 0.8481851851851852 0.6630052083333333 0.007953703703703734 0.006239583333333343
0 0.8469814814814813 0.6545260416666666 0.009611111111111213 0.008010416666666664
0 0.8525740740740739 0.6242395833333333 0.008314814814814832 0.0057343750000001135
0 0.8348703703703703 0.6231822916666666 0.006703703703703607 0.008151041666666714
0 0.9201944444444444 0.6057499999999999 0.014222222222222235 0.010713541666666692
0 0.8788703703703703 0.5794895833333332 0.01529629629629628 0.01252604166666682
0 0.9564166666666667 0.5910364583333333 0.008314814814814832 0.010562500000000164
0 0.9796296296296295 0.6003177083333332 0.010194444444444646 0.008906249999999893
0 0.2665 0.47072916666666664 0.018166666666666643 0.010802083333333278
0 0.28336111111111106 0.514375 0.013490740740740787 0.012260416666666708
0 0.3067129629629629 0.5675052083333332 0.013490740740740787 0.012843749999999866
0 0.3087962962962963 0.611875 0.025944444444444454 0.009927083333333364
0 0.5381851851851852 0.6509947916666666 0.025944444444444374 0.009343750000000029
0 0.43023148148148144 0.6420885416666666 0.013490740740740787 0.010218749999999943
0 0.39624074074074067 0.6714270833333333 0.010898148148148185 0.008755208333333365
0 0.5246851851851851 0.7201822916666666 0.015564814814814712 0.012260416666666708
0 0.7166018518518518 0.4653958333333333 0.011092592592592609 0.006046875000000007
0 0.43825 0.5213125 0.00957407407407405 0.00997916666666665
0 0.3494351851851851 0.43598958333333326 0.012944444444444474 0.0032343750000000783