0 0.22757054673721339 0.2379613095238095 0.03313932980599645 0.020605158730158734
0 0.12991622574955908 0.29627976190476185 0.023972663139329796 0.010324900793650827
0 0.320379188712522 0.2650372023809524 0.03261022927689597 0.009312996031746045
0 0.6009215167548501 0.28998015873015875 0.01974426807760147 0.01120287698412703
0 0.7706746031746031 0.2694990079365079 0.029263668430334948 0.011512896825396801
0 0.8195061728395062 0.3042609126984127 0.01974426807760147 0.01833581349206348
0 0.880758377425044 0.31507192460317457 0.012865961199294576 0.02249503968253963
0 0.1484259259259259 0.49532490079365077 0.027500000000000017 0.011014384920634867
0 0.2204320987654321 0.5377752976190476 0.019215167548500903 0.013370535714285658
0 0.43487213403880065 0.6327703373015872 0.018686067019400336 0.010781250000000141
0 0.3810185185185185 0.6699652777777778 0.029440035273368578 0.009766865079365061
0 0.442363315696649 0.6830084325396825 0.019567901234568 0.01045386904761898
0 0.4270282186948854 0.6670386904761905 0.023796296296296284 0.008678075396825413
0 0.493042328042328 0.6533531746031745 0.022208994708994585 0.008288690476190474
0 0.47647266313932984 0.6531076388888889 0.015158730158730154 0.012043650793650862
0 0.5218650793650793 0.6681299603174603 0.02626543209876549 0.012445436507936591
0 0.6926940035273368 0.6611532738095238 0.013430335097001804 0.008385416666666678
0 0.5510097001763669 0.5551438492063492 0.010485008818342263 0.012361111111111179
0 0.2507363315696649 0.5873933531746032 0.008862433862433822 0.007589285714285765
0 0.25535273368606703 0.6514112103174602 0.008024691358024683 0.007760416666666714