0 0.4053333333333333 0.7185572916666667 0.01375925925925922 0.005869791666666657
0 0.31331481481481477 0.6510520833333333 0.00996296296296298 0.007468750000000135
0 0.1610462962962963 0.5724739583333334 0.023240740740740763 0.01040624999999995
0 0.17598148148148146 0.37955729166666663 0.016129629629629626 0.00880729166666674
0 0.4793333333333333 0.4865572916666666 0.01186111111111106 0.0050677083333333425
0 0.5421851851851851 0.5268437499999999 0.014231481481481328 0.0050677083333333425
0 0.6958796296296296 0.5075 0.015175925925926018 0.008005208333333336
0 0.9759907407407407 0.517375 0.010907407407407593 0.009604166666666636
0 0.9406481481481481 0.4816197916666667 0.012333333333333169 0.009604166666666636
0 0.9074444444444443 0.48321875 0.008537037037037168 0.009604166666666636
0 0.5433703703703704 0.33780208333333334 0.006166666666666742 0.005869791666666657
0 0.5746851851851852 0.3920989583333333 0.008064814814814901 0.004536458333333382
0 0.5270462962962963 0.18668749999999998 0.014333333333333403 0.011161458333333308
0 0.8306018518518518 0.6582395833333333 0.021046296296296417 0.0072864583333332785
0 0.8994074074074073 0.6241979166666667 0.019425925925925944 0.007057291666666821
0 0.8753240740740741 0.5870885416666667 0.013361111111111275 0.010244791666666763
0 0.6806296296296297 0.5739947916666666 0.013361111111111117 0.006374999999999886