0 0.6582407407407407 0.23358854166666668 0.017027777777777923 0.007661458333333382
0 0.7438148148148147 0.24755729166666668 0.0053888888888887244 0.008781250000000008
0 0.7181296296296296 0.249953125 0.019305555555555444 0.009098958333333318
0 0.7042222222222222 0.24923437499999998 0.009648148148148215 0.014052083333333344
0 0.5963611111111111 0.230953125 0.015898148148148217 0.006229166666666686
0 0.623898148148148 0.23813541666666665 0.008518518518518509 0.005270833333333336
0 0.6129629629629629 0.25242708333333336 0.015611111111110966 0.006385416666666632
0 0.7710648148148148 0.27653645833333335 0.012203703703703658 0.008942708333333372
0 0.7774537037037037 0.28627604166666665 0.013620370370370298 0.008302083333333331
0 0.6126851851851852 0.2771770833333333 0.0161759259259259 0.007984374999999932
0 0.7476481481481481 0.30839062500000003 0.014759259259259415 0.010057291666666668
0 0.721111111111111 0.31709375 0.008796296296296191 0.009260416666666682
0 0.7895185185185184 0.310546875 0.013907407407407391 0.007343749999999982
0 0.803425925925926 0.3184479166666666 0.009935185185185307 0.011338541666666656
0 0.7592870370370369 0.330984375 0.013620370370370298 0.008619791666666644
0 0.8129351851851851 0.33249999999999996 0.007944444444444483 0.008463541666666696
0 0.8487037037037036 0.32571354166666666 0.008518518518518666 0.004468749999999933
0 0.8743888888888888 0.329546875 0.012203703703703658 0.007984374999999932
0 0.8796388888888887 0.33776562499999996 0.011351851851851948 0.009098958333333318
0 0.8383425925925925 0.3521354166666667 0.011638888888888725 0.010057291666666668
0 0.699537037037037 0.33896354166666665 0.01504629629629635 0.007026041666666672
0 0.5112222222222222 0.20269270833333333 0.022814814814814906 0.006416666666666693
0 0.40822222222222215 0.22729166666666661 0.01451851851851842 0.005833333333333357
0 0.44606481481481475 0.24712499999999998 0.0169351851851851 0.004666666666666685
0 0.429824074074074 0.2443020833333333 0.014861111111111016 0.0056406250000000215
0 0.3608611111111111 0.22554166666666667 0.015212962962962904 0.012057291666666626
0 0.32543518518518516 0.23205208333333333 0.011407407407407453 0.00408333333333335
0 0.28218518518518515 0.24757291666666664 0.007009259259259279 0.005296874999999979
0 0.27594444444444444 0.25237499999999996 0.01685185185185192 0.0045572916666666964
0 0.24857407407407403 0.24517187499999998 0.0076574074074073906 0.01182291666666666
0 0.19932407407407407 0.2779270833333333 0.008972222222222194 0.010098958333333385
0 0.23008333333333333 0.307234375 0.017509259259259283 0.008619791666666644
0 0.2088425925925926 0.338203125 0.009194444444444451 0.011697916666666686
0 0.14831481481481482 0.330875 0.010287037037037037 0.010098958333333385
0 0.15696296296296297 0.30803125 0.010944444444444439 0.009973958333333411
0 0.14196296296296296 0.29916666666666664 0.011601851851851839 0.012192708333333347
0 0.15564814814814815 0.2821145833333333 0.01225925925925928 0.010098958333333385
0 0.11613888888888889 0.31868749999999996 0.007222222222222246 0.009848958333333347
0 0.1059537037037037 0.34300520833333337 0.0131388888888889 0.006281249999999972
0 0.12718518518518518 0.3612916666666666 0.017509259259259283 0.008864583333333353
0 0.25678703703703704 0.387953125 0.007879629629629648 0.009973958333333411
0 0.13889814814814813 0.39010416666666664 0.010731481481481472 0.011328125
0 0.09741666666666665 0.38327083333333334 0.01838888888888887 0.005786458333333311
0 0.06676851851851852 0.4022343749999999 0.012259259259259261 0.014161458333333377
0 0.07738888888888888 0.39694270833333334 0.011166666666666675 0.004307291666666657
0 0.1697685185185185 0.4120260416666667 0.018166666666666664 0.010098958333333385
0 0.20446296296296293 0.41984374999999996 0.012694444444444425 0.011453125000000064
0 0.1595925925925926 0.4284010416666666 0.01620370370370369 0.005171875000000092
0 0.1300925925925926 0.42843749999999997 0.008148148148148158 0.009166666666666679
0 0.11324074074074074 0.43283854166666663 0.012037037037037063 0.009427083333333286
0 0.09410185185185185 0.42328124999999994 0.00815740740740741 0.011380208333333286
0 0.03967592592592593 0.4320989583333333 0.013620370370370368 0.010947916666666658
0 0.023018518518518515 0.4842291666666666 0.009787037037037037 0.01100520833333345
0 0.06545370370370371 0.5575416666666666 0.012944444444444436 0.009062500000000107
0 0.11738888888888889 0.5637760416666666 0.025314814814814804 0.00954687500000002
0 0.15062037037037035 0.5338333333333333 0.010648148148148136 0.009869791666666572
0 0.20902777777777778 0.5441927083333333 0.01812962962962964 0.009223958333333292
0 0.22916666666666666 0.5759114583333333 0.018703703703703747 0.006635416666666494
0 0.0727962962962963 0.591125 0.017842592592592608 0.008901041666666743
0 0.07264814814814814 0.5993802083333333 0.01697222222222224 0.007932291666666735
0 0.08976851851851851 0.6068229166666665 0.008055555555555542 0.011166666666666636
0 0.09727777777777777 0.6053645833333332 0.012398148148148122 0.010354166666666664
0 0.12867592592592592 0.6092916666666666 0.012787037037037052 0.009046874999999944
0 0.11879629629629629 0.6238958333333333 0.012018518518518522 0.0077395833333333995
0 0.11007407407407407 0.6336510416666666 0.006203703703703706 0.006541666666666579
0 0.10551851851851851 0.640359375 0.006787037037037062 0.007958333333333378
0 0.11500925925925924 0.6423177083333333 0.008722222222222223 0.009046874999999944
0 0.12605555555555553 0.6464062499999998 0.009111111111111075 0.009593749999999979
0 0.15571296296296294 0.6555104166666667 0.012981481481481478 0.011661458333333208
0 0.2627777777777778 0.5729270833333333 0.016407407407407405 0.012395833333333429
0 0.21003703703703702 0.6504583333333334 0.011249999999999953 0.007119791666666764
0 0.2039444444444444 0.6682604166666666 0.01594444444444447 0.012656250000000036
0 0.2437962962962963 0.6679947916666666 0.015000000000000015 0.008968749999999836
0 0.22785185185185186 0.6937083333333334 0.015000000000000015 0.007119791666666764
0 0.2177685185185185 0.7035989583333333 0.0051574074074073745 0.00685416666666665
0 0.23535185185185184 0.7194218749999999 0.008435185185185172 0.007385416666666522
0 0.26418518518518513 0.7148072916666667 0.01453703703703708 0.006593749999999865
0 0.30403703703703705 0.7134895833333333 0.010787037037037015 0.007119791666666764
0 0.31787037037037036 0.7199479166666667 0.009379629629629625 0.00685416666666665
0 0.39264814814814814 0.6996458333333333 0.02765740740740736 0.005802083333333208
0 0.41280555555555554 0.7076874999999999 0.008907407407407359 0.010286458333333392
0 0.3851481481481481 0.728390625 0.02297222222222217 0.004744791666666792
0 0.3461666666666667 0.7253385416666667 0.012324074074073998 0.0053072916666666355
0 0.3219166666666667 0.7293958333333334 0.010481481481481501 0.007223958333333336
0 0.2894074074074074 0.7378750000000001 0.013111111111111108 0.008848958333333278
0 0.3384259259259259 0.7366197916666666 0.017305555555555605 0.0039791666666666005
0 0.3911203703703704 0.7607291666666666 0.016249999999999907 0.007374999999999865
0 0.4324074074074074 0.7680989583333333 0.010222222222222242 0.009140625000000036
0 0.4607222222222222 0.7700937499999999 0.017037037037037017 0.006635416666666494
0 0.4756666666666667 0.720765625 0.010750000000000013 0.005895833333333478
0 0.5012222222222222 0.7473124999999999 0.017305555555555605 0.004421874999999886
0 0.5543055555555555 0.7479010416666666 0.01389814814814814 0.01061458333333345
0 0.5417222222222222 0.740234375 0.01965740740740737 0.007078125000000135