0 0.8502962962962963 0.7499010416666666 0.01694444444444451 0.01548437499999995
0 0.8119722222222221 0.7401510416666666 0.014907407407407428 0.013666666666666494
0 0.7460092592592592 0.7657291666666667 0.013620370370370298 0.0072864583333332785
0 0.7270740740740741 0.7256406249999999 0.012296296296296166 0.010463541666666742
0 0.6024907407407407 0.7206875 0.022259259259259225 0.010651041666666573
0 0.5247499999999999 0.7807708333333332 0.018935185185185173 0.006354166666666572
0 0.5764074074074074 0.8008593749999999 0.017944444444444544 0.007661458333333382
0 0.8097962962962962 0.6393958333333334 0.012953703703703606 0.004296875
0 0.8923611111111112 0.641453125 0.007972222222222235 0.004671874999999837
0 0.37132407407407403 0.7649791666666667 0.014666666666666748 0.004520833333333307
0 0.37558333333333327 0.7725624999999999 0.015611111111111124 0.009046874999999944
0 0.37487962962962956 0.7895885416666666 0.008518518518518509 0.008781250000000008
0 0.35890740740740734 0.7893229166666667 0.012064814814814777 0.005854166666666494
0 0.3496851851851852 0.7819375 0.010166666666666657 0.013703124999999972
0 0.34282407407407406 0.774953125 0.01442592592592599 0.009578124999999993
0 0.32284259259259257 0.7532708333333333 0.01135185185185187 0.005854166666666494
0 0.25662037037037033 0.7571302083333333 0.01608333333333331 0.004255208333333371
0 0.24124074074074073 0.7589218750000001 0.008518518518518509 0.0043906249999999146
0 0.20269444444444445 0.7436927083333333 0.007564814814814803 0.005057291666666686
0 0.20316666666666663 0.7346458333333332 0.013240740740740777 0.007718750000000085
0 0.24420370370370367 0.69140625 0.008277777777777828 0.01091145833333318
0 0.24940740740740738 0.6824947916666667 0.009222222222222283 0.011708333333333343
0 0.23462037037037034 0.6836249999999999 0.009462962962962961 0.007583333333333364
0 0.33325 0.6599427083333332 0.01466666666666667 0.006786458333333379
0 0.42466666666666664 0.641515625 0.012537037037037003 0.006119791666666608
0 0.17726851851851852 0.67484375 0.01159259259259257 0.00997916666666665
0 0.183537037037037 0.6538229166666666 0.01655555555555556 0.007848958333333479
0 0.1315 0.6729114583333333 0.011824074074074058 0.006119791666666608
0 0.13907407407407407 0.6825572916666667 0.024120370370370382 0.007317708333333428
0 0.1499537037037037 0.6878802083333333 0.011824074074074058 0.005187500000000078
0 0.10560185185185185 0.6341979166666667 0.013481481481481497 0.009578124999999993
0 0.1186111111111111 0.5920937499999999 0.012537037037037043 0.009182291666666665
0 0.16200925925925924 0.6038020833333333 0.00993518518518519 0.008114583333333236
0 0.1246388888888889 0.5870364583333332 0.013240740740740739 0.006786458333333379
0 0.14155555555555555 0.5857708333333334 0.013481481481481497 0.006119791666666608
0 0.16863888888888887 0.5784583333333334 0.010879629629629644 0.008781250000000008
0 0.2425462962962963 0.5766614583333334 0.011120370370370362 0.008114583333333236
0 0.17325000000000002 0.5522447916666666 0.013953703703703704 0.013036458333333379
0 0.14297222222222222 0.52071875 0.012064814814814777 0.006916666666666594
0 0.11731481481481482 0.5094739583333333 0.008990740740740735 0.009447916666666778
0 0.2685648148148148 0.510671875 0.010638888888888923 0.013968749999999908
0 0.21818518518518515 0.44135937499999994 0.010638888888888923 0.013703124999999972
0 0.12168518518518516 0.41954166666666665 0.010638888888888883 0.008911458333333223
0 0.14321296296296293 0.42519270833333334 0.014898148148148138 0.0047916666666667496
0 0.3149166666666667 0.4251302083333333 0.01632407407407407 0.008114583333333236
0 0.4413703703703703 0.5092656249999999 0.008879629629629607 0.0078489583333333
0 0.4606111111111111 0.4990364583333333 0.006768518518518521 0.0069010416666666075
0 0.663212962962963 0.444078125 0.011000000000000102 0.011182291666666622
0 0.5966018518518519 0.4505 0.013953703703703645 0.009755208333333343
0 0.33821296296296294 0.36864062499999994 0.012037037037037063 0.004552083333333368
0 0.10321296296296296 0.3549791666666666 0.017407407407407406 0.009557291666666589
0 0.1546111111111111 0.32804687499999996 0.011601851851851839 0.013057291666666604
0 0.17988888888888888 0.32233854166666664 0.007462962962962965 0.009093749999999989
0 0.19771296296296295 0.2613645833333333 0.012435185185185165 0.005130208333333375
0 0.30196296296296293 0.268359375 0.014509259259259248 0.012588541666666675
0 0.36413888888888885 0.24189583333333334 0.011194444444444526 0.007229166666666664
0 0.5044444444444444 0.256703125 0.014092592592592565 0.01072395833333335
0 0.2715 0.232921875 0.01492592592592593 0.008395833333333335
0 0.2957407407407407 0.20983854166666666 0.014509259259259248 0.01026041666666666
0 0.3749166666666667 0.19759895833333332 0.01699074074074076 0.006296875000000002
0 0.5191574074074075 0.18990625 0.012851851851852005 0.01048958333333334
0 0.5813333333333334 0.20354166666666665 0.02113888888888877 0.0055937499999999755
0 0.7543888888888889 0.22720833333333332 0.014092592592592722 0.0048958333333333215
0 0.7239166666666667 0.2796666666666667 0.013675925925925803 0.00489583333333341
0 0.8787314814814814 0.27209374999999997 0.017407407407407365 0.0055937499999999755
0 0.9471296296296298 0.2815364583333333 0.009120370370370286 0.0072291666666667535
0 0.8623611111111111 0.289109375 0.011194444444444368 0.009791666666666643
0 0.8341759259259258 0.32303645833333333 0.013675925925925803 0.009557291666666589
0 0.7425833333333333 0.37881770833333334 0.015046296296296191 0.0057656249999999964
0 0.5897222222222221 0.3240520833333333 0.00894444444444452 0.009078125000000003
0 0.5760925925925926 0.6579583333333333 0.008675925925925773 0.006197916666666714
0 0.9898148148148148 0.38835937499999995 0.015268518518518211 0.009541666666666605