0 0.2309444444444444 0.7676302083333333 0.007296296296296292 0.008921875000000056
0 0.11858333333333333 0.392546875 0.011722222222222219 0.008031250000000068
0 0.8189629629629629 0.6569843750000001 0.008083333333333245 0.008437499999999964
0 0.1941296296296296 0.769578125 0.008750000000000016 0.008812499999999978
0 0.05499999999999999 0.6459270833333333 0.01084259259259258 0.00880729166666665
0 0.2213796296296296 0.6568229166666666 0.012703703703703755 0.010916666666666686
0 0.9061666666666666 0.6440208333333333 0.006888888888888939 0.007776041666666522
0 0.9217129629629629 0.4681145833333333 0.009972222222222311 0.007140625000000078
0 0.07832407407407407 0.6559270833333334 0.015212962962962963 0.006265625000000163
0 0.8318796296296296 0.694640625 0.011694444444444545 0.005958333333333421
0 0.22114814814814815 0.7819375 0.009611111111111133 0.007848958333333479
0 0.19312962962962965 0.6592395833333333 0.01134259259259262 0.010364583333333321
0 0.7936018518518518 0.38243229166666665 0.006657407407407352 0.007062499999999972
0 0.03127777777777778 0.6552604166666666 0.007425925925925923 0.007906249999999915
0 0.40408333333333335 0.8311041666666666 0.010537037037037086 0.0082760416666666
0 0.16664814814814813 0.40483333333333327 0.016490740740740743 0.0073385416666665645
0 0.8910462962962963 0.4209739583333333 0.00791666666666673 0.007880208333333449
0 0.8425555555555555 0.50559375 0.006805555555555366 0.007536458333333407
0 0.26025 0.7290364583333333 0.007435185185185133 0.008307291666666572
0 0.24046296296296296 0.36870312499999996 0.021231481481481435 0.006328125000000018
0 0.12711111111111112 0.5948177083333333 0.01749074074074074 0.008083333333333265
0 0.4854814814814815 0.7623333333333333 0.015129629629629606 0.00838020833333335
0 0.22155555555555553 0.3431197916666666 0.013731481481481466 0.0058958333333333
0 0.9195185185185184 0.4539375 0.008824074074073944 0.008447916666666621
0 0.26921296296296293 0.7445208333333333 0.008249999999999997 0.00802604166666665
0 0.010657407407407405 0.5395572916666667 0.009259259259259255 0.007463541666666629
0 0.8455185185185184 0.4837083333333333 0.011138888888888863 0.00770833333333325
0 0.9326851851851852 0.6464427083333334 0.013388888888889028 0.0055885416666667355
0 0.8106111111111111 0.708703125 0.013500000000000038 0.006093749999999965
0 0.1069074074074074 0.6776354166666666 0.011064814814814817 0.007723958333333236
0 0.7713148148148147 0.36920312499999997 0.007824074074074221 0.007395833333333357
0 0.9651018518518517 0.5860208333333333 0.013824074074073817 0.005265625000000007
0 0.41765740740740737 0.8061406249999999 0.015148148148148109 0.005718750000000128
0 0.9294907407407408 0.6166458333333333 0.007749999999999899 0.007104166666666601
0 0.13300925925925927 0.54534375 0.01619444444444444 0.007937499999999886
0 0.8049629629629629 0.42032291666666666 0.010675925925926005 0.007901041666666764
0 0.05735185185185185 0.6640729166666667 0.012731481481481488 0.005515625000000135
0 0.5688240740740741 0.32895833333333335 0.009138888888888788 0.008171875000000028
0 0.13414814814814813 0.7176406249999999 0.013305555555555572 0.005859375
0 0.8707592592592591 0.6942968749999999 0.008500000000000164 0.005401041666666551
0 0.8221296296296295 0.7296458333333333 0.010027777777777816 0.005854166666666494
0 0.6967129629629629 0.7316041666666667 0.013370370370370368 0.0051614583333332575
0 0.7943796296296295 0.5785729166666667 0.008092592592592495 0.008598958333333507
0 0.334537037037037 0.31425000000000003 0.010416666666666666 0.007932291666666647
0 0.26681481481481484 0.35600520833333327 0.011231481481481452 0.006817708333333261
0 0.14124074074074072 0.706734375 0.010055555555555568 0.009869791666666572
0 0.6739907407407407 0.7261354166666667 0.013342592592592616 0.007354166666666551
0 0.8461296296296297 0.46645312499999997 0.009157407407407605 0.009291666666666564
0 0.45941666666666664 0.7592760416666666 0.012666666666666673 0.009000000000000164
0 0.7290462962962962 0.45325 0.01555555555555562 0.00756250000000005
0 0.933574074074074 0.5168072916666666 0.014370370370370249 0.004786458333333421
0 0.9208055555555555 0.5843072916666665 0.013546296296296292 0.007520833333333421
0 0.9028518518518518 0.6585677083333333 0.00943518518518513 0.006354166666666572
0 0.18084259259259255 0.41184374999999995 0.015222222222222213 0.0056406250000000215
0 0.017268518518518516 0.5454739583333332 0.010231481481481477 0.005463541666666493
0 0.38426851851851845 0.8209791666666666 0.01288888888888885 0.005796875000000057
0 0.9333611111111111 0.49614062499999995 0.008694444444444432 0.0067708333333333925
0 0.42319444444444443 0.8247395833333332 0.014564814814814833 0.007843749999999972
0 0.054407407407407404 0.5578854166666667 0.007222222222222226 0.006838541666666665
0 0.8689999999999999 0.5815885416666667 0.008657407407407428 0.006578125000000057
0 0.9044722222222222 0.667578125 0.008805555555555442 0.006656250000000164
0 0.22580555555555554 0.35527604166666665 0.015194444444444441 0.00565104166666659
0 0.06935185185185186 0.616796875 0.010638888888888904 0.008130208333333399
0 0.4084259259259259 0.8207968749999999 0.013916666666666641 0.005552083333333258
0 0.7067407407407406 0.44128124999999996 0.018833333333333178 0.007437499999999986
0 0.6961666666666667 0.355765625 0.01289814814814826 0.005026041666666714
0 0.04799074074074073 0.4914427083333333 0.010564814814814813 0.00880729166666665
0 0.9161759259259259 0.6947708333333333 0.012444444444444496 0.006567708333333399
0 0.566787037037037 0.3137395833333333 0.018444444444444565 0.00575520833333334
0 0.9432685185185185 0.5592447916666666 0.009509259259259138 0.008078125000000113
0 0.9325370370370369 0.5569479166666665 0.014685185185185093 0.004421874999999886
0 0.8071759259259259 0.38416666666666666 0.008824074074073944 0.006630208333333343
0 0.07149074074074073 0.5449114583333333 0.009009259259259257 0.009593749999999979
0 0.5827685185185185 0.6305208333333333 0.011361111111111042 0.0075677083333333785
0 0.6228703703703704 0.8078489583333333 0.013435185185185125 0.007796875000000014
0 0.7822407407407408 0.368 0.009564814814814642 0.007250000000000067
0 0.026925925925925923 0.5454739583333332 0.008564814814814812 0.005572916666666572
0 0.7552870370370369 0.7831302083333332 0.009740740740740723 0.006604166666666522
0 0.6306666666666666 0.31707291666666665 0.010166666666666737 0.008541666666666715
0 0.11664814814814814 0.43672916666666667 0.009703703703703681 0.010395833333333293
0 0.14165740740740743 0.45996354166666664 0.019462962962962946 0.00848958333333325
0 0.5932314814814815 0.5351041666666667 0.01058333333333334 0.009505208333333393
0 0.03403703703703703 0.52953125 0.012518518518518512 0.006458333333333321
0 0.6412407407407407 0.3425572916666667 0.014083333333333314 0.005083333333333329
0 0.12532407407407406 0.42738541666666663 0.013907407407407391 0.004729166666666629
0 0.945935185185185 0.5425885416666667 0.012722222222222336 0.008630208333333477
0 0.8960648148148148 0.46747916666666656 0.013324074074074273 0.005052083333333357
0 0.6401851851851851 0.3705989583333333 0.018027777777777802 0.006130208333333354
0 0.7628611111111111 0.3587239583333333 0.007953703703703734 0.0071874999999999465
0 0.4864907407407407 0.7929791666666667 0.015361111111111036 0.0048177083333333925
0 0.7382685185185185 0.7425833333333334 0.01168518518518498 0.004619791666666551
0 0.9275462962962961 0.6061770833333332 0.011129629629629613 0.00802604166666665
0 0.6404814814814814 0.6877864583333333 0.008472222222222254 0.009182291666666665
0 0.7789907407407406 0.5447083333333332 0.008953703703703771 0.005854166666666494
0 0.49813888888888885 0.44256770833333337 0.01096296296296294 0.009916666666666707
0 0.7418240740740739 0.7644895833333333 0.011425925925925956 0.005749999999999922
0 0.08389814814814815 0.5802604166666666 0.011879629629629641 0.005817708333333371
0 0.41384259259259254 0.5878802083333333 0.018435185185185155 0.00639062500000005
0 0.04685185185185185 0.4798020833333333 0.008527777777777773 0.00770833333333325
0 0.6174074074074074 0.483 0.009379629629629783 0.007802083333333343
0 0.3242777777777778 0.36921875 0.016583333333333332 0.004359374999999943
0 0.10846296296296297 0.576328125 0.011796296296296305 0.008671875000000107
0 0.7884814814814813 0.5421770833333334 0.013120370370370438 0.007338541666666742
0 0.07666666666666666 0.43060937499999996 0.013240740740740758 0.005265625000000007
0 0.8900648148148147 0.43529687499999997 0.009916666666666806 0.007770833333333371
0 0.9135092592592593 0.6399947916666666 0.008129629629629499 0.007682291666666607
0 0.5401388888888888 0.7838229166666666 0.015268518518518527 0.008166666666666522
0 0.9003518518518518 0.5455208333333333 0.011657407407407226 0.005802083333333208
0 0.8836296296296297 0.48151562499999995 0.007074074074074272 0.007505208333333435
0 0.8346388888888888 0.7201666666666666 0.014509259259259326 0.0058802083333333146
0 0.1473611111111111 0.7164895833333333 0.009666666666666678 0.006645833333333506
0 0.008824074074074073 0.565796875 0.014824074074074075 0.0055885416666667355
0 0.6734537037037037 0.3200729166666666 0.014287037037037148 0.004291666666666671
0 0.7334999999999998 0.6975572916666666 0.00866666666666668 0.0074895833333334496
0 0.8820462962962962 0.41768229166666665 0.009472222222222134 0.007890625000000106
0 0.37725000000000003 0.3241666666666666 0.008981481481481524 0.007307291666666682
0 0.6515833333333333 0.7295937499999999 0.014185185185185073 0.008057291666666622
0 0.5475925925925925 0.7897968750000001 0.012694444444444425 0.007374999999999865
0 0.9516759259259259 0.4923645833333333 0.009166666666666856 0.006953124999999893
0 0.384175925925926 0.8111458333333333 0.013305555555555612 0.005203124999999887
0 0.7654537037037037 0.7862604166666666 0.008222222222222323 0.0061302083333332645
0 0.9049166666666666 0.6777447916666667 0.008083333333333245 0.007041666666666657
0 0.09125925925925925 0.4646927083333333 0.017907407407407414 0.006192708333333385
0 0.3657314814814815 0.33281770833333335 0.011666666666666634 0.006390624999999961
0 0.49027777777777776 0.8327552083333334 0.010203703703703739 0.008822916666666814
0 0.8260648148148148 0.38174479166666664 0.012814814814814845 0.007072916666666628
0 0.9408055555555556 0.5671302083333334 0.008583333333333422 0.006166666666666742
0 0.27601851851851855 0.40351041666666665 0.013740740740740796 0.007359375000000057
0 0.8896944444444443 0.5544114583333333 0.012407407407407492 0.005354166666666771
0 0.5920555555555556 0.828953125 0.0150740740740741 0.006114583333333101
0 0.8219074074074074 0.4300416666666666 0.010592592592592749 0.00653645833333325
0 0.7183148148148147 0.41388020833333333 0.02113888888888885 0.005453125000000014
0 0.784787037037037 0.42165625 0.011333333333333447 0.0066770833333333005
0 0.09727777777777777 0.554 0.013416666666666662 0.005677083333333321
0 0.5594074074074074 0.8173281249999998 0.013749999999999969 0.006088541666666813
0 0.8090462962962963 0.4082135416666667 0.01619444444444456 0.007734374999999893
0 0.1771111111111111 0.7731770833333333 0.009287037037036998 0.0110104166666666
0 0.875074074074074 0.47248437499999996 0.010120370370370325 0.008817708333333308
0 0.3388611111111111 0.3904270833333333 0.01352777777777779 0.007015625000000014
0 0.42218518518518516 0.6232552083333334 0.009925925925925899 0.00951041666666672
0 0.30898148148148147 0.32049479166666667 0.011138888888888863 0.009005208333333315
0 0.9278333333333333 0.45469791666666665 0.009879629629629802 0.009223958333333292
0 0.39520370370370367 0.6586510416666667 0.007814814814814813 0.007843749999999972
0 0.3303611111111111 0.3218385416666666 0.016685185185185167 0.005171875000000004
0 0.9267962962962962 0.566875 0.014564814814814833 0.006229166666666686
0 0.4246203703703703 0.30194270833333337 0.016370370370370323 0.006364583333333318
0 0.2379537037037037 0.7949166666666667 0.011453703703703707 0.007588541666666693
0 0.9069999999999999 0.49261979166666664 0.009916666666666806 0.005374999999999908
0 0.06509259259259258 0.47111458333333334 0.008101851851851844 0.010494791666666715
0 0.4275185185185185 0.3201822916666667 0.008361111111111087 0.00873958333333329
0 0.13948148148148146 0.382015625 0.00903703703703703 0.007125000000000004
0 0.8853796296296297 0.6850416666666665 0.0077962962962964686 0.006739583333333421
0 0.01862037037037037 0.5992031250000001 0.00910185185185185 0.010343750000000007
0 0.7311759259259258 0.7674270833333333 0.01173148148148155 0.005380208333333236
0 0.3902685185185185 0.311140625 0.01631481481481482 0.005682291666666739
0 0.018287037037037036 0.640953125 0.010824074074074073 0.0102291666666666
0 0.7053518518518518 0.6609270833333334 0.008250000000000075 0.011239583333333237
0 0.28637037037037033 0.34459375 0.014064814814814891 0.004739583333333286
0 0.3687314814814815 0.40988541666666667 0.015657407407407377 0.006630208333333343
0 0.09275 0.6633489583333334 0.009361111111111094 0.010088541666666551
0 0.5726203703703703 0.4018385416666666 0.013629629629629707 0.009229166666666667
0 0.08846296296296297 0.4523125 0.008981481481481464 0.009276041666666578
0 0.5991481481481481 0.35369791666666667 0.01011111111111123 0.010062499999999997
0 0.03362962962962963 0.4817552083333333 0.010296296296296296 0.007078124999999958
0 0.8354907407407407 0.5539895833333334 0.010685185185185258 0.009375
0 0.6567129629629629 0.7636770833333333 0.015259259259259276 0.006885416666666621
0 0.15823148148148145 0.703453125 0.017657407407407413 0.007307291666666771
0 0.7226574074074074 0.7834947916666666 0.01455555555555558 0.007557291666666721
0 0.6556944444444444 0.78634375 0.017555555555555536 0.006614583333333179
0 0.375074074074074 0.305078125 0.011972222222222228 0.005604166666666632
0 0.18249999999999997 0.7652083333333334 0.00957407407407405 0.009479166666666572
0 0.39413888888888887 0.32261458333333326 0.01403703703703706 0.006234375000000014
0 0.7441388888888889 0.42889583333333337 0.015120370370370197 0.00866145833333345
0 0.8765833333333333 0.65784375 0.011185185185185118 0.007093749999999943
0 0.8906111111111111 0.6149010416666666 0.007851851851851974 0.008630208333333477
0 0.8595092592592591 0.7096510416666666 0.012314814814814667 0.005802083333333208
0 0.896685185185185 0.591359375 0.01019444444444433 0.00861979166666682
0 0.5606111111111111 0.3035989583333333 0.013074074074074026 0.004458333333333275
0 0.21830555555555556 0.7622395833333333 0.012305555555555575 0.00625
0 0.5745462962962963 0.7715572916666666 0.01404629629629631 0.005848958333333343
0 0.25891666666666663 0.7956822916666667 0.014805555555555591 0.007786458333333179
0 0.884611111111111 0.7056666666666667 0.009240740740740864 0.005848958333333343
0 0.2856111111111111 0.7769635416666667 0.016555555555555577 0.008963541666666686
0 0.022416666666666668 0.48506770833333335 0.01135185185185185 0.0070885416666666146
0 0.26864814814814814 0.37394791666666666 0.018268518518518562 0.008651041666666614
0 0.24004629629629626 0.7734375 0.009925925925925977 0.009916666666666707
0 0.04825925925925925 0.5983645833333332 0.00887037037037037 0.009192708333333322
0 0.12953703703703703 0.6369270833333334 0.01631481481481482 0.006317708333333449
0 0.24785185185185182 0.627546875 0.013981481481481477 0.0067968750000000355
0 0.8521666666666666 0.7169739583333332 0.009842592592592798 0.0061770833333334
0 0.8354537037037036 0.3814739583333333 0.010212962962962832 0.011598958333333353
0 0.7453796296296296 0.4803020833333333 0.008981481481481524 0.007802083333333343
0 0.6796666666666666 0.40831249999999997 0.010722222222222102 0.007703124999999922
0 0.6612314814814815 0.3316458333333333 0.011111111111111112 0.0052604166666665895
0 0.15730555555555553 0.38207291666666665 0.011703703703703678 0.005640624999999932
0 0.18144444444444444 0.6245104166666666 0.011620370370370382 0.012026041666666742
0 0.5106481481481481 0.30488020833333335 0.011379629629629543 0.006682291666666629
0 0.5229814814814815 0.8040677083333332 0.01125000000000003 0.006526041666666771
0 0.48942592592592593 0.37292187499999996 0.012518518518518502 0.007192708333333275
0 0.7778518518518518 0.40936458333333337 0.008851851851851696 0.01005208333333325
0 0.8183796296296296 0.4625520833333333 0.008972222222222272 0.01072395833333335
0 0.5650648148148147 0.3843697916666667 0.015342592592592534 0.005911458333333286
0 0.9168425925925926 0.5148333333333334 0.014583333333333334 0.005354166666666593
0 0.7411759259259258 0.7033437499999999 0.008796296296296191 0.008921875000000056
0 0.8169907407407407 0.7412239583333333 0.016398148148148075 0.0057864583333333995
0 0.9244351851851851 0.53396875 0.010027777777777816 0.009088541666666571
0 0.2903518518518518 0.6310572916666667 0.008870370370370435 0.007531250000000078
0 0.8162037037037037 0.6211354166666666 0.021148148148148176 0.006911458333333264
0 0.07443518518518519 0.49068749999999994 0.012925925925925933 0.009109375000000064
0 0.05134259259259259 0.51503125 0.012537037037037024 0.00798958333333335
0 0.043666666666666666 0.5743072916666667 0.010500000000000002 0.011656250000000057
0 0.8928796296296295 0.5136666666666667 0.011129629629629613 0.008624999999999971
0 0.09947222222222223 0.7175729166666667 0.009509259259259255 0.007083333333333286
0 0.6199537037037036 0.60321875 0.008222222222222323 0.009583333333333322
0 0.5386481481481481 0.8007552083333334 0.014444444444444413 0.006500000000000039
0 0.5847037037037037 0.8222395833333334 0.008342592592592584 0.007583333333333187
0 0.6012314814814814 0.8108645833333332 0.012518518518518502 0.003968749999999943
0 0.6455185185185185 0.8133906249999999 0.009305555555555461 0.007218750000000185
0 0.5707407407407407 0.7917291666666666 0.010592592592592591 0.003968749999999943
0 0.562398148148148 0.7889322916666666 0.00866666666666652 0.008484374999999923
0 0.6500092592592592 0.77421875 0.0067407407407407685 0.006859374999999978
0 0.6583518518518519 0.7732291666666666 0.0099444444444444 0.0045104166666666504
0 0.6949351851851852 0.7736770833333333 0.020212962962962894 0.0036093749999999147
0 0.5734722222222222 0.6993958333333332 0.009629629629629714 0.007401041666666686
0 0.5471574074074073 0.7111302083333333 0.01733333333333336 0.005958333333333421
0 0.4337129629629629 0.6516510416666667 0.009305555555555461 0.005416666666666714
0 0.32073148148148145 0.5744010416666666 0.016462962962962912 0.008968749999999836