0 0.3972037037037037 0.27508854166666663 0.011305555555555537 0.0067239583333333465
0 0.42571296296296296 0.2761197916666666 0.012722222222222178 0.006791666666666618
0 0.40838888888888886 0.2788333333333333 0.010129629629629733 0.005005208333333311
0 0.4202314814814815 0.2846666666666666 0.011194444444444526 0.006593750000000042
0 0.47895370370370366 0.2714114583333333 0.012722222222222178 0.009307291666666639
0 0.4877870370370369 0.2782395833333333 0.016259259259259157 0.0048749999999999185
0 0.4940925925925926 0.27363020833333335 0.011898148148148064 0.006796874999999947
0 0.5334907407407407 0.2665729166666667 0.01908333333333319 0.009651041666666683
0 0.5172962962962961 0.28079166666666666 0.013314814814814863 0.0075208333333333325
0 0.5135833333333333 0.28519791666666666 0.009425925925926037 0.005531249999999943
0 0.5110555555555556 0.2905677083333333 0.01095370370370369 0.009182291666666753
0 0.5222962962962963 0.29391145833333326 0.010833333333333427 0.008645833333333287
0 0.5308981481481482 0.2955364583333333 0.014842592592592515 0.006057291666666753
0 0.5431481481481482 0.29805208333333333 0.01389814814814814 0.006322916666666689
0 0.5561111111111111 0.2862916666666666 0.012018518518518482 0.01190104166666659
0 0.5749537037037038 0.28370833333333334 0.020962962962963003 0.010703124999999947
0 0.5894444444444444 0.2675677083333333 0.0150740740740741 0.01221874999999999
0 0.5622962962962963 0.29480729166666664 0.019203703703703764 0.008843750000000039
0 0.5569351851851851 0.3069375 0.01696296296296285 0.007109375000000018
0 0.5109351851851851 0.306671875 0.010009259259259155 0.005614583333333289
0 0.49750925925925915 0.30571354166666664 0.012129629629629492 0.007005208333333357
0 0.4624629629629629 0.2966666666666667 0.020259259259259307 0.008124999999999983
0 0.40097222222222223 0.29119791666666667 0.0150740740740741 0.008453125000000039
0 0.40910185185185177 0.3037239583333333 0.013425925925925872 0.010979166666666628
0 0.37211111111111106 0.30203125 0.012018518518518482 0.006937499999999997
0 0.3875462962962963 0.30494791666666665 0.011777777777777804 0.005786458333333311
0 0.3981481481481481 0.30819270833333334 0.014138888888888819 0.008567708333333358
0 0.3930185185185185 0.29921875 0.007416666666666711 0.007265625000000053
0 0.3083888888888889 0.29971354166666664 0.019314814814814854 0.009635416666666697
0 0.3014351851851852 0.3081302083333333 0.016722222222222173 0.007375000000000043
0 0.3122685185185185 0.31472395833333333 0.018611111111111158 0.014729166666666682
0 0.35002777777777777 0.30988541666666664 0.02437962962962968 0.004526041666666725
0 0.35020370370370374 0.31492187499999996 0.013425925925925952 0.010354166666666753
0 0.36287037037037034 0.3175416666666666 0.010481481481481581 0.004453124999999947
0 0.371287037037037 0.32549479166666667 0.020731481481481417 0.004447916666666618
0 0.3904907407407407 0.32261458333333326 0.012953703703703764 0.007677083333333367
0 0.37075925925925923 0.320390625 0.015898148148148057 0.005380208333333325
0 0.4280648148148148 0.3250625 0.01554629629629621 0.004645833333333372
0 0.44797222222222216 0.32459895833333335 0.015787037037037047 0.009005208333333315
0 0.44096296296296295 0.330265625 0.02155555555555553 0.010807291666666696
0 0.40550925925925924 0.329703125 0.010009259259259155 0.009937499999999932
0 0.36993518518518514 0.33596875 0.01990740740740746 0.008546875000000042
0 0.36045370370370367 0.33089583333333333 0.014138888888888859 0.009671874999999996
0 0.3765925925925926 0.33142708333333337 0.012490740740740748 0.008083333333333354
0 0.3398981481481481 0.33295312499999996 0.016611111111111163 0.009807291666666629
0 0.25237037037037036 0.303328125 0.013546296296296292 0.010187499999999971
0 0.24036111111111108 0.3183385416666667 0.022499999999999985 0.007739583333333311
0 0.2150925925925926 0.31628124999999996 0.015546296296296289 0.007609374999999918
0 0.3116851851851852 0.3299010416666667 0.01083333333333335 0.006359374999999989
0 0.2634444444444444 0.328015625 0.01212962962962965 0.008541666666666715
0 0.25219444444444444 0.32854687499999996 0.016722222222222173 0.009604166666666724
0 0.22168518518518515 0.32553124999999994 0.014611111111111085 0.005557291666666675
0 0.22192592592592592 0.33305208333333336 0.015074074074074023 0.008015625000000082
0 0.23676851851851846 0.33176041666666667 0.011777777777777804 0.007416666666666671
0 0.1943611111111111 0.3358333333333333 0.011777777777777804 0.005630208333333275
0 0.22392592592592592 0.3407395833333333 0.012018518518518562 0.00748958333333336
0 0.2175648148148148 0.34421874999999996 0.008712962962963013 0.005833333333333357
0 0.21073148148148146 0.34382291666666664 0.009657407407407387 0.0076927083333333535
0 0.24825000000000003 0.336828125 0.006481481481481508 0.00696354166666664
0 0.2592037037037037 0.338453125 0.01990740740740738 0.007026041666666672
0 0.27875925925925926 0.3401770833333333 0.02791666666666662 0.006229166666666686
0 0.2683333333333333 0.34415104166666666 0.014611111111111085 0.011531250000000081
0 0.2921851851851852 0.330265625 0.010481481481481501 0.008156250000000042
0 0.2984907407407407 0.33444270833333334 0.015546296296296289 0.009083333333333332
0 0.3022037037037037 0.34415104166666666 0.016370370370370323 0.006229166666666686
0 0.3000833333333333 0.34855729166666666 0.020611111111111077 0.008677083333333346
0 0.2937222222222223 0.36085416666666664 0.009074074074074031 0.00727604166666671
0 0.28512037037037036 0.3651302083333333 0.013074074074074104 0.005911458333333286
0 0.2628611111111111 0.36297916666666663 0.013314814814814785 0.007567708333333289
0 0.2111481481481481 0.35757291666666663 0.020611111111111077 0.0067031249999999435
0 0.23211111111111113 0.3594322916666667 0.0154351851851852 0.0077656250000000425
0 0.24388888888888885 0.371328125 0.012842592592592596 0.008369791666666604
0 0.25773148148148145 0.3746770833333333 0.011305555555555616 0.006447916666666753
0 0.231287037037037 0.37759375 0.016138888888888894 0.006979166666666714
0 0.18482407407407406 0.36546354166666667 0.01389814814814814 0.010552083333333328
0 0.19371296296296295 0.3711614583333333 0.00930555555555554 0.006052083333333247
0 0.19995370370370366 0.371359375 0.018259259259259312 0.005484374999999986
0 0.2079074074074074 0.38388541666666665 0.012953703703703686 0.0049947916666666535
0 0.19459259259259257 0.3797760416666666 0.01224999999999999 0.004729166666666629
0 0.18399074074074073 0.37997916666666665 0.009898148148148146 0.009104166666666646
0 0.1715648148148148 0.382 0.01212962962962965 0.0045312500000000535
0 0.16774074074074072 0.37878124999999996 0.0150740740740741 0.004067708333333276
0 0.16421296296296295 0.37397916666666664 0.010388888888888914 0.005718750000000039
0 0.16952777777777778 0.3694739583333333 0.01389814814814814 0.004656250000000028
0 0.4702592592592592 0.34557812499999996 0.009898148148148146 0.005239583333333275
0 0.4971203703703703 0.34269791666666666 0.011777777777777804 0.006760416666666646
0 0.43662962962962965 0.34796354166666665 0.016138888888888894 0.007359375000000057
0 0.41288888888888886 0.3509479166666667 0.015314814814814781 0.0067031249999999435
0 0.3644814814814814 0.35204166666666664 0.010370370370370412 0.005572916666666661
0 0.37767592592592586 0.3610208333333333 0.017907407407407386 0.0056458333333332614
0 0.3586481481481481 0.3612552083333333 0.011657407407407424 0.006770833333333304
0 0.3686574074074073 0.37437499999999996 0.013074074074074026 0.006515625000000025
0 0.31777777777777777 0.377921875 0.01237037037037041 0.006317708333333361
0 0.29686111111111113 0.38580729166666666 0.011777777777777804 0.007515625000000003
0 0.2857962962962963 0.3926354166666667 0.01978703703703704 0.009244791666666696
0 0.2774259259259259 0.38845833333333335 0.008249999999999997 0.004864583333333261
0 0.3054074074074074 0.3938645833333333 0.014722222222222175 0.005729166666666697
0 0.3747314814814814 0.3874010416666666 0.0091851851851852 0.005395833333333311
0 0.38026851851851845 0.38315625 0.024027777777777874 0.0057395833333333535
0 0.4279722222222222 0.39184375 0.00777777777777781 0.015604166666666686
0 0.46018518518518514 0.3607552083333333 0.01212962962962965 0.0077656250000000425
0 0.4850462962962963 0.35545312500000004 0.025324074074074096 0.008140625000000058
0 0.5457685185185184 0.33752604166666667 0.015787037037037047 0.006229166666666686
0 0.5732685185185186 0.33702604166666666 0.011425925925925798 0.005239583333333275
0 0.5675555555555556 0.31372916666666667 0.02167592592592595 0.008468750000000025
0 0.5885277777777778 0.31502083333333336 0.012722222222222178 0.0121458333333333
0 0.5898796296296297 0.30299479166666665 0.014722222222222255 0.005546875000000018
0 0.5970092592592592 0.2998802083333333 0.014601851851851835 0.005942708333333347
0 0.6137314814814815 0.2925208333333333 0.014138888888888819 0.005802083333333386
0 0.5991296296296296 0.2872864583333333 0.010370370370370412 0.005994791666666633
0 0.6354074074074074 0.27575520833333333 0.010370370370370412 0.008046875000000054
0 0.6460648148148148 0.27618229166666663 0.011898148148148064 0.0055937499999999755
0 0.6407037037037037 0.2926197916666667 0.023796296296296284 0.006666666666666643
0 0.6521296296296296 0.28370833333333334 0.010833333333333427 0.005401041666666639
0 0.6901203703703703 0.27704687499999997 0.010249999999999993 0.005994791666666633
0 0.7329444444444445 0.2857291666666667 0.011305555555555695 0.006130208333333354
0 0.7397685185185185 0.2867864583333333 0.016490740740740584 0.01030208333333329
0 0.6863518518518518 0.29563541666666665 0.007416666666666711 0.005406250000000057
0 0.6666203703703704 0.2968645833333333 0.01908333333333319 0.007197916666666604
0 0.7037314814814815 0.3083645833333333 0.022620370370370402 0.004354166666666615
0 0.7003703703703703 0.31303645833333327 0.018731481481481498 0.005088541666666657
0 0.7013703703703704 0.31767708333333333 0.013194444444444444 0.003765625000000039
0 0.702787037037037 0.32128645833333336 0.0150740740740741 0.008229166666666643
0 0.6788703703703703 0.31691145833333334 0.010129629629629733 0.009531249999999946
0 0.6608518518518518 0.319 0.00471296296296294 0.003765625000000039
0 0.6582037037037036 0.31644791666666666 0.008833333333333353 0.004625000000000057
0 0.6423611111111112 0.3212499999999999 0.012490740740740748 0.004984374999999997
0 0.6257499999999999 0.32188541666666665 0.005185185185185048 0.00489583333333341
0 0.6262777777777777 0.30518229166666666 0.009777777777777727 0.005942708333333347
0 0.6683333333333332 0.33049999999999996 0.011425925925925798 0.006223958333333357
0 0.6165 0.32635416666666667 0.007416666666666711 0.0040520833333332895
0 0.6315740740740741 0.3440520833333333 0.014962962962963091 0.004437499999999961
0 0.6223333333333333 0.35571875 0.010129629629629733 0.008291666666666675
0 0.5958240740740741 0.35313541666666665 0.011305555555555537 0.007098958333333361
0 0.5385833333333333 0.3525729166666667 0.03250925925925922 0.006635416666666671
0 0.5207314814814814 0.3616822916666666 0.017555555555555536 0.00962500000000004
0 0.5366388888888889 0.36778125 0.025796296296296203 0.008567708333333358
0 0.4895185185185184 0.36744791666666665 0.007185185185185124 0.006578125000000057
0 0.5154907407407407 0.3727552083333333 0.012722222222222178 0.0065833333333333854
0 0.5119537037037036 0.382890625 0.02449999999999998 0.0043333333333333
0 0.41925 0.36234375 0.009657407407407309 0.004958333333333354
0 0.5898796296296297 0.36277604166666666 0.018259259259259232 0.004760416666666689
0 0.6733333333333333 0.34932291666666665 0.012722222222222178 0.006489583333333382
0 0.6600277777777778 0.36420312499999996 0.013425925925925872 0.0038958333333333427
0 0.6610277777777777 0.36996875 0.01260185185185176 0.006942708333333325
0 0.677574074074074 0.3670208333333333 0.01366666666666671 0.0116822916666667
0 0.7104999999999999 0.35068229166666665 0.01260185185185168 0.006171874999999982
0 0.7039629629629629 0.3386875 0.008009259259259396 0.007354166666666639
0 0.6964814814814815 0.3289739583333333 0.014722222222222255 0.007151041666666647
0 0.7226296296296296 0.3295052083333333 0.009537037037036889 0.0076927083333333535
0 0.7372407407407406 0.33765624999999994 0.01331481481481502 0.004640625000000042
0 0.7596203703703703 0.3075677083333333 0.007888888888888976 0.008067708333333368
0 0.7496666666666667 0.2972604166666667 0.015546296296296367 0.005343750000000025
0 0.7894259259259259 0.308 0.014962962962962933 0.01356770833333334
0 0.764212962962963 0.3188333333333333 0.013546296296296292 0.0067499999999999895
0 0.7774629629629629 0.32553124999999994 0.007064814814815021 0.008208333333333328
0 0.7204351851851852 0.35449479166666664 0.015074074074073943 0.009156249999999932
0 0.751 0.3550208333333333 0.018731481481481498 0.00834374999999996
0 0.7610740740740741 0.3407395833333333 0.006833333333333434 0.004838541666666618
0 0.7651944444444444 0.33821874999999996 0.010370370370370412 0.005499999999999972
0 0.7792685185185184 0.33994270833333334 0.009305555555555619 0.005901041666666629
0 0.7851018518518518 0.340609375 0.02002777777777788 0.007223958333333247
0 0.7973518518518518 0.3298385416666666 0.009657407407407467 0.007552083333333304
0 0.8081296296296295 0.33096354166666664 0.01519444444444452 0.007427083333333329
0 0.8057129629629628 0.32002604166666665 0.00942592592592588 0.0064843750000000535
0 0.8114814814814815 0.31846874999999997 0.014370370370370249 0.008005208333333246
0 0.8138425925925926 0.32247916666666665 0.014370370370370249 0.004760416666666689
0 0.8458240740740741 0.3221822916666667 0.013074074074073868 0.010130208333333357
0 0.8504722222222221 0.3270885416666666 0.014138888888888977 0.006687499999999957
0 0.85825 0.3347083333333333 0.008009259259259239 0.011203125000000026
0 0.8373981481481481 0.3319895833333333 0.014370370370370249 0.0058958333333333
0 0.8210833333333333 0.33543749999999994 0.01072222222222226 0.007484374999999943
0 0.8351018518518518 0.34272916666666664 0.008129629629629499 0.008817708333333396
0 0.8326296296296296 0.3511458333333334 0.01331481481481502 0.007484374999999943
0 0.8225555555555556 0.35021874999999997 0.0077777777777779675 0.006567708333333311
0 0.825675925925926 0.35439062499999996 0.01072222222222226 0.007614583333333247
0 0.8092499999999999 0.34803125 0.011777777777777804 0.008817708333333396
0 0.7977592592592593 0.35233854166666667 0.006481481481481587 0.005510416666666629
0 0.784037037037037 0.3511458333333334 0.013194444444444444 0.008421875000000068
0 0.7866944444444444 0.37176041666666665 0.01260185185185176 0.008567708333333358
0 0.8041851851851851 0.36841145833333333 0.008712962962962933 0.007838541666666643
0 0.810898148148148 0.37109375 0.013194444444444444 0.007244791666666739
0 0.8368703703703703 0.3687447916666667 0.014018518518518716 0.00717708333333329
0 0.8342222222222222 0.37563541666666667 0.018379629629629652 0.00770833333333334
0 0.7754444444444444 0.37666666666666665 0.012490740740740748 0.013078124999999918
0 0.7537037037037037 0.37030208333333337 0.01260185185185176 0.008302083333333331
0 0.714361111111111 0.36386979166666666 0.018731481481481498 0.007369791666666714
0 0.7048796296296296 0.37328125 0.013194444444444444 0.004989583333333325
0 0.6941018518518518 0.37702604166666664 0.0076574074074073906 0.006515625000000025
0 0.639148148148148 0.383390625 0.010833333333333427 0.008640624999999957
0 0.6021666666666666 0.38050520833333334 0.011305555555555537 0.004864583333333261
0 0.5698888888888889 0.38183333333333336 0.01366666666666671 0.007515625000000003
0 0.5646481481481481 0.39413020833333334 0.014490740740740825 0.006260416666666657
0 0.543324074074074 0.3922395833333333 0.015898148148148217 0.005796875000000057
0 0.5380833333333332 0.3990677083333333 0.011305555555555537 0.007526041666666661
0 0.5424444444444444 0.4035364583333333 0.010601851851851841 0.006723958333333435
0 0.5788981481481481 0.4098020833333333 0.011898148148148064 0.005458333333333343
0 0.6375648148148149 0.4217656249999999 0.01237037037037033 0.0060520833333333355
0 0.6490462962962963 0.42683854166666657 0.02120370370370384 0.011385416666666615
0 0.683675925925926 0.41176041666666663 0.02449999999999998 0.009718750000000043
0 0.7174814814814814 0.3897864583333333 0.01389814814814814 0.010171874999999986
0 0.7320925925925924 0.38054166666666667 0.010601851851852 0.009567708333333248
0 0.7388055555555555 0.3893541666666666 0.016018518518518477 0.007317708333333339
0 0.7246759259259259 0.39853645833333334 0.016018518518518477 0.014416666666666699
0 0.7431018518518518 0.40383854166666666 0.01331481481481502 0.009119791666666677
0 0.7526481481481481 0.3972447916666667 0.008129629629629499 0.01116666666666668
0 0.7666018518518517 0.3955833333333333 0.01696296296296301 0.006526041666666682
0 0.7617777777777778 0.4031041666666667 0.019555555555555455 0.006921874999999966
0 0.7764999999999999 0.412453125 0.016018518518518477 0.01044791666666658
0 0.7305 0.4159010416666666 0.015666666666666627 0.009390624999999986
0 0.7033518518518518 0.4227916666666666 0.014370370370370407 0.009921875000000035
0 0.8094259259259259 0.396515625 0.014962962962962933 0.008385416666666635
0 0.8140185185185184 0.4051302083333333 0.012842592592592596 0.007062499999999972
0 0.8189629629629629 0.4147083333333333 0.01708333333333327 0.007005208333333357
0 0.7854537037037037 0.4172604166666666 0.012249999999999912 0.008796874999999992
0 0.7658425925925926 0.43449479166666666 0.010953703703703532 0.011453125000000064
0 0.7534722222222222 0.43475520833333337 0.01212962962962965 0.00933333333333337
0 0.7220833333333333 0.44068749999999995 0.016490740740740584 0.01126041666666655
0 0.6412685185185185 0.44545312499999995 0.032037037037036954 0.004885416666666665
0 0.6345555555555555 0.44174479166666664 0.010129629629629733 0.00806770833333328
0 0.5708888888888889 0.43514583333333334 0.014490740740740825 0.007468749999999957
0 0.566824074074074 0.44157812500000004 0.016018518518518477 0.005744791666666593
0 0.5031018518518519 0.44005208333333334 0.01389814814814814 0.0065833333333333854
0 0.47942592592592587 0.43683854166666664 0.011777777777777804 0.008859374999999937
0 0.4346574074074074 0.3998541666666667 0.011777777777777804 0.006453125000000082
0 0.44520370370370366 0.4101927083333333 0.010481481481481581 0.005927083333333449
0 0.4518611111111111 0.40409375000000003 0.010370370370370412 0.006270833333333314
0 0.3413703703703704 0.40359895833333326 0.014611111111111085 0.007979166666666648
0 0.3498518518518518 0.40923437499999993 0.011777777777777804 0.007317708333333251
0 0.36799074074074073 0.4250364583333333 0.017907407407407386 0.006791666666666707
0 0.4034444444444445 0.42960937499999996 0.017666666666666705 0.012218750000000079
0 0.3549722222222222 0.4359635416666666 0.01377777777777776 0.009098958333333407
0 0.35774074074074075 0.44325520833333326 0.012490740740740748 0.008124999999999893
0 0.38000925925925927 0.45067708333333323 0.012722222222222178 0.006531249999999922
0 0.3886018518518518 0.4422604166666666 0.011546296296296374 0.009765625
0 0.3340648148148148 0.44325520833333326 0.017907407407407462 0.005473958333333329
0 0.2904814814814815 0.44315625000000003 0.015546296296296289 0.012218750000000079
0 0.2733425925925926 0.4278802083333333 0.010481481481481501 0.011484375000000036
0 0.41834259259259254 0.45348958333333333 0.013314814814814863 0.009031249999999958
0 0.549037037037037 0.44924479166666664 0.011546296296296374 0.00849479166666658
0 0.14005555555555554 0.37081770833333333 0.024972222222222246 0.00933333333333337
0 0.13534259259259257 0.37846874999999996 0.01083333333333331 0.006500000000000039
0 0.13375925925925927 0.384171875 0.010481481481481461 0.005703125000000054
0 0.13062962962962965 0.385859375 0.008009259259259239 0.006291666666666629
0 0.13246296296296298 0.39494270833333334 0.01072222222222222 0.004578125000000011
0 0.1884722222222222 0.38927604166666663 0.010601851851851841 0.008484375000000011
0 0.22975925925925925 0.383375 0.014018518518518479 0.007296875000000025
0 0.19800925925925925 0.4099895833333333 0.017435185185185196 0.009489583333333407
0 0.15843518518518518 0.396265625 0.007064814814814824 0.0072291666666667535
0 0.16167592592592592 0.40001041666666665 0.013546296296296292 0.003453125000000057
0 0.1555462962962963 0.40395312499999997 0.011657407407407384 0.006552083333333236
0 0.1404074074074074 0.4043854166666666 0.01719444444444444 0.0069010416666666075
0 0.1292222222222222 0.4106145833333333 0.01366666666666667 0.00610937499999995
0 0.1414722222222222 0.4114739583333333 0.012722222222222218 0.006750000000000078
0 0.1340462962962963 0.416546875 0.011074074074074068 0.007869791666666615
0 0.12380555555555556 0.4155520833333333 0.008481481481481505 0.007369791666666714
0 0.15643518518518518 0.41552083333333323 0.013425925925925912 0.010588541666666628
0 0.14830555555555552 0.42294270833333325 0.013194444444444444 0.008994791666666658
0 0.16225925925925927 0.43285416666666665 0.014722222222222215 0.008838541666666621
0 0.20678703703703702 0.447171875 0.013074074074074104 0.008317708333333406
0 0.19712962962962963 0.46029166666666665 0.012601851851851838 0.005411458333333385
0 0.17410185185185184 0.46111979166666667 0.012490740740740748 0.006406250000000035
0 0.16502777777777777 0.4641354166666666 0.01083333333333331 0.005145833333333449
0 0.17233333333333334 0.4665520833333333 0.01225000000000003 0.0065833333333333854
0 0.1506574074074074 0.45621875 0.008481481481481505 0.007197916666666693
0 0.11143518518518516 0.45137499999999997 0.019083333333333345 0.004145833333333293
0 0.13428703703703704 0.45270312500000004 0.008250000000000037 0.004145833333333293
0 0.1715648148148148 0.45177604166666663 0.012601851851851878 0.005661458333333336
0 0.096 0.47573437499999993 0.018842592592592588 0.005817708333333371
0 0.1773425925925926 0.4774895833333333 0.012842592592592596 0.004588541666666579
0 0.22445370370370368 0.46741666666666665 0.012842592592592596 0.007072916666666628
0 0.16267592592592592 0.48256249999999995 0.012018518518518522 0.0048958333333333215
0 0.15360185185185182 0.48673958333333334 0.015074074074074063 0.003973958333333449
0 0.11096296296296296 0.49548958333333337 0.009898148148148146 0.008218749999999986
0 0.10024074074074074 0.4953906249999999 0.00918518518518516 0.007359375000000057
0 0.09499999999999999 0.505859375 0.009074074074074071 0.007098958333333449
0 0.14724074074074076 0.5131875 0.016490740740740743 0.007833333333333314
0 0.18605555555555553 0.4892916666666666 0.015194444444444441 0.00841666666666665
0 0.22050925925925924 0.4798489583333333 0.020731481481481497 0.008739583333333379
0 0.23564814814814813 0.4829947916666667 0.015194444444444441 0.010812499999999937
0 0.2239907407407407 0.49306770833333335 0.022027777777777795 0.009213541666666636
0 0.2542037037037037 0.47663020833333325 0.024027777777777794 0.007630208333333321
0 0.273287037037037 0.4736458333333333 0.014138888888888899 0.009619791666666622
0 0.28941666666666666 0.47371354166666657 0.017194444444444516 0.010817708333333264
0 0.3062685185185185 0.46983854166666666 0.018842592592592588 0.009958333333333336
0 0.3296481481481481 0.47769270833333327 0.020379629629629647 0.007744791666666551
0 0.32894444444444443 0.4825989583333333 0.01708333333333335 0.006953124999999893
0 0.2951944444444444 0.49459374999999994 0.017435185185185196 0.005765624999999908
0 0.23099074074074075 0.5028124999999999 0.011546296296296296 0.006302083333333286
0 0.20961111111111108 0.5152395833333333 0.015194444444444441 0.005312499999999965
0 0.24854629629629627 0.5194479166666667 0.011777777777777804 0.009093750000000077
0 0.25773148148148145 0.5214375 0.011305555555555616 0.007770833333333371
0 0.37317592592592586 0.49837499999999996 0.01225000000000007 0.011999999999999922
0 0.28941666666666666 0.51428125 0.012490740740740748 0.009359375000000014
0 0.22781481481481478 0.5358854166666667 0.012722222222222256 0.007515624999999915
0 0.20925925925925926 0.53021875 0.01212962962962965 0.00877083333333335
0 0.29260185185185184 0.5419166666666666 0.013194444444444444 0.008255208333333286
0 0.3929629629629629 0.5314791666666666 0.01978703703703704 0.0073124999999999215
0 0.421824074074074 0.4648020833333333 0.020962962962963003 0.006479166666666636
0 0.43742592592592594 0.4609895833333333 0.014490740740740667 0.0044583333333333645
0 0.12132407407407406 0.5333020833333333 0.02591666666666666 0.008968750000000015
0 0.10519444444444444 0.5295885416666666 0.010129629629629615 0.0068489583333333215
0 0.08027777777777777 0.53515625 0.012601851851851838 0.007380208333333371
0 0.07244444444444444 0.5321770833333332 0.012953703703703705 0.010692708333333379
0 0.1159074074074074 0.5513958333333333 0.017907407407407386 0.009380208333333506
0 0.08316666666666667 0.5462239583333333 0.012722222222222227 0.006989583333333371
0 0.1534259259259259 0.555109375 0.013546296296296292 0.008848958333333278
0 0.17669444444444443 0.5642552083333332 0.014138888888888878 0.00859375
0 0.0717962962962963 0.5664791666666666 0.01543518518518518 0.006833333333333335
0 0.0717962962962963 0.5733750000000001 0.01543518518518518 0.006953124999999893
0 0.09182407407407407 0.5740364583333333 0.017787037037037046 0.004973958333333428
0 0.10118518518518517 0.5816874999999999 0.02143518518518519 0.010208333333333286
0 0.10454629629629629 0.6055833333333334 0.006481481481481468 0.007770833333333371
0 0.11008333333333332 0.601140625 0.01661111111111112 0.007744791666666551
0 0.15060185185185185 0.58765625 0.02037962962962961 0.008880208333333427
0 0.17392592592592593 0.5831145833333332 0.016138888888888894 0.011994791666666772
0 0.11520370370370371 0.6166562499999999 0.01366666666666667 0.0047239583333334775
0 0.10719444444444444 0.6134062499999999 0.011777777777777764 0.004859375000000022
0 0.10212962962962963 0.6239791666666666 0.010129629629629615 0.008109375000000085
0 0.15637037037037035 0.6148958333333333 0.01237037037037037 0.007177083333333378
0 0.17338888888888884 0.6100572916666666 0.011305555555555517 0.006776041666666721
0 0.19153703703703703 0.6161927083333333 0.015546296296296289 0.007776041666666522
0 0.21733333333333332 0.6112864583333334 0.012953703703703686 0.005916666666666792
0 0.1215648148148148 0.630640625 0.020731481481481455 0.007515624999999915
0 0.11891666666666667 0.63696875 0.0154351851851852 0.007588541666666693
0 0.08970370370370369 0.6299739583333333 0.01566666666666668 0.006192708333333208
0 0.2142685185185185 0.6336875 0.017907407407407386 0.008973958333333342
0 0.2231574074074074 0.6421666666666667 0.027212962962962925 0.007385416666666522
0 0.32139814814814816 0.6091614583333332 0.0137777777777778 0.00763541666666665
0 0.28264814814814815 0.6404479166666667 0.014018518518518479 0.014546874999999914
0 0.30373148148148144 0.5843072916666665 0.011425925925925956 0.009609374999999965
0 0.3756481481481481 0.5427135416666666 0.01554629629629621 0.007979166666666693
0 0.36839814814814814 0.5515625 0.01237037037037033 0.010828124999999921
0 0.37293518518518515 0.6167187499999999 0.01861111111111108 0.009494791666666735
0 0.36951851851851847 0.6002135416666666 0.008953703703703613 0.00696354166666655
0 0.38218518518518513 0.566046875 0.01072222222222226 0.006374999999999886
0 0.07668518518518518 0.6569843750000001 0.010370370370370353 0.009854166666666764
0 0.09541666666666665 0.6493958333333333 0.012953703703703726 0.0073124999999999215
0 0.08087037037037037 0.6688802083333333 0.014962962962962954 0.005447916666666686
0 0.12168518518518516 0.6608281249999999 0.019314814814814816 0.006942708333333237
0 0.08187037037037036 0.6786927083333333 0.014138888888888888 0.0062239583333331796
0 0.08805555555555554 0.6758072916666666 0.01708333333333332 0.005510416666666629
0 0.1056574074074074 0.6845572916666666 0.02308333333333334 0.009213541666666636
0 0.13211111111111112 0.6846927083333332 0.01377777777777776 0.009609374999999965
0 0.1456574074074074 0.6750468749999999 0.012601851851851878 0.005046875000000029
0 0.1630833333333333 0.6653333333333333 0.01072222222222222 0.010552083333333507
0 0.1687962962962963 0.6774010416666666 0.014611111111111085 0.010927083333333342
0 0.16674074074074074 0.6870104166666666 0.015194444444444481 0.004968749999999922
0 0.133287037037037 0.69396875 0.016138888888888894 0.006291666666666629
0 0.11467592592592592 0.7109375 0.01566666666666667 0.009093750000000077
0 0.10966666666666666 0.7081875 0.010370370370370374 0.00822916666666682
0 0.21679629629629626 0.6674583333333333 0.011657407407407384 0.009598958333333307
0 0.21791666666666665 0.6792239583333333 0.008249999999999997 0.009937500000000021
0 0.1950648148148148 0.7111041666666666 0.020962962962962923 0.008760416666666692
0 0.22981481481481478 0.72246875 0.01978703703703704 0.010953125000000164
0 0.2703425925925926 0.7406614583333333 0.018842592592592588 0.006921874999999922
0 0.2378240740740741 0.7467239583333333 0.017907407407407386 0.006791666666666707
0 0.22239814814814815 0.75321875 0.013425925925925952 0.007052083333333315
0 0.20961111111111108 0.762265625 0.009537037037037047 0.008177083333333179
0 0.1930092592592592 0.77228125 0.01684259259259259 0.010520833333333179
0 0.2604444444444444 0.75915625 0.01978703703703704 0.010776041666666635
0 0.2286388888888889 0.7703541666666667 0.008009259259259239 0.008000000000000007
0 0.23512037037037037 0.7800989583333333 0.011546296296296296 0.008296874999999915
0 0.24489814814814814 0.7817239583333333 0.008481481481481425 0.0075416666666667355
0 0.23735185185185184 0.791796875 0.014138888888888899 0.006489583333333293
0 0.25037037037037035 0.7893437499999999 0.012842592592592596 0.008213541666666657
0 0.2668055555555555 0.7989166666666666 0.011777777777777804 0.00945833333333317
0 0.29189814814814813 0.7845260416666666 0.017194444444444516 0.014531250000000107
0 0.312037037037037 0.7812812499999999 0.015546296296296289 0.012010416666666579
0 0.3296481481481481 0.7615260416666667 0.01212962962962965 0.006291666666666629
0 0.34030555555555553 0.7689843749999999 0.015546296296296289 0.007947916666666721
0 0.35762037037037037 0.7718645833333333 0.011546296296296334 0.009468749999999915
0 0.34790740740740744 0.7908854166666666 0.010953703703703768 0.009854166666666764
0 0.32311111111111107 0.8064635416666667 0.01224999999999999 0.003880208333333357
0 0.32870370370370366 0.8027864583333333 0.014018518518518479 0.006656250000000074
0 0.33706481481481476 0.812859375 0.0137777777777778 0.008249999999999957
0 0.36816666666666664 0.8071614583333332 0.017555555555555536 0.012755208333333101
0 0.4189351851851852 0.7812135416666667 0.026740740740740735 0.013203124999999894
0 0.44325925925925924 0.7845260416666666 0.01225000000000007 0.004026041666666735
0 0.4541018518518518 0.8111354166666667 0.018842592592592668 0.008453125000000127
0 0.39149074074074075 0.7490677083333332 0.008601851851851765 0.008546874999999865
0 0.4016759259259259 0.7428385416666666 0.010601851851851841 0.009338541666666523
0 0.40256481481481476 0.7282916666666666 0.008833333333333353 0.014036458333333179
0 0.4234722222222222 0.72046875 0.028268518518518547 0.009562500000000007
0 0.4005 0.7018802083333332 0.012953703703703764 0.009578124999999993
0 0.3613333333333333 0.6986302083333332 0.017083333333333388 0.007057291666666821
0 0.3330092592592592 0.7053229166666666 0.011305555555555616 0.0085208333333334
0 0.32840740740740737 0.733328125 0.010129629629629653 0.008203125
0 0.31887037037037036 0.7376041666666666 0.01696296296296301 0.010791666666666621
0 0.2693333333333333 0.6888229166666666 0.018018518518518552 0.008640625000000134
0 0.34737962962962965 0.6753645833333334 0.015546296296296289 0.012213541666666572
0 0.4729999999999999 0.6500260416666667 0.0199074074074073 0.007192708333333364
0 0.5509259259259258 0.46503645833333335 0.009898148148148146 0.006947916666666565
0 0.5890925925925926 0.4699739583333333 0.012722222222222178 0.0050416666666666995
0 0.6001666666666666 0.47782812499999994 0.009425925925926037 0.005901041666666629
0 0.5722499999999999 0.486578125 0.012490740740740748 0.006296874999999957
0 0.5440925925925926 0.4935052083333333 0.008481481481481505 0.004369791666666778
0 0.5234814814814814 0.4928437499999999 0.009657407407407467 0.004911458333333308
0 0.5472685185185184 0.5072552083333333 0.0091851851851852 0.008005208333333336
0 0.4934444444444444 0.5023541666666667 0.01554629629629621 0.006041666666666679
0 0.48377777777777775 0.5149427083333333 0.016018518518518477 0.0058802083333333146
0 0.5165833333333333 0.51809375 0.017555555555555536 0.006869791666666636
0 0.476712962962963 0.5327708333333334 0.011305555555555537 0.0060000000000000496
0 0.609824074074074 0.5525104166666666 0.019555555555555455 0.0056406250000000215
0 0.6228981481481481 0.4767291666666667 0.009898148148148146 0.008765625000000022
0 0.6294351851851852 0.4765625 0.009777777777777727 0.008432291666666637
0 0.6042222222222222 0.4907447916666666 0.008361111111111087 0.009218749999999965
0 0.6191851851851852 0.49820312499999997 0.013777777777777878 0.008218749999999986
0 0.6612407407407407 0.51159375 0.012129629629629492 0.007958333333333378
0 0.6320277777777777 0.503671875 0.009537037037037047 0.004708333333333314
0 0.6825555555555555 0.5177864583333334 0.009537037037037047 0.005489583333333314
0 0.684861111111111 0.4857083333333333 0.010370370370370412 0.004562499999999936
0 0.7185462962962962 0.466921875 0.011777777777777804 0.011380208333333286
0 0.7344444444444443 0.5018802083333334 0.02002777777777788 0.008151041666666714
0 0.7623703703703704 0.45830729166666667 0.008953703703703771 0.007395833333333357
0 0.7803888888888889 0.45867187499999995 0.010601851851852 0.011442708333333407
0 0.6730185185185185 0.5521197916666666 0.012129629629629492 0.0057343750000001135
0 0.6751388888888888 0.5785833333333333 0.01260185185185176 0.005447916666666686
0 0.6311388888888888 0.5871666666666666 0.007537037037037129 0.0047239583333334775
0 0.44709259259259254 0.4982864583333333 0.007185185185185124 0.007390625000000028
0 0.44432407407407404 0.5583333333333333 0.01366666666666671 0.003911458333333506
0 0.4511574074074074 0.6019479166666667 0.014138888888888819 0.0041510416666666215
0 0.4423796296296296 0.606453125 0.0069537037037036955 0.0057343750000001135
0 0.5133518518518518 0.5992656249999999 0.01225000000000007 0.007052083333333315
0 0.563824074074074 0.6323333333333332 0.011425925925925798 0.0076458333333333075
0 0.606111111111111 0.6253072916666665 0.014018518518518559 0.005791666666666551
0 0.6124722222222222 0.6095364583333333 0.0154351851851852 0.007718750000000085
0 0.5859722222222222 0.6488385416666667 0.014250000000000144 0.007765624999999865
0 0.872824074074074 0.3554895833333333 0.008314814814814832 0.004177083333333354
0 0.8673240740740741 0.36105729166666667 0.01146296296296296 0.004098958333333247
0 0.8923425925925926 0.35584375 0.008583333333333422 0.006057291666666753
0 0.8818981481481482 0.3629739583333333 0.0065462962962963426 0.005630208333333275
0 0.8763611111111111 0.37071354166666665 0.006481481481481587 0.00489583333333341
0 0.8657870370370369 0.3759114583333333 0.009953703703703808 0.005708333333333382
0 0.8517685185185185 0.3776770833333333 0.011787037037037054 0.003354166666666725
0 0.8844537037037037 0.38994791666666667 0.007990740740740736 0.008005208333333246
0 0.8598888888888887 0.3923802083333333 0.006027777777777664 0.005499999999999972
0 0.8537314814814814 0.39230729166666667 0.007861111111111225 0.005348958333333353
0 0.9037037037037037 0.3974218749999999 0.011398148148148202 0.004682291666666671
0 0.8679444444444444 0.4078177083333333 0.012185185185185157 0.0072604166666666355
0 0.8622129629629629 0.4162760416666666 0.008583333333333422 0.008333333333333392
0 0.892537037037037 0.41926041666666664 0.009499999999999887 0.006197916666666714
0 0.9065925925925926 0.42424999999999996 0.008250000000000075 0.007713541666666579
0 0.926111111111111 0.42178125 0.011129629629629613 0.006458333333333321
0 0.9427407407407407 0.40929166666666666 0.011916666666666565 0.005786458333333222
0 0.9319074074074074 0.4338697916666666 0.010675925925926005 0.004109374999999993
0 0.9342314814814815 0.43715104166666663 0.007990740740740736 0.005510416666666629
0 0.9274537037037037 0.43633854166666663 0.009231481481481611 0.0038854166666666854
0 0.9163148148148148 0.4415729166666667 0.010416666666666666 0.005510416666666629
0 0.8533703703703703 0.42647916666666663 0.01185185185185181 0.0073854166666667
0 0.8589722222222222 0.43018229166666666 0.007861111111111225 0.004104166666666664
0 0.8648981481481481 0.43 0.007138888888889028 0.005947916666666764
0 0.8272129629629629 0.42918749999999994 0.009824074074073982 0.005802083333333386
0 0.8619166666666666 0.4398489583333333 0.009166666666666856 0.005749999999999922
0 0.8751851851851852 0.4490625 0.009499999999999887 0.005020833333333386
0 0.8537685185185185 0.450203125 0.009101851851851785 0.0050937499999999854
0 0.8270092592592592 0.43955208333333334 0.009564814814814642 0.005161458333333435
0 0.8281944444444443 0.45471874999999995 0.007203703703703783 0.004911458333333308
0 0.8379814814814813 0.460171875 0.013166666666666691 0.0055052083333333
0 0.8634907407407408 0.4676927083333333 0.013888888888888888 0.007276041666666622
0 0.8442407407407406 0.4713593749999999 0.007861111111111225 0.006135416666666593
0 0.9618333333333333 0.47571354166666663 0.015657407407407377 0.007994791666666678
0 0.914611111111111 0.4712552083333333 0.006611111111111099 0.004385416666666764
0 0.9199537037037036 0.4685104166666666 0.008379629629629588 0.003755208333333293
0 0.903574074074074 0.47376041666666663 0.009694444444444469 0.006520833333333265
0 0.9013518518518518 0.48149999999999993 0.0089074074074072 0.005791666666666551
0 0.8914629629629628 0.47497395833333333 0.006416666666666831 0.005270833333333336
0 0.8799351851851851 0.474921875 0.008518518518518666 0.0047916666666667496
0 0.9432685185185185 0.47328125 0.003666666666666806 0.003354166666666636
0 0.953388888888889 0.49046874999999995 0.010287037037037155 0.005369791666666579
0 0.9522037037037038 0.4958125 0.007398148148148051 0.005734374999999936
0 0.9413333333333334 0.4892916666666666 0.008185185185185004 0.0055364583333334496
0 0.9361574074074074 0.5070208333333334 0.009370370370370374 0.0063593750000000785
0 0.9605555555555556 0.5111666666666667 0.008379629629629903 0.005437500000000028
0 0.9676296296296295 0.509875 0.007333333333333295 0.006541666666666579
0 0.9391111111111111 0.5126197916666666 0.007398148148148051 0.003072916666666714
0 0.9485740740740741 0.5146666666666666 0.008250000000000075 0.0043333333333333
0 0.9361944444444443 0.5192916666666666 0.008379629629629588 0.0051145833333333
0 0.4660740740740741 0.7003333333333334 0.01338888888888887 0.008562500000000028
0 0.5667037037037037 0.6722447916666667 0.012277777777777821 0.008786458333333335
0 0.6151481481481481 0.6805364583333333 0.0099444444444444 0.006015625000000036
0 0.6371851851851852 0.6875833333333333 0.01866666666666674 0.0057343750000001135
0 0.6592314814814815 0.6889322916666666 0.017555555555555536 0.008703125000000079
0 0.579537037037037 0.7355208333333334 0.012398148148148241 0.010703125000000036
0 0.6411203703703703 0.72846875 0.020629629629629657 0.008921875000000056
0 0.502361111111111 0.7405625 0.008351851851851834 0.010989583333333285
0 0.5450925925925927 0.7683385416666667 0.0162129629629629 0.007932291666666735
0 0.5681759259259259 0.765953125 0.014240740740740894 0.006484374999999964
0 0.6204907407407407 0.7630833333333332 0.012768518518518433 0.007385416666666522
0 0.6555462962962963 0.7524479166666667 0.014370370370370407 0.006562499999999893
0 0.48203703703703704 0.7871354166666666 0.015842592592592554 0.013083333333333336
0 0.5013148148148148 0.7929010416666665 0.014120370370370318 0.00873437500000005
0 0.5356944444444444 0.7822916666666666 0.014120370370370318 0.004885416666666665
0 0.5775092592592592 0.7762135416666667 0.02013888888888889 0.007822916666666657
0 0.6071666666666666 0.7761458333333333 0.013629629629629707 0.0047499999999999435
0 0.6000462962962962 0.7821927083333333 0.01313888888888894 0.005270833333333336
0 0.5412222222222222 0.7970833333333334 0.015351851851851785 0.010875000000000056
0 0.5768981481481481 0.8092760416666666 0.0139999999999999 0.009635416666666785
0 0.5535648148148148 0.8214010416666666 0.01645370370370374 0.006796875000000213
0 0.5274074074074074 0.82603125 0.012277777777777821 0.004442708333333556
0 0.5259351851851851 0.8327291666666665 0.010314814814814907 0.006234375000000014
0 0.5507407407407408 0.8301770833333333 0.014731481481481505 0.009375
0 0.48995370370370367 0.8339791666666667 0.025787037037036952 0.010067708333333415
0 0.47632407407407396 0.8348072916666667 0.0132592592592592 0.008963541666666686
0 0.4578425925925926 0.8211927083333332 0.011907407407407472 0.007989583333333527
0 0.5926111111111111 0.7921770833333334 0.01572222222222229 0.007973958333333364
0 0.6031759259259258 0.8180885416666666 0.019157407407407512 0.008677083333333257
0 0.6282222222222222 0.8139739583333332 0.018175925925925974 0.005765625000000085
0 0.6410555555555556 0.8292760416666667 0.008472222222222254 0.007619791666666842
0 0.6479907407407407 0.8311770833333332 0.015472222222222203 0.010692708333333556
0 0.6495277777777777 0.8099322916666665 0.018546296296296325 0.0089479166666667
0 0.6592314814814815 0.8115520833333333 0.011416666666666547 0.006458333333333499
0 0.6720648148148148 0.8125572916666666 0.01645370370370374 0.008677083333333257
0 0.6729259259259259 0.8216406249999999 0.012277777777777821 0.011151041666666472
0 0.6428333333333333 0.7988072916666666 0.01350925925925913 0.012953124999999944
0 0.6457870370370371 0.7880989583333333 0.010064814814814662 0.007093749999999943
0 0.6389074074074074 0.7720677083333333 0.015472222222222203 0.005057291666666686
0 0.6418518518518519 0.76640625 0.013018518518518521 0.010307291666666708
0 0.669611111111111 0.7816041666666667 0.011546296296296374 0.009031250000000135
0 0.6618703703703704 0.7856822916666666 0.009824074074073982 0.00603645833333335
0 0.6710833333333333 0.7891666666666667 0.01350925925925913 0.0070208333333333425
0 0.7213611111111111 0.821296875 0.013388888888889028 0.006125000000000114
0 0.7206296296296295 0.8135937499999999 0.011907407407407315 0.009364583333333343
0 0.7396018518518518 0.813109375 0.02013888888888889 0.006802083333333186
0 0.7761296296296295 0.8053020833333333 0.014861111111111174 0.009984375000000156
0 0.6936111111111111 0.7805 0.022472222222222154 0.01086979166666655
0 0.7166388888888889 0.7586614583333333 0.014490740740740825 0.007937499999999886
0 0.7611481481481481 0.7669895833333332 0.01019444444444433 0.011317708333333343
0 0.7673518518518518 0.7566614583333333 0.013749999999999811 0.008781250000000008
0 0.7513888888888889 0.7570781249999999 0.0132592592592592 0.009609374999999965
0 0.8181944444444443 0.7832239583333334 0.005407407407407226 0.007854166666666629
0 0.8250092592592593 0.7805677083333333 0.01019444444444433 0.0069583333333334
0 0.7672870370370369 0.793453125 0.007740740740740648 0.006744791666666572
0 0.8325555555555555 0.7674375 0.013509259259259289 0.005583333333333229
0 0.8347037037037037 0.7596302083333333 0.017805555555555467 0.006005208333333378
0 0.8495648148148147 0.7536197916666667 0.01019444444444433 0.008354166666666708
0 0.8724074074074074 0.7573489583333333 0.008722222222222185 0.006416666666666693
0 0.8524537037037037 0.7395937499999999 0.008101851851851747 0.00739583333333318
0 0.84625 0.7449843749999999 0.009453703703703633 0.004906249999999978
0 0.8266666666666665 0.7418072916666667 0.010564814814814995 0.008500000000000086
0 0.7905648148148147 0.74190625 0.009083333333333284 0.007604166666666678
0 0.7568518518518518 0.7285052083333333 0.01633333333333332 0.012307291666666664
0 0.7840555555555555 0.7141354166666667 0.014731481481481663 0.005921874999999943
0 0.7368425925925925 0.6934427083333333 0.014611111111111085 0.010817708333333264
0 0.7352407407407406 0.6811770833333333 0.015351851851851785 0.007697916666666771
0 0.7079166666666665 0.6952395833333332 0.014731481481481583 0.00888541666666658
0 0.8127870370370369 0.6782760416666667 0.01621296296296306 0.007421875
0 0.8180648148148149 0.666875 0.013018518518518363 0.008473958333333264
0 0.72775 0.6316770833333333 0.00699999999999995 0.006781250000000049
0 0.6878425925925926 0.647390625 0.0106851851851851 0.005302083333333307
0 0.813648148148148 0.61609375 0.010805555555555518 0.008083333333333265
0 0.805111111111111 0.60590625 0.015101851851851696 0.006348958333333421
0 0.756361111111111 0.5994427083333334 0.011175925925925867 0.007265624999999965
0 0.8046203703703703 0.5750520833333332 0.014120370370370476 0.006125000000000114
0 0.7959074074074073 0.5565364583333332 0.018787037037037005 0.013296875000000163
0 0.8039444444444444 0.5629270833333333 0.013018518518518363 0.006046875000000007
0 0.8431203703703704 0.575125 0.013749999999999811 0.01040624999999995
0 0.8247592592592592 0.5985104166666667 0.02001851851851831 0.006760416666666736
0 0.8588981481481481 0.5961302083333333 0.009944444444444558 0.008208333333333507
0 0.8426296296296295 0.6142291666666666 0.011787037037037054 0.0057343750000001135
0 0.8655925925925926 0.6237291666666666 0.012527777777777752 0.004968749999999922
0 0.8650370370370369 0.627734375 0.00749074074074056 0.005244791666666693
0 0.8574259259259258 0.6270833333333333 0.011666666666666476 0.006567708333333399
0 0.8983796296296295 0.6304635416666666 0.018175925925926133 0.004619791666666551
0 0.8701296296296296 0.6301875 0.015722222222222134 0.005177083333333421
0 0.8889166666666667 0.6180312499999999 0.014981481481481436 0.00642708333333335
0 0.8897222222222221 0.604796875 0.014861111111111174 0.009666666666666579
0 0.8012407407407407 0.4924895833333333 0.013509259259259289 0.010229166666666779
0 0.7733055555555555 0.5083125 0.011666666666666476 0.007333333333333236
0 0.820398148148148 0.5057239583333333 0.009574074074073893 0.004223958333333222
0 0.8423240740740741 0.503234375 0.01608333333333323 0.006281249999999972
0 0.8600648148148148 0.5048229166666667 0.01621296296296306 0.00724479166666665
0 0.8958611111111111 0.5218906249999999 0.012157407407407403 0.004885416666666665
0 0.9283425925925926 0.5345989583333333 0.012277777777777664 0.0070885416666666146
0 0.9146481481481481 0.5273489583333333 0.011416666666666705 0.003640625000000064
0 0.9461481481481482 0.5335677083333333 0.013509259259259289 0.00603645833333335
0 0.9424629629629628 0.5283125 0.011055555555555607 0.004468750000000021
0 0.9602685185185184 0.529734375 0.01227777777777798 0.00596354166666675
0 0.9661018518518519 0.5492291666666667 0.014120370370370476 0.005583333333333229
0 0.9311018518518518 0.5513333333333332 0.011666666666666476 0.0063437499999999146
0 0.9378518518518518 0.5488489583333334 0.007981481481481485 0.006895833333333279
0 0.9113888888888888 0.5514010416666666 0.01276851851851859 0.005104166666666821
0 0.9326388888888889 0.5614895833333333 0.01596296296296297 0.007880208333333449
0 0.9652407407407407 0.5813177083333334 0.013388888888889028 0.005520833333333286
0 0.8957962962962963 0.55371875 0.011055555555555607 0.006161458333333236
0 0.884074074074074 0.5524739583333333 0.011175925925925867 0.007937499999999886
0 0.8706851851851851 0.5525416666666667 0.010925925925925778 0.006692708333333286
0 0.880324074074074 0.5613177083333334 0.012527777777777752 0.007536458333333229
0 0.8986203703703703 0.5646718749999999 0.007861111111111225 0.006765624999999886
0 0.8784259259259259 0.5735781249999999 0.012648148148148328 0.007182291666666707
0 0.8788518518518518 0.5861562499999999 0.010564814814814995 0.00415624999999995
0 0.8824166666666665 0.5879166666666666 0.005898148148148152 0.00560937500000005
0 0.8873240740740739 0.5904427083333333 0.010805555555555518 0.007197916666666693
0 0.8986203703703703 0.5827708333333333 0.01276851851851859 0.007057291666666821
0 0.9101018518518518 0.60384375 0.011416666666666705 0.009140625000000036
0 0.9248425925925926 0.6067447916666666 0.01313888888888894 0.004401041666666572
0 0.9158148148148147 0.6105833333333333 0.007861111111111225 0.009489583333333228
0 0.9575648148148149 0.6204270833333333 0.017685185185185207 0.004666666666666685
0 0.9622314814814814 0.6244687499999999 0.013259259259259516 0.008255208333333286
0 0.910962962962963 0.6402916666666666 0.013879629629629638 0.0056927083333333075
0 0.9044537037037036 0.6478229166666666 0.014611111111111085 0.005229166666666707
0 0.9315277777777777 0.6473072916666667 0.005898148148148152 0.006265625000000163
0 0.9293240740740739 0.6408437499999999 0.015222222222222272 0.006468749999999979
0 0.924037037037037 0.6523333333333333 0.008592592592592672 0.008036458333333307
0 0.9473148148148147 0.6629375 0.009944444444444558 0.0059843749999998865
0 0.8575462962962962 0.6751666666666666 0.015101851851851696 0.00501041666666655
0 0.8695185185185185 0.6785208333333334 0.014490740740740825 0.006531249999999922
0 0.8717314814814815 0.6953072916666667 0.014981481481481436 0.00824479166666663
0 0.8728333333333332 0.7039791666666667 0.015222222222222272 0.007026041666666494
0 0.8825925925925926 0.7117864583333333 0.010435185185185169 0.009135416666666707
0 0.8378333333333333 0.7139270833333333 0.0139999999999999 0.003468749999999865
0 0.893898148148148 0.7253854166666667 0.008722222222222185 0.009078124999999914
0 0.9086944444444445 0.7251770833333333 0.01964814814814828 0.00728124999999995
0 0.9287037037037037 0.7093906249999999 0.011546296296296216 0.006791666666666707
0 0.9274814814814815 0.7029635416666666 0.015472222222222361 0.009135416666666707
0 0.9277222222222222 0.6908020833333333 0.013509259259259289 0.009666666666666579
0 0.9078333333333333 0.6878645833333333 0.0139999999999999 0.0072604166666666355
0 0.9376666666666665 0.6781197916666667 0.010805555555555518 0.005317708333333293
0 0.6406944444444445 0.5995156249999999 0.010712962962962851 0.004520833333333307
0 0.7372592592592592 0.5585625000000001 0.008370370370370337 0.002822916666666764
0 0.5373055555555555 0.5909479166666666 0.0058981481481479945 0.0036875000000000215
0 0.547787037037037 0.534359375 0.008083333333333402 0.0025781249999999646
0 0.7837314814814814 0.6281197916666666 0.00764814814814814 0.004791666666666572