0 0.2899351851851852 0.2869479166666667 0.016898148148148176 0.004020833333333318
0 0.30192592592592593 0.29289062499999996 0.01621296296296298 0.007557291666666632
0 0.32984259259259263 0.283734375 0.0117592592592593 0.007874999999999943
0 0.3404074074074074 0.28460416666666666 0.010046296296296317 0.007682291666666697
0 0.3358425925925926 0.2925364583333333 0.010046296296296317 0.008781249999999918
0 0.36861111111111106 0.28688541666666667 0.012101851851851898 0.007750000000000057
0 0.3802037037037037 0.28903645833333336 0.013814814814814724 0.007864583333333286
0 0.39858333333333335 0.276796875 0.011305555555555537 0.004270833333333357
0 0.40977777777777774 0.280328125 0.0117592592592593 0.007932291666666647
0 0.42348148148148146 0.27326562499999996 0.0117592592592593 0.006197916666666714
0 0.43455555555555553 0.2679635416666667 0.014731481481481505 0.006515625000000025
0 0.45460185185185187 0.26680208333333333 0.014620370370370337 0.008645833333333287
0 0.4415833333333333 0.290609375 0.014157407407407322 0.004921875000000053
0 0.4624814814814815 0.29266666666666663 0.013703703703703714 0.009036458333333285
0 0.4725277777777778 0.285984375 0.016444444444444487 0.006901041666666696
0 0.5078148148148148 0.2673489583333333 0.01210185185185174 0.005624999999999947
0 0.5586851851851852 0.27673437500000003 0.016555555555555657 0.007999999999999919
0 0.5610277777777777 0.2878489583333333 0.011879629629629563 0.0058229166666667
0 0.538074074074074 0.2821614583333333 0.009824074074073982 0.007937499999999976
0 0.5246574074074074 0.293953125 0.012444444444444496 0.009036458333333285
0 0.5304259259259259 0.297515625 0.013703703703703714 0.006536458333333339
0 0.5399537037037037 0.29799999999999993 0.007194444444444375 0.008140625000000058
0 0.5179166666666666 0.31280729166666665 0.012444444444444496 0.006562499999999982
0 0.5582870370370371 0.3159270833333333 0.01004629629629616 0.006739583333333332
0 0.5812962962962962 0.31309895833333334 0.011305555555555537 0.004057291666666618
0 0.5866018518518518 0.30693229166666663 0.01096296296296294 0.009302083333333312
0 0.5763240740740739 0.32452604166666665 0.026953703703703664 0.009463541666666676
0 0.5143796296296296 0.3317239583333333 0.012675925925925924 0.005343750000000025
0 0.49827777777777776 0.34229166666666666 0.01518518518518527 0.005406250000000057
0 0.605787037037037 0.349515625 0.007990740740740894 0.007760416666666714
0 0.61675 0.363875 0.013472222222222127 0.006562499999999982
0 0.6876666666666666 0.33994270833333334 0.01096296296296294 0.00788020833333336
0 0.6160648148148148 0.3130208333333333 0.010277777777777747 0.00670833333333336
0 0.5786111111111111 0.2848177083333333 0.007537037037037129 0.008104166666666668
0 0.22821296296296295 0.3135104166666667 0.012907407407407432 0.007041666666666657
0 0.3305833333333333 0.31571874999999994 0.011416666666666705 0.0069687500000000565
0 0.3789444444444444 0.312796875 0.013361111111111117 0.008187500000000014
0 0.3434351851851852 0.32355729166666664 0.01427777777777774 0.0072291666666667535
0 0.3511388888888889 0.33685937499999996 0.011416666666666705 0.011994791666666681
0 0.41662962962962957 0.34945312500000003 0.0117592592592593 0.006505208333333368
0 0.2110277777777778 0.33721354166666667 0.010731481481481432 0.008203125
0 0.2056574074074074 0.34550000000000003 0.014620370370370415 0.007343749999999982
0 0.2070833333333333 0.3617239583333333 0.0174722222222222 0.008937500000000043
0 0.1878425925925926 0.34746354166666665 0.009138888888888867 0.008786458333333247
0 0.18127777777777776 0.3443125 0.014277777777777799 0.006343750000000004
0 0.17494444444444443 0.38328124999999996 0.0098240740740741 0.006557291666666654
0 0.1631759259259259 0.37778645833333335 0.008222222222222205 0.0077760416666667
0 0.2553888888888889 0.38909374999999996 0.014499999999999997 0.007270833333333382
0 0.27634259259259253 0.40599479166666663 0.012564814814814834 0.006380208333333392
0 0.24996296296296291 0.41659375 0.012787037037037013 0.005744791666666593
0 0.14074074074074072 0.41762499999999997 0.01199074074074073 0.007796875000000014
0 0.09432407407407406 0.40917708333333336 0.011648148148148163 0.005671874999999993
0 0.08484259259259258 0.4119999999999999 0.01325 0.0036197916666667494
0 0.0780462962962963 0.4239218749999999 0.012222222222222218 0.0049739583333332504
0 0.09620370370370371 0.4303125 0.008564814814814801 0.010697916666666706
0 0.11767592592592592 0.43804687499999995 0.006740740740740729 0.008817708333333308
0 0.08496296296296296 0.4418697916666666 0.007083333333333345 0.006828125000000007
0 0.07959259259259258 0.4606927083333333 0.010962962962962959 0.004656250000000028
0 0.10711111111111112 0.4565520833333333 0.008453703703703713 0.0072864583333332785
0 0.04350925925925926 0.46095312499999996 0.010046296296296293 0.007739583333333222
0 0.05949074074074073 0.4633593749999999 0.008222222222222225 0.005489583333333314
0 0.1921296296296296 0.446265625 0.009703703703703721 0.008140625000000058
0 0.20725925925925925 0.4424166666666666 0.011416666666666625 0.007276041666666622
0 0.2611574074074074 0.4566458333333333 0.01324999999999995 0.007296874999999936
0 0.19492592592592592 0.4680208333333333 0.0141574074074074 0.006458333333333321
0 0.20451851851851852 0.4889166666666666 0.012333333333333326 0.00827083333333345
0 0.29689814814814813 0.47690625 0.012564814814814834 0.010098958333333385
0 0.3257314814814815 0.48830729166666664 0.01085185185185185 0.005286458333333322
0 0.4337592592592592 0.43687499999999996 0.01404629629629631 0.008406249999999994
0 0.12800925925925924 0.49331770833333327 0.010046296296296317 0.007604166666666678
0 0.12058333333333332 0.5031197916666666 0.008907407407407399 0.0060000000000000496
0 0.06257407407407406 0.4891770833333333 0.01987037037037038 0.007661458333333293
0 0.06114814814814815 0.494859375 0.012444444444444435 0.004734374999999957
0 0.045564814814814815 0.5288177083333333 0.015074074074074077 0.006833333333333335
0 0.07205555555555555 0.5280156249999999 0.012333333333333326 0.007796875000000014
0 0.07228703703703702 0.536359375 0.007305555555555543 0.0058802083333333146
0 0.09580555555555555 0.5476354166666667 0.015074074074074071 0.005812499999999865
0 0.09158333333333334 0.5510416666666667 0.012101851851851848 0.005421874999999865
0 0.16535185185185186 0.5648229166666667 0.010731481481481472 0.011223958333333428
0 0.17916666666666667 0.5394427083333333 0.014620370370370396 0.005427083333333371
0 0.37809259259259254 0.5164114583333334 0.01963888888888887 0.011390624999999942
0 0.478462962962963 0.5051979166666667 0.010277777777777747 0.010161458333333328
0 0.5449259259259259 0.4434531249999999 0.028092592592592464 0.006140624999999922
0 0.5323611111111112 0.4045781249999999 0.01530555555555553 0.00933333333333337
0 0.8737962962962963 0.4397864583333333 0.016675925925925917 0.0050416666666666995
0 0.8116759259259259 0.39195312499999996 0.009824074074073982 0.0078489583333333
0 0.7997407407407406 0.39908333333333335 0.009935185185185307 0.00486979166666659
0 0.7117592592592593 0.39288541666666665 0.01324999999999995 0.009067708333333346
0 0.6770462962962963 0.4202552083333333 0.016898148148148096 0.004713541666666643
0 0.6488425925925926 0.43959374999999995 0.014388888888888908 0.009281249999999908
0 0.7243148148148149 0.43179166666666663 0.01644444444444433 0.007869791666666615
0 0.7910092592592592 0.42738541666666663 0.010962962962962782 0.0054322916666667
0 0.800824074074074 0.40856250000000005 0.01415740740740748 0.005828125000000029
0 0.832574074074074 0.4379583333333333 0.010046296296296317 0.007359375000000057
0 0.7858703703703702 0.47891666666666666 0.009824074074073982 0.005145833333333449
0 0.7128425925925926 0.4660364583333333 0.01085185185185185 0.005708333333333293
0 0.8419351851851851 0.4621822916666666 0.01324999999999995 0.008276041666666779
0 0.8512407407407407 0.44120312500000003 0.010166666666666577 0.005499999999999972
0 0.8908703703703703 0.4563020833333333 0.008796296296296191 0.006697916666666614
0 0.9086203703703702 0.46500520833333325 0.01324999999999995 0.006630208333333343
0 0.9098796296296295 0.47535416666666663 0.013018518518518363 0.0050677083333333425
0 0.8479907407407407 0.4844114583333333 0.0089074074074072 0.006364583333333407
0 0.8230925925925926 0.5016979166666666 0.013018518518518363 0.008937500000000043
0 0.9278055555555556 0.4944375 0.011416666666666705 0.005979166666666735
0 0.9435648148148147 0.5126197916666666 0.010962962962963098 0.0050937499999999854
0 0.944537037037037 0.5183385416666667 0.011074074074074108 0.005312499999999965
0 0.9374629629629629 0.5224479166666667 0.01610185185185205 0.004796875000000078
0 0.899037037037037 0.5198177083333333 0.01415740740740748 0.006635416666666671
0 0.8133888888888888 0.5159270833333334 0.010962962962962782 0.007213541666666679
0 0.7519537037037036 0.5032395833333333 0.011416666666666705 0.009453125000000107
0 0.7948888888888888 0.524828125 0.007768518518518716 0.006468749999999979
0 0.748361111111111 0.5217135416666666 0.012222222222222159 0.005932291666666778
0 0.7176944444444444 0.52078125 0.015990740740740726 0.009848958333333435
0 0.7082777777777778 0.5309270833333333 0.007425925925925883 0.008390625000000007
0 0.6653981481481481 0.5101145833333333 0.01096296296296294 0.006505208333333279
0 0.6142407407407408 0.5154791666666666 0.014620370370370337 0.005031250000000043
0 0.568787037037037 0.507671875 0.012333333333333326 0.006093749999999965
0 0.5774722222222222 0.5307395833333333 0.008675925925925773 0.007927083333333229
0 0.6379351851851852 0.5311197916666666 0.014500000000000075 0.006718750000000107
0 0.6755555555555556 0.5529999999999999 0.015759259259259296 0.0072864583333332785
0 0.64775 0.57784375 0.01770370370370355 0.005770833333333236
0 0.5474907407407407 0.610390625 0.008111111111111156 0.007291666666666608
0 0.8299629629629629 0.548703125 0.011453703703703707 0.012125000000000163
0 0.9235555555555556 0.5081249999999999 0.009944444444444558 0.006416666666666693
0 0.9482685185185186 0.4999427083333333 0.011148148148148114 0.007854166666666629
0 0.9146574074074073 0.5491249999999999 0.01687962962962975 0.00568229166666665
0 0.9275462962962961 0.5611666666666666 0.013712962962962807 0.008729166666666722
0 0.9387777777777777 0.5649427083333334 0.010851851851851772 0.005421874999999865
0 0.8790925925925925 0.55875 0.009648148148148215 0.00763541666666665
0 0.856111111111111 0.557140625 0.011907407407407315 0.009499999999999887
0 0.887537037037037 0.574734375 0.010851851851851772 0.008239583333333477
0 0.8622129629629629 0.5743541666666666 0.01687962962962975 0.008322916666666735
0 0.9014722222222221 0.5861822916666666 0.014620370370370337 0.007869791666666792
0 0.867712962962963 0.5996666666666666 0.015824074074073893 0.010625000000000107
0 0.8385555555555555 0.5902083333333333 0.015370370370370286 0.005744791666666771
0 0.8299629629629629 0.5781302083333333 0.011453703703703707 0.008239583333333477
0 0.1801111111111111 0.5865572916666666 0.020851851851851837 0.01047916666666655
0 0.17783333333333332 0.6091249999999999 0.031472222222222235 0.01615625000000005
0 0.12418518518518518 0.6306197916666666 0.018962962962962966 0.017557291666666686
0 0.21925925925925926 0.6233124999999999 0.02142592592592594 0.00827083333333345
0 0.23196296296296295 0.648859375 0.012703703703703677 0.013515624999999965
0 0.16228703703703704 0.669875 0.015546296296296329 0.006484374999999964
0 0.19992592592592592 0.6922760416666667 0.02066666666666666 0.008630208333333477
0 0.2507314814814815 0.6709947916666665 0.016111111111111062 0.007661458333333293
0 0.2532962962962963 0.67825 0.014787037037037088 0.009369791666666493
0 0.3088425925925926 0.7052395833333333 0.009101851851851863 0.005760416666666579
0 0.3228703703703703 0.7072135416666666 0.01592592592592597 0.008640625000000134
0 0.34571296296296294 0.7252395833333333 0.017629629629629624 0.012703124999999992
0 0.3733055555555555 0.73575 0.021231481481481435 0.011322916666666493
0 0.3535833333333333 0.768921875 0.01516666666666665 0.009776041666666657
0 0.374537037037037 0.7736197916666666 0.013083333333333277 0.008145833333333208
0 0.4252499999999999 0.776765625 0.01592592592592597 0.011239583333333237
0 0.4273333333333333 0.7660416666666666 0.023129629629629594 0.012197916666666763
0 0.47492592592592586 0.8030625 0.015166666666666767 0.01157812500000004
0 0.47757407407407404 0.7916458333333333 0.020472222222222235 0.012208333333333422
0 0.5153981481481481 0.74353125 0.023324074074074178 0.009364583333333343
0 0.5360648148148148 0.7712708333333332 0.016111111111111142 0.011984375000000113
0 0.6271666666666667 0.781671875 0.017824074074074128 0.01252604166666682
0 0.641 0.7942604166666667 0.016685185185185167 0.012104166666666494
0 0.6285833333333333 0.7929791666666667 0.017250000000000102 0.005276041666666664
0 0.5287685185185186 0.6514218749999999 0.024268518518518554 0.005833333333333179
0 0.4411574074074074 0.6679895833333334 0.009796296296296386 0.0036093749999999147
0 0.5369259259259259 0.6668125 0.00649074074074068 0.010739583333333335
0 0.5309074074074074 0.6674427083333333 0.0095462962962963 0.004979166666666579
0 0.5616111111111111 0.6759375 0.00892592592592602 0.008921875000000056
0 0.6039259259259259 0.6530989583333333 0.010796296296296425 0.004026041666666735
0 0.6360092592592592 0.6441979166666666 0.011175925925925867 0.005531249999999943
0 0.6718611111111111 0.666109375 0.019972222222222218 0.008635416666666628
0 0.7121759259259259 0.6900729166666666 0.01136111111111112 0.005656250000000007
0 0.7060648148148148 0.705859375 0.008361111111111087 0.008088541666666772
0 0.6425925925925925 0.70940625 0.016722222222222173 0.008864583333333264
0 0.7388333333333333 0.69590625 0.010361111111111161 0.004677083333333343
0 0.7506203703703703 0.6883177083333333 0.010231481481481335 0.004953125000000114
0 0.8116296296296295 0.6425989583333334 0.01753703703703719 0.006192708333333208
0 0.809824074074074 0.6875833333333333 0.014916666666666679 0.0055885416666667355
0 0.7787222222222222 0.5740677083333333 0.022314814814814732 0.012588541666666763
0 0.7448518518518518 0.573140625 0.018629629629629423 0.01618750000000002
0 0.7274907407407407 0.58165625 0.02076851851851858 0.011390624999999942
0 0.9381574074074075 0.6310625 0.01901851851851859 0.011947916666666636
0 0.8713888888888889 0.6275677083333333 0.021351851851851695 0.009322916666666714
0 0.8360740740740741 0.5960625 0.016694444444444418 0.008541666666666715
0 0.9067129629629629 0.6630520833333333 0.018240740740740887 0.013588541666666742
0 0.8879814814814814 0.6762708333333334 0.013777777777777878 0.006296875000000135
0 0.8281111111111111 0.6924322916666666 0.010870370370370273 0.008052083333333293
0 0.7332592592592592 0.762859375 0.026638888888888976 0.005958333333333421
0 0.6782592592592592 0.7453645833333333 0.007268518518518382 0.007458333333333478
0 0.658537037037037 0.7588906249999999 0.00864814814814802 0.009213541666666636
0 0.7534537037037037 0.71325 0.011675925925925729 0.005489583333333314
0 0.7815185185185184 0.6990416666666667 0.0117592592592593 0.006260416666666657
0 0.7792685185185184 0.7220312499999999 0.012796296296296342 0.007005208333333179
0 0.5408981481481481 0.586171875 0.011018518518518603 0.004614583333333399
0 0.7123703703703703 0.35136979166666665 0.011009259259259352 0.007140624999999989
0 0.7368518518518518 0.37157291666666664 0.014324074074073994 0.006244791666666671
0 0.6964259259259259 0.3610208333333333 0.01495370370370384 0.006791666666666618
0 0.6717685185185185 0.37578125 0.007703703703703645 0.007104166666666689
0 0.3958240740740741 0.52890625 0.007879629629629568 0.007151041666666735
0 0.4412129629629629 0.7424583333333332 0.013962962962963054 0.006187500000000057
0 0.3793981481481481 0.6870208333333332 0.012981481481481517 0.004593750000000086
0 0.8239722222222222 0.719234375 0.01288888888888885 0.00501041666666655