0 0.28674999999999995 0.25090625 0.027620370370370434 0.01608854166666669
0 0.4195648148148148 0.26084375 0.030055555555555537 0.010838541666666668
0 0.4131666666666667 0.27284375 0.020509259259259238 0.009703125000000057
0 0.23293518518518516 0.3391770833333333 0.025592592592592608 0.013286458333333329
0 0.6346296296296295 0.25821875 0.030462962962963046 0.012437499999999968
0 0.7132222222222222 0.2538697916666667 0.019499999999999948 0.009958333333333336
0 0.5286203703703704 0.25981770833333334 0.01909259259259244 0.015640624999999984
0 0.5310555555555555 0.31409374999999995 0.030462962962963046 0.021385416666666667
0 0.6143240740740741 0.32677604166666663 0.02639814814814814 0.010375000000000068
0 0.6545277777777778 0.35014583333333327 0.03533333333333341 0.007807291666666672
0 0.8257314814814815 0.4064479166666667 0.02396296296296296 0.016463541666666616
0 0.9173148148148148 0.4815208333333333 0.01705555555555552 0.01810416666666672
0 0.6027407407407408 0.447984375 0.03127777777777775 0.009286458333333237
0 0.5850740740740741 0.46946354166666665 0.018685185185185246 0.011130208333333336
0 0.8275555555555555 0.5497552083333332 0.024370370370370313 0.010640624999999914
0 0.7531296296296296 0.5633541666666667 0.024981481481481497 0.012703124999999992
0 0.8442129629629629 0.63028125 0.02518518518518533 0.012911458333333315
0 0.8483703703703702 0.6887864583333333 0.023351851851851773 0.011119791666666679
0 0.5749259259259258 0.6581093749999999 0.022740740740740742 0.010302083333333378
0 0.721648148148148 0.7779739583333333 0.021731481481481532 0.010140624999999837
0 0.638287037037037 0.8018854166666666 0.019499999999999948 0.012270833333333276
0 0.600611111111111 0.7786875 0.02538888888888901 0.009286458333333237
0 0.6158425925925926 0.8072552083333333 0.02538888888888901 0.016156249999999962
0 0.5802037037037037 0.8135364583333333 0.023555555555555607 0.012734374999999788
0 0.43428703703703697 0.7958854166666666 0.02091666666666675 0.015124999999999921
0 0.4010833333333333 0.7769739583333333 0.032490740740740716 0.017281249999999915
0 0.3782407407407407 0.786171875 0.02944444444444435 0.011687500000000028
0 0.34056481481481476 0.79165625 0.025185185185185255 0.013520833333333293
0 0.29050925925925924 0.7728020833333333 0.032694444444444394 0.010083333333333399
0 0.13748148148148145 0.73709375 0.017055555555555556 0.012916666666666821
0 0.14581481481481479 0.702359375 0.03776851851851855 0.016552083333333377
0 0.1905925925925926 0.70709375 0.029037037037037056 0.009380208333333506
0 0.2426851851851852 0.7057812499999999 0.016249999999999983 0.008583333333333342
0 0.249787037037037 0.6623229166666667 0.02639814814814814 0.013015624999999887
0 0.18825925925925924 0.6862604166666666 0.019500000000000028 0.016343750000000056
0 0.0925 0.6414791666666667 0.03837962962962962 0.0078854166666666
0 0.2414629629629629 0.573890625 0.025990740740740786 0.008645833333333287
0 0.08275925925925925 0.48320833333333335 0.02538888888888889 0.016911458333333407
0 0.06671296296296296 0.4086510416666666 0.021731481481481473 0.015151041666666564
0 0.2977129629629629 0.31309895833333334 0.00903703703703703 0.003645833333333304