0 0.5093425925925926 0.25260937499999997 0.02588888888888887 0.008036458333333307
0 0.5064444444444445 0.30207291666666664 0.012055555555555486 0.01807812499999999
0 0.31761111111111107 0.26440625 0.016518518518518575 0.009541666666666693
0 0.25422222222222224 0.26428124999999997 0.012055555555555566 0.012302083333333335
0 0.3121203703703703 0.3126145833333333 0.011111111111111112 0.017802083333333395
0 0.226 0.30799479166666666 0.015222222222222194 0.013723958333333286
0 0.19688888888888886 0.30690625 0.017398148148148194 0.008833333333333382
0 0.20087962962962963 0.2954947916666667 0.021981481481481463 0.005843750000000014
0 0.19302777777777777 0.2999791666666667 0.023194444444444427 0.007473958333333286
0 0.19616666666666668 0.33245312499999996 0.01980555555555554 0.008833333333333382
0 0.09262037037037037 0.39489583333333333 0.007324074074074084 0.008828125000000053
0 0.05877777777777777 0.4776041666666666 0.02616666666666667 0.0082395833333333
0 0.08842592592592592 0.5285208333333333 0.012212962962962967 0.010005208333333293
0 0.01987962962962963 0.5431406249999999 0.013259259259259259 0.010203125000000136
0 0.1414537037037037 0.6093645833333333 0.02476851851851853 0.009614583333333293
0 0.10639814814814813 0.6203541666666667 0.01325925925925924 0.013145833333333279
0 0.24366666666666667 0.5911145833333333 0.021972222222222212 0.009614583333333293
0 0.10482407407407407 0.6484114583333334 0.012212962962962948 0.01157812499999995
0 0.17023148148148148 0.6906979166666667 0.014648148148148129 0.010203125000000136
0 0.2811666666666667 0.7017864583333333 0.018138888888888892 0.006083333333333307
0 0.37360185185185185 0.7096354166666666 0.03000000000000003 0.01157812499999995
0 0.3073240740740741 0.7392604166666666 0.0237222222222222 0.006083333333333307
0 0.3746481481481482 0.7443645833333333 0.01186111111111106 0.01157812499999995
0 0.4330833333333333 0.7560416666666666 0.015000000000000095 0.0054947916666668204
0 0.4796481481481481 0.6803958333333332 0.006972222222222197 0.0072604166666666355
0 0.5185462962962962 0.734453125 0.006629629629629758 0.007062499999999972
0 0.5481944444444443 0.74034375 0.01709259259259268 0.006281249999999972
0 0.6120370370370369 0.7117916666666667 0.021277777777777847 0.011182291666666622
0 0.7205277777777778 0.6712708333333333 0.010814814814814768 0.010989583333333285
0 0.7332592592592592 0.6525312499999999 0.008370370370370337 0.010005208333333293
0 0.3676481481481481 0.6308020833333334 0.00945370370370379 0.007666666666666622
0 0.4507962962962963 0.6160989583333334 0.017796296296296372 0.007354166666666551
0 0.5778888888888889 0.6189947916666666 0.019462962962962946 0.005942708333333257
0 0.6428333333333333 0.5929010416666666 0.011888888888888813 0.009031250000000135
0 0.8354907407407407 0.6738697916666666 0.013537037037037042 0.010203125000000136
0 0.8352407407407406 0.6311927083333334 0.019157407407407352 0.011354166666666821
0 0.7881018518518518 0.6094947916666666 0.012259259259259163 0.006468749999999979
0 0.9393333333333332 0.5576927083333333 0.015842592592592394 0.008046874999999964
0 0.9328240740740741 0.49597395833333324 0.018138888888888812 0.004739583333333286
0 0.9254722222222221 0.4130208333333333 0.02079629629629633 0.0055052083333333
0 0.879712962962963 0.400359375 0.011009259259259352 0.011562500000000009
0 0.5919074074074073 0.3669583333333333 0.0067592592592592695 0.007864583333333286
0 0.6755555555555556 0.40077083333333335 0.00815740740740741 0.003932291666666643
0 0.8077962962962961 0.31077604166666667 0.01200925925925939 0.013510416666666724
0 0.3641296296296296 0.38517708333333334 0.0158148148148148 0.013015624999999975
0 0.37437962962962956 0.45149999999999996 0.010546296296296337 0.007578125000000035
0 0.2879629629629629 0.44944270833333333 0.017574074074074117 0.007083333333333286
0 0.44518518518518513 0.4736614583333333 0.010999999999999944 0.005567708333333421