0 0.28955555555555557 0.2967083333333333 0.012851851851851847 0.009552083333333261
0 0.2998796296296296 0.3081979166666667 0.012388888888888911 0.009807291666666629
0 0.41918518518518516 0.27347916666666666 0.019731481481481378 0.010067708333333324
0 0.42354629629629625 0.30922916666666667 0.01926851851851852 0.005677083333333411
0 0.42148148148148146 0.323296875 0.022481481481481404 0.007484374999999943
0 0.4281388888888889 0.34820312499999995 0.01926851851851852 0.011359374999999972
0 0.29575 0.34743229166666667 0.015138888888888936 0.008260416666666614
0 0.2934537037037037 0.33710416666666665 0.014222222222222235 0.009291666666666653
0 0.19984259259259257 0.3316875 0.01606481481481481 0.006713541666666689
0 0.22760185185185186 0.35427083333333337 0.01376851851851855 0.009036458333333285
0 0.1629074074074074 0.36343229166666663 0.022027777777777795 0.006192708333333385
0 0.15005555555555555 0.38679166666666664 0.01835185185185186 0.010067708333333324
0 0.07273148148148147 0.39265104166666664 0.032962962962962944 0.010005208333333382
0 0.06986111111111111 0.3992708333333333 0.023027777777777775 0.007062499999999927
0 0.09481481481481481 0.44085416666666666 0.01123148148148149 0.007401041666666686
0 0.04781481481481481 0.43480729166666665 0.017324074074074082 0.007942708333333392
0 0.03160185185185185 0.435890625 0.00866666666666667 0.007942708333333392
0 0.06882407407407407 0.45132291666666663 0.026629629629629628 0.005234375000000036
0 0.05712037037037037 0.4588177083333333 0.014759259259259257 0.007583333333333364
0 0.1707222222222222 0.49653645833333326 0.011324074074074078 0.010921875000000015
0 0.029935185185185183 0.4785572916666666 0.014564814814814822 0.00728124999999995
0 0.013351851851851853 0.503703125 0.012138888888888892 0.01115104166666665
0 0.018814814814814815 0.52759375 0.013351851851851849 0.011604166666666771
0 0.08737962962962963 0.5677604166666665 0.014564814814814812 0.005916666666666792
0 0.004629629629629629 0.5927083333333333 0.009259259259259259 0.011458333333333393
0 0.02689814814814815 0.60871875 0.008499999999999997 0.00728124999999995
0 0.1036111111111111 0.6449374999999999 0.015398148148148157 0.01565104166666682
0 0.07460185185185184 0.6495989583333334 0.00828703703703702 0.008989583333333506
0 0.02752777777777778 0.6570937499999999 0.01006481481481481 0.012656250000000036
0 0.2750185185185185 0.6179635416666667 0.02190740740740738 0.007661458333333293
0 0.04423148148148148 0.668578125 0.011222222222222229 0.013182291666666578
0 0.04374074074074074 0.678234375 0.018814814814814815 0.00649999999999995
0 0.03846296296296296 0.6929947916666667 0.00957407407407408 0.009656249999999922
0 0.055129629629629626 0.6893749999999998 0.01914814814814814 0.004640624999999865
0 0.11158333333333334 0.694484375 0.016509259259259283 0.006682291666666629
0 0.12890740740740741 0.6887239583333333 0.012212962962962948 0.010401041666666621
0 0.15779629629629627 0.6830624999999999 0.009907407407407396 0.010583333333333477
0 0.1828888888888889 0.674796875 0.010564814814814838 0.008541666666666715
0 0.07938888888888888 0.7259583333333333 0.014851851851851845 0.011328125
0 0.11521296296296296 0.7556666666666667 0.012546296296296293 0.009468749999999915
0 0.13369444444444442 0.742203125 0.012546296296296293 0.01151041666666668
0 0.1634074074074074 0.7348697916666667 0.01122222222222224 0.010583333333333477
0 0.22777777777777777 0.7299479166666666 0.01980555555555554 0.007796874999999837
0 0.2249722222222222 0.8106302083333332 0.01287037037037035 0.006130208333333442
0 0.21374999999999997 0.8030208333333333 0.008249999999999997 0.00723958333333341
0 0.2223333333333333 0.803484375 0.010898148148148105 0.003713541666666842
0 0.2708611111111111 0.7925260416666667 0.01287037037037035 0.005572916666666572
0 0.27449074074074076 0.7830572916666666 0.014851851851851845 0.011140624999999993
0 0.2840648148148148 0.7756302083333333 0.019472222222222196 0.008171875000000028
0 0.29798148148148146 0.7594270833333333 0.023796296296296364 0.01064583333333342
0 0.2778425925925926 0.8262395833333332 0.01991666666666663 0.006005208333333556
0 0.3132037037037037 0.8415833333333331 0.019055555555555593 0.007145833333333229
0 0.35361111111111104 0.8250989583333332 0.012703703703703715 0.0040572916666665295
0 0.3920092592592593 0.80959375 0.013851851851851886 0.007145833333333229
0 0.3961944444444444 0.7965208333333333 0.01991666666666671 0.006010416666666707
0 0.46214814814814814 0.7856458333333334 0.02655555555555556 0.007307291666666771
0 0.5454351851851852 0.7784166666666665 0.01875925925925925 0.008442708333333293
0 0.5536574074074074 0.7968489583333334 0.020203703703703644 0.006333333333333258
0 0.583824074074074 0.7734687499999999 0.009527777777777796 0.011203125000000114
0 0.6445833333333333 0.775984375 0.01962962962962962 0.009744791666666686
0 0.6608981481481481 0.7754166666666666 0.01010185185185198 0.011203125000000114
0 0.468787037037037 0.8156041666666667 0.022518518518518566 0.008119791666666742
0 0.49549074074074073 0.8213645833333333 0.017027777777777923 0.011203125000000114
0 0.521324074074074 0.8170624999999999 0.021935185185185287 0.005843750000000014
0 0.4275092592592592 0.833625 0.017898148148148132 0.005197916666666557
0 0.38579629629629625 0.85059375 0.007796296296296311 0.003083333333333371
0 0.47860185185185183 0.8329739583333332 0.015583333333333371 0.006494791666666444
0 0.5322962962962963 0.85059375 0.009240740740740706 0.009255208333333442
0 0.555962962962963 0.8263177083333332 0.014435185185185162 0.0042239583333334
0 0.5924814814814815 0.8226666666666667 0.012990740740740768 0.004385416666666586
0 0.59075 0.8268072916666667 0.01010185185185198 0.0032499999999998862
0 0.5914722222222222 0.8353281249999999 0.012703703703703677 0.005359375000000099
0 0.618462962962963 0.8280260416666666 0.00894444444444452 0.005682291666666473
0 0.6142777777777777 0.8218541666666667 0.012703703703703677 0.004385416666666586
0 0.6974166666666667 0.814140625 0.007509259259259219 0.009416666666666629
0 0.7102592592592593 0.792953125 0.01645370370370366 0.00568229166666665
0 0.7461944444444444 0.8040729166666665 0.012703703703703835 0.004546875000000128
0 0.7822777777777777 0.7845052083333333 0.008657407407407428 0.006984374999999865
0 0.8065277777777777 0.7706249999999999 0.013277777777777703 0.00454687499999995
0 0.7495185185185185 0.750328125 0.019342592592592685 0.0077916666666666854
0 0.7364351851851852 0.7179739583333333 0.008250000000000075 0.009999999999999964
0 0.7445555555555554 0.7000729166666667 0.013657407407407302 0.008697916666666573
0 0.8020185185185185 0.717609375 0.009018518518518526 0.0069583333333334
0 0.8179907407407406 0.7260156249999999 0.009018518518518526 0.00724479166666665
0 0.8599907407407407 0.7176822916666666 0.018296296296296394 0.004494791666666664
0 0.8862777777777776 0.7057239583333332 0.01417592592592598 0.008114583333333236
0 0.9303425925925924 0.6781874999999999 0.01313888888888894 0.009276041666666578
0 0.9407777777777776 0.6595624999999999 0.011333333333333447 0.010291666666666721
0 0.9300833333333333 0.636734375 0.009537037037036889 0.008406249999999994
0 0.8835740740740741 0.6391249999999999 0.010305555555555656 0.009713541666666714
0 0.9510833333333333 0.6223854166666667 0.013916666666666641 0.008406249999999994
0 0.9667962962962964 0.6167291666666666 0.013398148148147963 0.004927083333333293
0 0.908824074074074 0.5999895833333333 0.010824074074074019 0.012317708333333321
0 0.8844722222222221 0.6143385416666666 0.012629629629629827 0.007390625000000028
0 0.8383518518518517 0.6207916666666666 0.0069537037037036955 0.008114583333333236
0 0.890398148148148 0.5787552083333333 0.008500000000000164 0.011015625000000107
0 0.8187685185185185 0.5807864583333332 0.014685185185185093 0.010145833333333344
0 0.975175925925926 0.57165625 0.018296296296296394 0.007828125000000163
0 0.9658981481481482 0.5495520833333334 0.014685185185185409 0.006812500000000022
0 0.949148148148148 0.5247656249999999 0.01417592592592598 0.010291666666666721
0 0.9204166666666665 0.519765625 0.012370370370370172 0.011307291666666686
0 0.8683703703703703 0.5298385416666667 0.010305555555555656 0.012609375000000079
0 0.9684722222222222 0.5130989583333333 0.013657407407407302 0.004057291666666707
0 0.9558518518518517 0.4838177083333333 0.015203703703703771 0.004927083333333293
0 0.9331759259259259 0.48396354166666666 0.016231481481481562 0.009276041666666578
0 0.8925925925925925 0.4936770833333333 0.009787037037036978 0.009854166666666764
0 0.9017407407407407 0.48555729166666667 0.012111111111111149 0.01217708333333345
0 0.8732592592592593 0.4810625 0.013398148148148279 0.012463541666666699
0 0.8570277777777777 0.485265625 0.01546296296296311 0.004927083333333293
0 0.8447314814814814 0.42686979166666666 0.012787037037037092 0.010026041666666607
0 0.8509351851851851 0.41531770833333326 0.023638888888888862 0.009156250000000022
0 0.8720555555555556 0.3905729166666666 0.008527777777777917 0.011557291666666724
0 0.7615 0.377953125 0.012666666666666831 0.007125000000000004
0 0.7583333333333333 0.4280885416666666 0.02172222222222236 0.008145833333333385
0 0.7603703703703704 0.33061458333333327 0.012212962962962908 0.010182291666666643
0 0.6785648148148148 0.3106770833333333 0.012722222222222178 0.009171874999999918
0 0.6854259259259259 0.30743229166666663 0.00854629629629626 0.009395833333333315
0 0.6225925925925926 0.2992135416666667 0.01809259259259256 0.00682291666666659
0 0.5835277777777778 0.29804166666666665 0.017898148148148132 0.006932291666666668
0 0.5751759259259259 0.30978125 0.013518518518518381 0.005369791666666668
0 0.5510185185185186 0.30318229166666666 0.016898148148148096 0.009395833333333315
0 0.5459537037037037 0.26817708333333334 0.018287037037036984 0.0064843750000000535
0 0.5272592592592592 0.2799791666666666 0.01710185185185193 0.011072916666666632
0 0.5739907407407407 0.33745312499999996 0.012675925925925924 0.013395833333333319
0 0.5726481481481481 0.36370312499999996 0.017666666666666546 0.011447916666666646
0 0.4075 0.3851979166666667 0.022277777777777726 0.005614583333333289
0 0.6755648148148148 0.43226041666666665 0.013074074074074026 0.008276041666666779
0 0.40724999999999995 0.4380833333333333 0.011444444444444457 0.004598958333333236
0 0.43012962962962964 0.45432291666666663 0.019064814814814843 0.0064375000000000075
0 0.7883703703703704 0.5317552083333333 0.010435185185185169 0.011734374999999986
0 0.7414259259259258 0.5423749999999999 0.021861111111111123 0.007546874999999886
0 0.7447777777777778 0.5935833333333334 0.015648148148148126 0.009921875000000035
0 0.6799444444444445 0.5949791666666666 0.010185185185185238 0.008802083333333321
0 0.7651481481481481 0.6120208333333332 0.010675925925926005 0.009359374999999837
0 0.7182037037037036 0.6337499999999999 0.008194444444444254 0.010338541666666678
0 0.7027962962962963 0.648140625 0.014157407407407322 0.00670833333333345
0 0.781787037037037 0.6795781249999999 0.009194444444444609 0.012296875000000007
0 0.5238148148148147 0.6669270833333333 0.025916666666666623 0.007510416666666764
0 0.36537037037037035 0.668859375 0.014138888888888819 0.008723958333333393
0 0.3589907407407407 0.6419114583333333 0.006870370370370319 0.00783854166666682
0 0.36553703703703694 0.6095468749999999 0.01682407407407409 0.010036458333333265
0 0.3703518518518518 0.5238958333333332 0.015398148148148197 0.006265624999999986
0 0.4072037037037036 0.5378958333333334 0.0150740740740741 0.010317708333333364
0 0.5644537037037036 0.5343072916666666 0.014416666666666661 0.007187500000000036
0 0.42506481481481473 0.5426875 0.01146296296296296 0.005526041666666792