0 0.10042592592592592 0.37072916666666667 0.022592592592592612 0.009885416666666647
0 0.08787962962962961 0.36966666666666664 0.008787037037037048 0.009182291666666753
0 0.09728703703703702 0.40356249999999994 0.0225925925925926 0.009885416666666692
0 0.09258333333333332 0.39526562499999995 0.011925925925925925 0.007416666666666671
0 0.18799074074074074 0.4051510416666666 0.00815740740740741 0.008828124999999964
0 0.09698148148148146 0.4265104166666666 0.020712962962962964 0.01200520833333325
0 0.013499999999999998 0.42315625 0.020703703703703703 0.00670833333333345
0 0.028731481481481483 0.43335937499999994 0.01200925925925925 0.008036458333333307
0 0.027916666666666663 0.4396614583333333 0.020129629629629626 0.0034687500000000425
0 0.009574074074074073 0.4407552083333333 0.014611111111111111 0.005296874999999979
0 0.04950925925925925 0.45572916666666663 0.017851851851851855 0.0060260416666666925
0 0.05291666666666666 0.48257812499999997 0.011037037037037045 0.009312500000000057
0 0.015092592592592593 0.47892708333333334 0.013314814814814814 0.0089479166666667
0 0.003407407407407407 0.49271354166666664 0.006814814814814814 0.006937499999999907
0 0.12483333333333332 0.5125260416666666 0.01071296296296297 0.011140624999999993
0 0.014444444444444442 0.5489583333333333 0.009416666666666663 0.010958333333333315
0 0.004055555555555555 0.5482291666666665 0.006814814814814814 0.007307291666666771
0 0.03344444444444444 0.5728854166666666 0.011037037037037036 0.011322916666666493
0 0.022074074074074072 0.5758958333333333 0.01103703703703704 0.011869791666666707
0 0.09577777777777777 0.5536145833333334 0.0038981481481481554 0.004932291666666621
0 0.18977777777777777 0.5491302083333333 0.016416666666666656 0.005875000000000163
0 0.23553703703703702 0.547875 0.008453703703703673 0.005593749999999886
0 0.036314814814814814 0.632796875 0.008953703703703702 0.00979166666666682
0 0.048 0.6610572916666666 0.008453703703703698 0.01091145833333318
0 0.08207407407407408 0.6623177083333334 0.010944444444444439 0.008953125000000029
0 0.05099074074074074 0.672109375 0.014425925925925925 0.007276041666666622
0 0.05447222222222222 0.6953333333333334 0.00945370370370371 0.007833333333333314
0 0.14923148148148146 0.6925364583333333 0.010944444444444439 0.010072916666666742
0 0.1338148148148148 0.7228958333333333 0.006962962962962946 0.0064375000000000075
0 0.11316666666666665 0.7388437499999999 0.017407407407407406 0.0069947916666665225
0 0.14998148148148147 0.7466770833333333 0.006462962962962966 0.00475520833333345
0 0.16962962962962963 0.7501770833333332 0.008953703703703731 0.008395833333333335
0 0.17709259259259258 0.7345052083333333 0.006962962962962946 0.005036458333333371
0 0.21066666666666667 0.7157604166666667 0.021388888888888936 0.007276041666666622
0 0.29050925925925924 0.6951927083333332 0.016916666666666677 0.0069947916666665225
0 0.38725925925925925 0.705125 0.012435185185185086 0.010072916666666742
0 0.39149074074074075 0.7434635416666666 0.01989814814814821 0.008395833333333335
0 0.29846296296296293 0.76375 0.00994444444444448 0.008114583333333236
0 0.24399999999999997 0.7794166666666666 0.00945370370370371 0.005875000000000163
0 0.21141666666666667 0.78753125 0.007962962962962984 0.0064375000000000075
0 0.2770740740740741 0.8015208333333333 0.010944444444444517 0.006994791666666611
0 0.2753333333333333 0.79075 0.006462962962963006 0.008395833333333335
0 0.3089166666666667 0.7876718749999999 0.015916666666666718 0.005036458333333371
0 0.3186111111111111 0.7791354166666666 0.008453703703703673 0.0064375000000000075
0 0.4039259259259259 0.7851510416666667 0.012935185185185263 0.010635416666666763
0 0.3989537037037037 0.8008229166666666 0.01492592592592593 0.0033593749999998755
0 0.45640740740740743 0.7725624999999999 0.01939814814814819 0.006156250000000085
0 0.4700833333333333 0.7851510416666667 0.017907407407407386 0.00951562500000005
0 0.44446296296296295 0.78809375 0.01939814814814819 0.0069947916666665225
0 0.4521759259259259 0.7962083333333333 0.013925925925925892 0.00979166666666682
0 0.44073148148148145 0.8118749999999999 0.008953703703703613 0.00867187499999993
0 0.6001666666666666 0.8272656249999999 0.01939814814814819 0.006437500000000184
0 0.528037037037037 0.8142552083333332 0.00945370370370379 0.011749999999999972
0 0.5696388888888889 0.8151197916666666 0.009740740740740723 0.007671875000000128
0 0.5974074074074074 0.8104635416666666 0.006166666666666742 0.006760416666666558
0 0.6665833333333333 0.7934739583333333 0.014611111111111085 0.004203125000000085
0 0.6772962962962963 0.79959375 0.008120370370370406 0.008036458333333218
0 0.5098796296296295 0.762328125 0.016240740740740653 0.006578125000000057
0 0.5887962962962963 0.7648854166666667 0.012990740740740768 0.005479166666666657
0 0.6274444444444445 0.7741979166666667 0.02143518518518527 0.008036458333333307
0 0.6479074074074074 0.7689947916666666 0.018833333333333258 0.008588541666666494
0 0.6698333333333333 0.7700885416666666 0.015268518518518527 0.006760416666666736
0 0.7295833333333333 0.785984375 0.01006481481481482 0.004567708333333265
0 0.6717777777777777 0.7508177083333333 0.015268518518518527 0.006578125000000057
0 0.6990555555555555 0.7404947916666667 0.01786111111111113 0.0038385416666665505
0 0.6594351851851852 0.7363854166666666 0.014611111111111085 0.006213541666666522
0 0.5698055555555556 0.7406770833333333 0.016564814814814907 0.0074895833333334496
0 0.5314814814814814 0.7389427083333333 0.016564814814814907 0.006578125000000057
0 0.5231944444444443 0.6737239583333332 0.025333333333333187 0.005114583333333478
0 0.491537037037037 0.6930885416666667 0.013314814814814863 0.009864583333333421
0 0.7427407407407407 0.688796875 0.01428703703703699 0.005296874999999979
0 0.7727777777777778 0.6854166666666666 0.018509259259259163 0.010958333333333315
0 0.8013611111111112 0.6877916666666666 0.01721296296296278 0.008036458333333307
0 0.7776481481481481 0.7271614583333333 0.01071296296296301 0.0060260416666666925
0 0.8226296296296296 0.73090625 0.019481481481481447 0.005114583333333478
0 0.8336759259259259 0.731453125 0.014935185185185182 0.006578125000000057
0 0.8818981481481482 0.6990260416666667 0.019157407407407352 0.007124999999999914
0 0.8435740740740739 0.7099895833333333 0.01071296296296301 0.004203125000000085
0 0.8380185185185184 0.6881822916666666 0.009351851851851873 0.009885416666666735
0 0.8615277777777777 0.6668072916666666 0.009351851851851873 0.010781249999999964
0 0.883638888888889 0.6248541666666666 0.008583333333333422 0.008302083333333422
0 0.938037037037037 0.6047760416666667 0.006861111111111187 0.008302083333333422
0 0.8992592592592593 0.5881718749999999 0.013731481481481308 0.007531250000000078
0 0.7925092592592591 0.5956041666666666 0.01578703703703689 0.006947916666666743
0 0.8094351851851851 0.5605885416666666 0.012481481481481498 0.006406250000000035
0 0.8612407407407406 0.5586822916666667 0.00922222222222236 0.009916666666666707
0 0.8879629629629628 0.5724114583333333 0.010583333333333498 0.008697916666666573
0 0.8989444444444444 0.5756927083333332 0.014101851851851975 0.006406250000000035
0 0.9439722222222222 0.5591354166666667 0.01519444444444452 0.005338541666666608
0 0.9677129629629629 0.5425833333333333 0.016000000000000292 0.007630208333333321
0 0.910611111111111 0.5211458333333333 0.017361111111111112 0.00564583333333335
0 0.9605185185185184 0.51878125 0.015194444444444205 0.004880208333333335
0 0.9277037037037036 0.5089374999999999 0.00867592592592593 0.00930729166666655
0 0.910611111111111 0.5138229166666666 0.015731481481481385 0.006255208333333329
0 0.9104722222222221 0.46346875 0.011666666666666476 0.009916666666666707
0 0.9149537037037037 0.48559374999999994 0.014101851851851975 0.00564583333333335
0 0.89325 0.4733854166666666 0.00867592592592593 0.008088541666666593
0 0.8396759259259259 0.464078125 0.009490740740740635 0.00717187500000005
0 0.8659907407407407 0.4475989583333333 0.009490740740740635 0.006255208333333329
0 0.9016574074074073 0.44058333333333327 0.012481481481481498 0.004729166666666629
0 0.938138888888889 0.43569791666666663 0.012203703703703658 0.008390625000000007
0 0.39947222222222223 0.6306770833333333 0.016259259259259157 0.011755208333333479
0 0.46206481481481476 0.6365104166666666 0.009175925925925948 0.008848958333333278
0 0.2957592592592592 0.6455416666666667 0.012777777777777761 0.009583333333333322
0 0.21513888888888885 0.6121770833333333 0.014092592592592644 0.004791666666666572
0 0.25675925925925924 0.6382604166666667 0.010157407407407407 0.007557291666666721
0 0.3658888888888889 0.5892291666666666 0.016712962962962923 0.00866145833333345
0 0.3260648148148148 0.5813020833333333 0.018351851851851897 0.007187500000000036
0 0.38374074074074066 0.5716249999999999 0.011138888888888863 0.011796875000000106
0 0.4497777777777777 0.605171875 0.010157407407407485 0.011427083333333421
0 0.5828240740740741 0.6244322916666667 0.019333333333333435 0.00866145833333345
0 0.4565925925925926 0.524875 0.016370370370370323 0.00880729166666665
0 0.26746296296296296 0.501171875 0.010527777777777756 0.005921874999999943
0 0.270537037037037 0.4944322916666666 0.014324074074074072 0.0072343749999999925
0 0.4162592592592592 0.5201510416666666 0.011666666666666634 0.008124999999999893
0 0.5551388888888888 0.5120052083333333 0.009962962962962903 0.005989583333333393
0 0.1726851851851852 0.335796875 0.01635185185185186 0.004880208333333247
0 0.17418518518518517 0.3256614583333333 0.010675925925925906 0.006380208333333304
0 0.15783333333333333 0.31064583333333334 0.010675925925925887 0.006755208333333318
0 0.22875925925925925 0.3295885416666666 0.017712962962962958 0.006119791666666696
0 0.22762037037037036 0.33948437499999995 0.01796296296296297 0.004838541666666618
0 0.231537037037037 0.3469583333333333 0.01467592592592592 0.008682291666666675
0 0.21174074074074073 0.29025 0.01605555555555556 0.0067760416666666325
0 0.2614259259259259 0.272578125 0.012907407407407432 0.007697916666666682
0 0.2856111111111111 0.274109375 0.015870370370370385 0.007614583333333247
0 0.3078611111111111 0.268859375 0.014620370370370337 0.005864583333333328
0 0.3535185185185185 0.271484375 0.02193518518518521 0.009713541666666714
0 0.39295370370370364 0.279796875 0.010268518518518495 0.008661458333333361
0 0.3787222222222221 0.2910833333333333 0.01571296296296304 0.006385416666666632
0 0.4198703703703703 0.2689010416666666 0.014314814814814902 0.015749999999999976
0 0.4580555555555555 0.2739791666666666 0.019444444444444445 0.007348958333333311
0 0.4883888888888889 0.26041666666666663 0.01975925925925913 0.007526041666666661
0 0.49383333333333335 0.2495625 0.016018518518518477 0.005250000000000021
0 0.37016666666666664 0.30559375 0.014157407407407322 0.006734375000000003
0 0.6189444444444444 0.2885989583333333 0.017416666666666615 0.007041666666666657
0 0.6270925925925925 0.30295833333333333 0.014370370370370407 0.008083333333333354
0 0.7432037037037036 0.3071302083333333 0.019314814814814618 0.0058125000000000425
0 0.7920277777777778 0.3260208333333333 0.015851851851851645 0.009989583333333395
0 0.7703055555555554 0.34947395833333333 0.00792592592592598 0.0076666666666667105
0 0.739398148148148 0.34475 0.01331481481481502 0.005348958333333353
0 0.7787129629629629 0.37132291666666667 0.00887962962962945 0.0067760416666666325
0 0.8226296296296296 0.3726614583333333 0.016166666666666805 0.005531249999999943
0 0.7818796296296295 0.3990572916666667 0.00887962962962945 0.007312500000000011
0 0.8465648148148148 0.41189583333333335 0.013953703703703645 0.010520833333333358
0 0.8589259259259259 0.409578125 0.008240740740740824 0.009453125000000107
0 0.8834629629629629 0.6927864583333333 0.02360185185185186 0.005828125000000029
0 0.7996481481481481 0.682421875 0.018305555555555644 0.004875000000000007
0 0.39797222222222217 0.4175520833333334 0.008870370370370355 0.002848958333333407