0 0.31672222222222224 0.22924479166666661 0.008750000000000016 0.0069479166666666535
0 0.31877777777777777 0.24342708333333332 0.020064814814814803 0.0052083333333333036
0 0.3301018518518518 0.248203125 0.007722222222222226 0.0072343749999999925
0 0.3679259259259259 0.24444270833333331 0.010287037037036997 0.004921875000000053
0 0.3632962962962963 0.25587499999999996 0.011324074074074039 0.0052083333333333036
0 0.3663611111111111 0.26640625 0.008305555555555582 0.007270833333333382
0 0.3683611111111111 0.27653125 0.007388888888888959 0.005364583333333339
0 0.40298148148148144 0.27367708333333335 0.010157407407407485 0.004156250000000039
0 0.4340648148148148 0.2394895833333333 0.010157407407407485 0.007442708333333314
0 0.43222222222222223 0.25126041666666665 0.009537037037037047 0.0050208333333332964
0 0.45375925925925925 0.28025520833333334 0.010768518518518514 0.00830729166666666
0 0.4614537037037037 0.28804166666666664 0.0076944444444443936 0.0069218750000000105
0 0.48268518518518516 0.277828125 0.010157407407407485 0.004500000000000082
0 0.32881481481481484 0.26190625 0.0076944444444443936 0.005885416666666643
0 0.3075833333333333 0.267359375 0.0076944444444443936 0.009864583333333333
0 0.34605555555555556 0.27930208333333334 0.012620370370370339 0.004328124999999972
0 0.4482222222222222 0.2432083333333333 0.0076944444444443936 0.0048489583333332755
0 0.5011481481481481 0.2694322916666666 0.009537037037037047 0.007098958333333361
0 0.5456203703703704 0.28769791666666666 0.018462962962963066 0.0055416666666666895
0 0.5066944444444444 0.26259895833333335 0.010768518518518672 0.0055416666666666895
0 0.4560648148148148 0.24736458333333333 0.008620370370370268 0.007614583333333336
0 0.4886851851851851 0.23567708333333331 0.007388888888888959 0.0057135416666667105
0 0.5663888888888889 0.23888020833333332 0.010157407407407485 0.0034635416666666252
0 0.24526851851851847 0.24719270833333332 0.012925925925925933 0.010041666666666681
0 0.2588055555555555 0.2535104166666667 0.013537037037037042 0.005364583333333339
0 0.2401388888888889 0.27030729166666667 0.011101851851851861 0.004322916666666643
0 0.2350185185185185 0.26804687499999996 0.00802777777777774 0.005187499999999989
0 0.17346296296296296 0.27057291666666666 0.009648148148148177 0.005859375
0 0.17828703703703705 0.27415625 0.006944444444444444 0.0065104166666666964
0 0.1883148148148148 0.29510416666666667 0.007722222222222226 0.006729166666666675
0 0.1958425925925926 0.29901041666666667 0.007333333333333374 0.0049947916666666535
0 0.15088888888888888 0.31539583333333326 0.008490740740740755 0.0065104166666666964
0 0.17712962962962964 0.31181770833333333 0.007722222222222206 0.004125000000000068
0 0.18850925925925924 0.3188697916666666 0.007333333333333374 0.009552083333333261
0 0.22112037037037036 0.294015625 0.010805555555555596 0.005859375
0 0.24060185185185187 0.2955364583333333 0.008101851851851825 0.006296874999999957
0 0.25816666666666666 0.29890104166666664 0.01466666666666667 0.00390625
0 0.27148148148148143 0.302265625 0.005787037037037064 0.004125000000000068
0 0.2753333333333333 0.30639062499999997 0.005018518518518454 0.002822916666666675
0 0.31546296296296295 0.308078125 0.011824074074074058 0.007057291666666643
0 0.2242685185185185 0.3192760416666666 0.012305555555555575 0.005291666666666739
0 0.28350000000000003 0.33440624999999996 0.008685185185185181 0.007869791666666615
0 0.29230555555555554 0.3293177083333333 0.0074814814814815455 0.009635416666666697
0 0.31751851851851853 0.3384114583333333 0.01978703703703704 0.003937499999999971
0 0.22064814814814815 0.3310156249999999 0.007962962962962984 0.007869791666666615
0 0.20858333333333334 0.34628125 0.01134259259259262 0.005291666666666739
0 0.19061111111111112 0.351234375 0.00916666666666662 0.006244791666666671
0 0.14911111111111108 0.3585625 0.005305555555555586 0.004885416666666753
0 0.09312962962962962 0.3467552083333333 0.022675925925925936 0.008140625000000058
0 0.10712962962962962 0.3517083333333333 0.005787037037037024 0.005833333333333357
0 0.07443518518518519 0.35313541666666665 0.014722222222222234 0.005427083333333371
0 0.08034259259259259 0.37057291666666664 0.010620370370370363 0.007463541666666629
0 0.08287962962962962 0.37729166666666664 0.011824074074074077 0.005427083333333371
0 0.10483333333333332 0.37627604166666667 0.013750000000000009 0.009093749999999989
0 0.13547222222222222 0.37274479166666663 0.006999999999999989 0.005562500000000003
0 0.14259259259259258 0.37892187499999996 0.0067592592592592695 0.007057291666666643
0 0.18167592592592594 0.3798697916666667 0.007722222222222226 0.007057291666666643
0 0.06104629629629629 0.39541145833333335 0.009166666666666679 0.007734374999999983
0 0.029074074074074068 0.3871354166666666 0.011824074074074067 0.007734374999999983
0 0.028231481481481472 0.39188541666666665 0.009648148148148147 0.007463541666666629
0 0.04246296296296296 0.40538541666666666 0.008685185185185181 0.008687500000000093
0 0.08698148148148148 0.4133958333333333 0.010861111111111101 0.006515624999999936
0 0.11571296296296296 0.31664583333333335 0.011944444444444436 0.008317708333333318
0 0.10064814814814815 0.41083854166666656 0.009101851851851863 0.005437500000000028
0 0.0887037037037037 0.4233124999999999 0.011370370370370371 0.006718750000000107
0 0.054870370370370375 0.43194791666666665 0.014212962962962964 0.0060781249999999785
0 0.04207407407407407 0.427953125 0.012509259259259265 0.007036458333333329
0 0.01819444444444444 0.43482812499999995 0.00910185185185185 0.008635416666666628
0 0.009666666666666665 0.43402604166666664 0.00796296296296296 0.009593749999999979
0 0.03412037037037037 0.4524218749999999 0.01478703703703704 0.008635416666666628
0 0.0875648148148148 0.44010416666666663 0.01364814814814815 0.008953125000000029
0 0.1646111111111111 0.41483854166666667 0.0187685185185185 0.008317708333333406
0 0.04833333333333333 0.46057812499999995 0.010231481481481477 0.005119791666666628
0 0.028148148148148148 0.45705729166666664 0.010805555555555558 0.006395833333333378
0 0.05742592592592592 0.4535416666666666 0.01250925925925927 0.007036458333333329
0 0.01591666666666667 0.4671302083333333 0.006824074074074075 0.010557291666666658
0 0.017342592592592593 0.4768854166666666 0.011944444444444442 0.006395833333333378
0 0.009379629629629634 0.5072708333333333 0.01535185185185185 0.007036458333333329
0 0.038092592592592595 0.515109375 0.020472222222222225 0.005437500000000028
0 0.04463888888888889 0.5112708333333333 0.006259259259259266 0.00415624999999995
0 0.04491666666666666 0.5077552083333333 0.010231481481481477 0.004796875000000078
0 0.06225925925925925 0.5043958333333334 0.009666666666666658 0.0038385416666665505
0 0.05714814814814814 0.49271875 0.009666666666666658 0.008635416666666628
0 0.09069444444444444 0.494640625 0.014212962962962955 0.010557291666666658
0 0.06596296296296295 0.4909583333333333 0.011370370370370371 0.005119791666666628
0 0.05599074074074074 0.4862552083333333 0.015999999999999993 0.005651041666666678
0 0.05915740740740741 0.4775677083333333 0.012648148148148151 0.006697916666666614
0 0.09914814814814814 0.48572916666666666 0.013018518518518521 0.007114583333333435
0 0.09524074074074072 0.4753697916666667 0.014138888888888899 0.003973958333333449
0 0.11124074074074074 0.4747447916666666 0.011157407407407404 0.008578125000000015
0 0.08408333333333333 0.463859375 0.00892592592592592 0.007322916666666579
0 0.08054629629629628 0.45287499999999997 0.013018518518518521 0.005859375
0 0.08910185185185185 0.4594687499999999 0.013018518518518521 0.005234375000000036
0 0.1116111111111111 0.46720833333333334 0.0171111111111111 0.005234375000000036
0 0.12984259259259257 0.4571666666666666 0.011907407407407433 0.008999999999999985
0 0.15012037037037035 0.44701562499999997 0.010787037037037015 0.011302083333333357
0 0.17727777777777778 0.4477447916666666 0.029388888888888885 0.006906249999999936
0 0.1943981481481481 0.46720833333333334 0.01376851851851855 0.006906249999999936
0 0.12259259259259259 0.507390625 0.010787037037037015 0.003973958333333449
0 0.08928703703703703 0.5135624999999999 0.00967592592592592 0.006276041666666643
0 0.1276111111111111 0.5151354166666666 0.016370370370370365 0.007322916666666579
0 0.1631388888888889 0.522875 0.015250000000000026 0.007322916666666579
0 0.14175000000000001 0.5285260416666666 0.011907407407407433 0.010255208333333422
0 0.08296296296296296 0.5286302083333333 0.021583333333333343 0.01171875
0 0.0963611111111111 0.5300989583333333 0.020833333333333332 0.004604166666666565
0 0.0625 0.5274791666666666 0.010416666666666666 0.007322916666666579
0 0.07757407407407407 0.5433854166666666 0.012277777777777762 0.005651041666666678
0 0.1238888888888889 0.5554218750000001 0.018601851851851828 0.005020833333333208
0 0.14305555555555555 0.5624322916666665 0.007064814814814824 0.014437499999999836
0 0.17449074074074072 0.5382604166666667 0.010416666666666666 0.0071145833333332575
0 0.10119444444444445 0.560546875 0.01339814814814816 0.0035572916666666288
0 0.1105 0.5627447916666666 0.008185185185185202 0.010463541666666742
0 0.11793518518518517 0.5706979166666667 0.016370370370370365 0.004187499999999922
0 0.08799074074074074 0.5692291666666667 0.013768518518518529 0.005020833333333208
0 0.06826851851851852 0.5711145833333333 0.007064814814814804 0.006697916666666792
0 0.05506481481481481 0.5667187499999999 0.00892592592592592 0.0046041666666667425
0 0.03423148148148148 0.5703802083333334 0.014879629629629626 0.007322916666666579
0 0.024555555555555556 0.5636875 0.011907407407407412 0.006067708333333322
0 0.05078703703703703 0.58775 0.015250000000000001 0.007744791666666551
0 0.07645370370370369 0.591625 0.011537037037037044 0.00627604166666682
0 0.08222222222222221 0.5928802083333332 0.00446296296296295 0.004187499999999922
0 0.0860925925925926 0.597328125 0.012722222222222227 0.004453125000000035
0 0.08185185185185186 0.6036874999999999 0.013851851851851865 0.005723958333333279
0 0.06672222222222222 0.6015416666666666 0.014138888888888899 0.007473958333333286
0 0.05357407407407407 0.6084583333333333 0.011592592592592588 0.005406250000000057
0 0.08863888888888888 0.6219791666666666 0.011027777777777765 0.006041666666666679
0 0.10517592592592592 0.6011458333333334 0.009611111111111095 0.00763541666666665
0 0.11521296296296296 0.6001874999999999 0.016111111111111104 0.0063593750000000785
0 0.12412037037037038 0.6148229166666667 0.010175925925925948 0.005723958333333279
0 0.10389814814814814 0.6227708333333333 0.01046296296296296 0.006041666666666679
0 0.09259259259259257 0.6312031250000001 0.005935185185185195 0.004135416666666636
0 0.0996574074074074 0.6304062500000001 0.01046296296296296 0.004770833333333257
0 0.10163888888888888 0.6343020833333333 0.008194444444444452 0.006203124999999865
0 0.10673148148148148 0.6395520833333334 0.012157407407407403 0.006203124999999865
0 0.08891666666666666 0.64121875 0.013287037037037031 0.005723958333333279
0 0.10955555555555554 0.6451979166666666 0.008194444444444452 0.004770833333333257
0 0.11747222222222221 0.644640625 0.005935185185185195 0.0033385416666666503
0 0.14631481481481481 0.6344635416666666 0.014981481481481474 0.0036562500000000497
0 0.1406574074074074 0.619671875 0.018379629629629652 0.004609374999999893
0 0.1432037037037037 0.6284166666666666 0.011592592592592588 0.003973958333333449
0 0.15846296296296294 0.6148229166666667 0.014981481481481474 0.0038177083333332364
0 0.16285185185185186 0.6366875000000001 0.009611111111111095 0.008744791666666706
0 0.168787037037037 0.6471822916666665 0.01696296296296297 0.004609374999999893
0 0.13712037037037036 0.6594270833333333 0.01187037037037035 0.008427083333333307
0 0.14277777777777775 0.6649947916666666 0.010175925925925948 0.005567708333333421
0 0.1702037037037037 0.6644375 0.00791666666666669 0.008906249999999893
0 0.17839814814814814 0.6638802083333333 0.008481481481481505 0.008109375000000085
0 0.1947962962962963 0.65815625 0.015268518518518527 0.0033385416666666503
0 0.18376851851851853 0.6355729166666666 0.010740740740740762 0.005885416666666821
0 0.2165648148148148 0.6389947916666665 0.00904629629629628 0.0066770833333334775
0 0.19380555555555554 0.6527499999999999 0.008768518518518518 0.0023854166666666286
0 0.1765648148148148 0.6134687499999999 0.005370370370370381 0.009062500000000107
0 0.19310185185185186 0.6168072916666667 0.008481481481481505 0.010973958333333478
0 0.20667592592592593 0.6227708333333333 0.013574074074074124 0.007317708333333428
0 0.16680555555555554 0.604484375 0.012444444444444456 0.007000000000000029
0 0.12770370370370368 0.5834947916666666 0.014953703703703683 0.007093749999999943
0 0.14969444444444444 0.5792083333333332 0.01377777777777776 0.005770833333333236
0 0.15835185185185185 0.5827500000000001 0.012898148148148141 0.007588541666666693
0 0.2092222222222222 0.5976822916666666 0.013194444444444444 0.010390624999999964
0 0.22462037037037036 0.6027083333333334 0.012898148148148181 0.004286458333333343
0 0.24675925925925923 0.6010624999999999 0.01085185185185185 0.013526041666666622
0 0.2820925925925926 0.6065052083333333 0.01583333333333338 0.009234374999999951
0 0.29763888888888884 0.6052656249999999 0.00879629629629627 0.008083333333333265
0 0.30423148148148144 0.5956197916666666 0.007916666666666652 0.006927083333333428
0 0.3273981481481481 0.5929791666666666 0.012611111111111089 0.0036302083333332293
0 0.34748148148148145 0.5901770833333334 0.014074074074074143 0.005937500000000107
0 0.36845370370370367 0.5967708333333333 0.017305555555555605 0.00560937500000005
0 0.36258333333333326 0.6051822916666667 0.008500000000000006 0.007588541666666693
0 0.3683055555555555 0.6103802083333333 0.02052777777777774 0.007421875
0 0.36537037037037035 0.6168125 0.005861111111111149 0.004453125000000035
0 0.3361944444444444 0.6329791666666666 0.007916666666666652 0.0061041666666666215
0 0.2145 0.64996875 0.014370370370370327 0.003791666666666771
0 0.19353703703703704 0.68559375 0.0187685185185185 0.004781249999999915
0 0.20658333333333334 0.6679479166666666 0.0067407407407406895 0.0061041666666666215
0 0.20746296296296296 0.6978020833333333 0.00967592592592589 0.006432291666666678
0 0.19705555555555554 0.7013489583333332 0.007037037037037032 0.007255208333333307
0 0.21611111111111111 0.706046875 0.009972222222222231 0.005114583333333478
0 0.23927777777777778 0.6983802083333334 0.014074074074074064 0.006927083333333428
0 0.23253703703703701 0.7009375 0.012898148148148101 0.003791666666666771
0 0.2345925925925926 0.690046875 0.00879629629629627 0.00544270833333318
0 0.24602777777777776 0.6792447916666667 0.01173148148148147 0.008578124999999836
0 0.26625925925925925 0.6808125 0.017009259259259262 0.0041249999999999785
0 0.25613888888888886 0.67759375 0.009092592592592612 0.004619791666666551
0 0.24221296296296294 0.6713281249999999 0.009379629629629625 0.004286458333333343
0 0.24837037037037035 0.667453125 0.00879629629629627 0.006432291666666678
0 0.26025 0.6598645833333333 0.013194444444444444 0.005114583333333478
0 0.22403703703703703 0.6543385416666666 0.009972222222222231 0.00560937500000005
0 0.2879537037037037 0.6672864583333333 0.01583333333333338 0.005770833333333236
0 0.28429629629629627 0.64971875 0.010259259259259324 0.007916666666666572
0 0.30071296296296296 0.6799895833333333 0.008499999999999928 0.006432291666666678
0 0.3092222222222222 0.6863385416666666 0.01085185185185185 0.005276041666666664
0 0.30774999999999997 0.6945052083333334 0.009092592592592612 0.0041249999999999785
0 0.306287037037037 0.7008541666666667 0.0067407407407406895 0.00560937500000005
0 0.3111203703703704 0.7054739583333334 0.0052777777777777935 0.0049479166666666075
0 0.2847314814814815 0.703328125 0.004101851851851832 0.006265625000000163
0 0.29206481481481483 0.7117395833333333 0.009379629629629625 0.005276041666666664
0 0.3024722222222222 0.7083593749999999 0.005574074074074057 0.005114583333333478
0 0.29631481481481475 0.7046458333333334 0.006157407407407413 0.0049479166666666075
0 0.30613888888888885 0.7157812499999999 0.012898148148148101 0.0061041666666666215
0 0.2530648148148148 0.712234375 0.011138888888888863 0.0029687499999999645
0 0.27241666666666664 0.716109375 0.010555555555555509 0.003791666666666771
0 0.2820925925925926 0.7262552083333333 0.009972222222222231 0.0049479166666666075
0 0.30599074074074073 0.7312864583333333 0.01085185185185185 0.00544270833333318
0 0.3483611111111111 0.7352447916666667 0.009379629629629625 0.0041249999999999785
0 0.3398611111111111 0.7192447916666667 0.00879629629629627 0.005770833333333236
0 0.3444074074074074 0.72171875 0.008499999999999928 0.004453125000000035
0 0.3468981481481481 0.7263385416666666 0.012898148148148101 0.004781249999999915
0 0.3375185185185185 0.6888958333333333 0.009379629629629625 0.006432291666666678
0 0.33091666666666664 0.6856770833333333 0.011435185185185206 0.005276041666666664
0 0.3449907407407407 0.7138020833333333 0.012611111111111089 0.003135416666666657
0 0.3715277777777778 0.7299635416666665 0.008212962962962915 0.006432291666666678
0 0.384287037037037 0.7373072916666666 0.006157407407407334 0.006265625000000163
0 0.39323148148148146 0.7304635416666667 0.008796296296296349 0.006760416666666736
0 0.3784259259259259 0.7058020833333334 0.014370370370370407 0.004286458333333343
0 0.37725000000000003 0.6885625 0.011435185185185206 0.006432291666666678
0 0.40408333333333335 0.69203125 0.013490740740740787 0.003135416666666657
0 0.39674999999999994 0.6824635416666667 0.009379629629629625 0.0061041666666666215
0 0.4153703703703704 0.7229583333333333 0.009092592592592692 0.00824479166666663
0 0.3974814814814814 0.706046875 0.005574074074074057 0.0041249999999999785
0 0.41962037037037037 0.7005208333333333 0.010555555555555587 0.0049479166666666075
0 0.42270370370370364 0.7028333333333333 0.007916666666666572 0.004619791666666551
0 0.43369444444444444 0.7058854166666666 0.004694444444444438 0.00544270833333318
0 0.4473333333333333 0.7067916666666666 0.008500000000000006 0.003296875000000021
0 0.32781481481481484 0.6721354166666667 0.0141574074074074 0.010098958333333208
0 0.31952777777777774 0.660578125 0.01899074074074076 0.004078125000000021
0 0.31420370370370365 0.6423229166666666 0.011416666666666705 0.006010416666666707
0 0.3225925925925926 0.6405625 0.005712962962962899 0.005182291666666572
0 0.32451851851851854 0.6457916666666667 0.00994444444444448 0.004661458333333179
0 0.32931481481481484 0.6480729166666667 0.008472222222222174 0.0052812499999999925
0 0.3551851851851852 0.65884375 0.01123148148148149 0.0048697916666666785
0 0.3620925925925926 0.6558385416666667 0.018416666666666654 0.006526041666666771
0 0.3738796296296296 0.6612291666666665 0.00699999999999995 0.007145833333333229
0 0.3981018518518518 0.664078125 0.009027777777777777 0.004557291666666607
0 0.4230555555555555 0.6712239583333333 0.0106851851851851 0.004348958333333286
0 0.4253611111111111 0.658640625 0.010870370370370431 0.0036250000000000782
0 0.4445092592592592 0.6644895833333333 0.008287037037037079 0.004765625000000107
0 0.42324074074074075 0.6503489583333334 0.008472222222222254 0.006114583333333279
0 0.4315277777777778 0.6442395833333333 0.008472222222222254 0.003416666666666579
0 0.46293518518518517 0.6882135416666666 0.0068148148148147744 0.006421875000000021
0 0.4593425925925925 0.7092447916666667 0.008101851851851905 0.005385416666666742
0 0.45437037037037037 0.7202291666666666 0.008842592592592603 0.006630208333333343
0 0.414212962962963 0.7370104166666666 0.008842592592592603 0.0035208333333335063
0 0.41992592592592587 0.7328697916666667 0.00699999999999995 0.00372916666666665
0 0.43217592592592585 0.7424999999999999 0.0068148148148147744 0.004973958333333428
0 0.43843518518518515 0.7415677083333333 0.006444444444444425 0.00372916666666665
0 0.4523425925925925 0.7471666666666665 0.010314814814814749 0.00372916666666665
0 0.46477777777777773 0.7281041666666667 0.007555555555555473 0.00372916666666665
0 0.46625 0.7162916666666665 0.010870370370370431 0.00372916666666665
0 0.4702962962962963 0.7072291666666667 0.01123148148148153 0.007145833333333229
0 0.4781296296296296 0.7016822916666666 0.011046296296296356 0.007458333333333478
0 0.48180555555555554 0.7363385416666667 0.012157407407407561 0.007145833333333229
0 0.4755462962962963 0.7496510416666666 0.0099444444444444 0.005593749999999886
0 0.48705555555555546 0.7409479166666666 0.010499999999999924 0.0035208333333335063
0 0.49589814814814814 0.7500677083333334 0.010499999999999924 0.005802083333333208
0 0.5108148148148147 0.7464895833333334 0.011601851851851879 0.004661458333333179
0 0.5135833333333333 0.7553489583333333 0.0068148148148147744 0.004765625000000107
0 0.5289629629629629 0.7531197916666666 0.01620370370370365 0.0048697916666666785
0 0.5065833333333334 0.7344739583333333 0.010870370370370431 0.005489583333333314
0 0.5041851851851852 0.7305364583333334 0.011601851851851879 0.002588541666666622
0 0.5112777777777777 0.724421875 0.005527777777777803 0.005906250000000135
0 0.5123796296296296 0.7281041666666667 0.008842592592592603 0.002901041666666693
0 0.5251851851851852 0.7312604166666666 0.011601851851851879 0.004661458333333179
0 0.5324629629629629 0.7384114583333333 0.012157407407407561 0.006734374999999915
0 0.5155185185185185 0.7240104166666665 0.006259259259259251 0.005489583333333314
0 0.5665277777777777 0.7346822916666665 0.0099444444444444 0.004453125000000035
0 0.5820925925925925 0.7463854166666666 0.015287037037037028 0.005489583333333314
0 0.5873425925925926 0.751203125 0.011046296296296356 0.006838541666666665
0 0.5366944444444444 0.7178958333333332 0.019157407407407512 0.0052812499999999925
0 0.5282222222222223 0.7122499999999999 0.011416666666666547 0.006213541666666522
0 0.49930555555555556 0.7071770833333333 0.0139999999999999 0.006421875000000021
0 0.5085185185185185 0.7000260416666666 0.008842592592592603 0.004765625000000107
0 0.5200277777777778 0.6926197916666667 0.017129629629629682 0.005906250000000135
0 0.5567685185185185 0.690703125 0.00957407407407405 0.0089114583333334
0 0.523712962962963 0.6830885416666665 0.012342592592592579 0.009218749999999965
0 0.4990277777777778 0.6834010416666667 0.012342592592592579 0.006942708333333237
0 0.47195370370370365 0.6856770833333333 0.006444444444444425 0.004249999999999865
0 0.5281296296296296 0.6599322916666666 0.009759259259259226 0.006838541666666665
0 0.5393611111111111 0.6746979166666667 0.010129629629629733 0.007145833333333229
0 0.5681851851851851 0.6770260416666667 0.013629629629629707 0.006421875000000021
0 0.5816388888888888 0.713703125 0.011787037037037054 0.007249999999999979
0 0.619574074074074 0.7448333333333332 0.008842592592592603 0.0036250000000000782
0 0.6356018518518518 0.72784375 0.011046296296296356 0.010880208333333207
0 0.6452685185185185 0.7346302083333333 0.009027777777777777 0.006838541666666665
0 0.6592685185185184 0.7333854166666666 0.007916666666666572 0.006630208333333343
0 0.650425925925926 0.7302760416666667 0.010129629629629733 0.004348958333333286
0 0.6875370370370371 0.7291874999999999 0.011787037037037054 0.006942708333333237
0 0.6221574074074073 0.7199687499999999 0.010314814814814907 0.006734374999999915
0 0.6131296296296296 0.7195572916666666 0.00699999999999995 0.005697916666666636
0 0.637898148148148 0.7192447916666667 0.011972222222222228 0.0032135416666667638
0 0.6490462962962963 0.7102291666666667 0.009212962962962952 0.005489583333333314
0 0.6420462962962963 0.705515625 0.009212962962962952 0.004973958333333428
0 0.6255648148148147 0.70909375 0.010129629629629733 0.007145833333333229
0 0.6050277777777777 0.7100781249999999 0.008842592592592603 0.005182291666666572
0 0.6137777777777778 0.7100260416666666 0.005342592592592629 0.0030052083333332647
0 0.6143240740740741 0.7065520833333332 0.00865740740740727 0.005182291666666572
0 0.6142314814814814 0.6931875 0.0106851851851851 0.007046875000000163
0 0.6093518518518519 0.6868177083333333 0.011601851851851879 0.007145833333333229
0 0.5987592592592592 0.6832447916666666 0.006629629629629758 0.0089114583333334
0 0.6441666666666667 0.6927239583333333 0.010129629629629733 0.006942708333333237
0 0.6599074074074074 0.6923593749999999 0.008101851851851905 0.007046875000000163
0 0.6924166666666666 0.7032395833333334 0.017500000000000033 0.004145833333333293
0 0.7132314814814814 0.7133385416666667 0.00534259259259255 0.005489583333333314
0 0.7136944444444443 0.701375 0.009212962962963032 0.008083333333333265
0 0.7217037037037037 0.697953125 0.010499999999999924 0.005385416666666742
0 0.6894722222222222 0.6728854166666667 0.007555555555555631 0.006010416666666707
0 0.6486759259259259 0.6659427083333332 0.011046296296296356 0.009322916666666714
0 0.6964722222222223 0.6609166666666667 0.010129629629629733 0.0052812499999999925
0 0.7053055555555555 0.6643854166666665 0.012342592592592579 0.007874999999999943
0 0.7129537037037036 0.671953125 0.010314814814814907 0.006421875000000021
0 0.7014444444444444 0.6713802083333332 0.010499999999999924 0.0048697916666666785
0 0.7026388888888888 0.6763541666666666 0.008472222222222254 0.005489583333333314
0 0.7101944444444445 0.6818958333333333 0.0099444444444444 0.006630208333333343
0 0.7204166666666666 0.6798229166666666 0.008657407407407428 0.007874999999999943
0 0.7298981481481481 0.6779583333333333 0.011046296296296356 0.007458333333333478
0 0.7239166666666667 0.665890625 0.007185185185185282 0.008182291666666685
0 0.7367129629629628 0.6512291666666666 0.014370370370370249 0.00372916666666665
0 0.7294351851851851 0.6456354166666666 0.008657407407407428 0.008703125000000079
0 0.685787037037037 0.6428906249999999 0.008287037037037079 0.006526041666666771
0 0.6691203703703703 0.6429947916666666 0.008101851851851905 0.008182291666666685
0 0.751074074074074 0.6401979166666667 0.011416666666666705 0.007979166666666693
0 0.768574074074074 0.6536145833333333 0.013629629629629549 0.005385416666666742
0 0.756787037037037 0.6943802083333332 0.007370370370370299 0.009218749999999965
0 0.766361111111111 0.6970729166666667 0.011416666666666705 0.005489583333333314
0 0.7732685185185185 0.6956770833333333 0.007185185185185282 0.006630208333333343
0 0.760935185185185 0.6870260416666666 0.009388888888888875 0.008598958333333507
0 0.7689444444444444 0.6804479166666667 0.009574074074073893 0.004557291666666607
0 0.7809166666666667 0.6898229166666667 0.018787037037037005 0.005489583333333314
0 0.7875462962962962 0.685625 0.0139999999999999 0.004145833333333293
0 0.7944537037037037 0.6792031249999999 0.013814814814814882 0.005182291666666572
0 0.81425 0.6908072916666665 0.014731481481481663 0.004973958333333428
0 0.8078981481481481 0.6830364583333333 0.008657407407407428 0.00849479166666658
0 0.8163703703703703 0.684125 0.006444444444444583 0.006942708333333237
0 0.5981203703703704 0.6714322916666667 0.016518518518518495 0.005963541666666572
0 0.6185925925925926 0.6734427083333333 0.008138888888888907 0.00443750000000005
0 0.6014537037037038 0.66484375 0.02120370370370384 0.00443750000000005
0 0.6323981481481481 0.671359375 0.015537037037036959 0.00443750000000005
0 0.6176018518518518 0.6595 0.011592592592592628 0.008463541666666607
0 0.6352314814814815 0.6588749999999999 0.01085185185185193 0.004994791666666743
0 0.6079814814814815 0.6493072916666667 0.013074074074074026 0.0036041666666667637
0 0.628824074074074 0.6398020833333333 0.012824074074073937 0.004578124999999922
0 0.5894907407407407 0.6355729166666666 0.00665740740740751 0.0038854166666666854
0 0.5381944444444444 0.6346718749999999 0.00665740740740751 0.003192708333333449
0 0.5427592592592592 0.6279427083333333 0.008879629629629607 0.004994791666666743
0 0.5560740740740739 0.6311354166666666 0.011833333333333309 0.005828125000000029
0 0.5619907407407407 0.6343229166666667 0.012824074074073937 0.004718749999999971
0 0.5274722222222222 0.6055416666666666 0.006907407407407441 0.005130208333333286
0 0.559648148148148 0.6132395833333334 0.008138888888888907 0.0061041666666666215
0 0.5452222222222223 0.59375 0.007398148148148209 0.006520833333333265
0 0.576787037037037 0.5981927083333333 0.007888888888888819 0.004578124999999922
0 0.6021944444444445 0.5929895833333333 0.01085185185185193 0.003328124999999993
0 0.6060092592592592 0.600203125 0.011092592592592609 0.006380208333333392
0 0.6263611111111111 0.5884114583333333 0.008879629629629607 0.005828125000000029
0 0.6473148148148148 0.6008281249999999 0.015287037037037028 0.007354166666666551
0 0.6718518518518519 0.619828125 0.01011111111111123 0.005130208333333286
0 0.6723518518518519 0.6103958333333332 0.012574074074074007 0.008739583333333379
0 0.6898518518518517 0.6114375 0.010601851851851841 0.005828125000000029
0 0.680111111111111 0.6011041666666666 0.006907407407407441 0.004302083333333507
0 0.6830740740740741 0.6060260416666666 0.007888888888888819 0.006380208333333392
0 0.69775 0.6000624999999999 0.0051759259259257975 0.005828125000000029
0 0.7215462962962963 0.623296875 0.01331481481481502 0.004020833333333229
0 0.7328888888888888 0.6140052083333334 0.015287037037037028 0.006239583333333343
0 0.7478055555555555 0.6189270833333332 0.012574074074074007 0.005546875000000106
0 0.7756759259259259 0.6332864583333333 0.009120370370370286 0.008463541666666607
0 0.7931759259259258 0.6443125 0.01750925925925944 0.0061041666666666215
0 0.8061296296296295 0.6474322916666666 0.014305555555555492 0.004302083333333507
0 0.7823333333333333 0.6668541666666666 0.011092592592592609 0.005130208333333286
0 0.7904629629629629 0.6608906250000001 0.008629629629629676 0.008182291666666685
0 0.8039074074074073 0.6583229166666666 0.009370370370370374 0.007213541666666679
0 0.7876296296296295 0.6343958333333333 0.011342592592592697 0.008463541666666607
0 0.8470648148148148 0.6748958333333333 0.004935185185185118 0.0054114583333332075
0 0.8526111111111111 0.6683802083333333 0.007148148148148278 0.009015624999999972
0 0.875787037037037 0.6519427083333333 0.009120370370370286 0.007213541666666679
0 0.8381851851851851 0.6298177083333333 0.010851851851851772 0.007906249999999915
0 0.8597592592592592 0.6287083333333332 0.007148148148148278 0.00291145833333335
0 0.8358425925925925 0.6211458333333333 0.010601851851852 0.005270833333333336
0 0.8443518518518518 0.6246822916666667 0.006907407407407441 0.003744791666666636
0 0.8381851851851851 0.6177499999999999 0.004935185185185118 0.0054114583333332075
0 0.848537037037037 0.6145572916666666 0.009861111111111301 0.003192708333333449
0 0.8342407407407407 0.6088020833333333 0.008388888888888838 0.0074895833333334496
0 0.8153703703703703 0.60984375 0.008629629629629676 0.004578124999999922
0 0.7897314814814813 0.6086614583333334 0.009620370370370463 0.008874999999999921
0 0.8990925925925924 0.6166406249999999 0.013805555555555632 0.003468749999999865
0 0.9143796296296295 0.6205937499999999 0.00640740740740758 0.006380208333333392
0 0.9038981481481481 0.6111614583333334 0.007148148148148278 0.0074895833333334496
0 0.9149999999999999 0.60478125 0.006166666666666742 0.006380208333333392
0 0.9399074074074074 0.597359375 0.006657407407407352 0.005963541666666572
0 0.4486944444444444 0.633453125 0.015453703703703702 0.0038385416666665505
0 0.4715185185185185 0.632140625 0.006472222222222178 0.004447916666666707
0 0.48050000000000004 0.6437604166666666 0.010064814814814662 0.004651041666666522
0 0.4706203703703703 0.6186979166666667 0.014731481481481505 0.005864583333333506
0 0.48930555555555555 0.6163697916666667 0.007546296296296381 0.007276041666666622
0 0.4616296296296296 0.5853385416666665 0.022638888888888983 0.005458333333333343
0 0.4785277777777777 0.5913020833333332 0.009703703703703721 0.004041666666666721
0 0.4851759259259259 0.586046875 0.008629629629629518 0.0068749999999999645
0 0.401074074074074 0.5807916666666666 0.007907407407407321 0.007682291666666607
0 0.38382407407407404 0.5706822916666667 0.01006481481481482 0.0052552083333333496
0 0.41365740740740736 0.572 0.008629629629629676 0.0038385416666665505
0 0.4393518518518518 0.557140625 0.01186111111111106 0.006062499999999993
0 0.48086111111111113 0.5629010416666667 0.009342592592592465 0.004244791666666714
0 0.4785277777777777 0.5573437499999999 0.007546296296296381 0.0032343750000000783
0 0.48787037037037034 0.5558229166666667 0.008981481481481524 0.004244791666666714
0 0.47169444444444447 0.5426875 0.014731481481481505 0.006671874999999971
0 0.5101481481481481 0.5629010416666667 0.006824074074074026 0.004244791666666714
0 0.5308148148148147 0.5637083333333333 0.012222222222222317 0.005864583333333506
0 0.5498611111111111 0.5657291666666666 0.017250000000000102 0.007072916666666628
0 0.6084444444444445 0.5513802083333333 0.015092592592592604 0.0078854166666666
0 0.663962962962963 0.5720989583333334 0.007546296296296381 0.0068749999999999645
0 0.6645092592592592 0.5512760416666667 0.01150000000000012 0.005661458333333336
0 0.7018796296296296 0.5579479166666667 0.009342592592592465 0.006468749999999979
0 0.686787037037037 0.5669427083333333 0.012222222222222317 0.005864583333333506
0 0.698824074074074 0.5695729166666667 0.005388888888888882 0.005864583333333506
0 0.7672685185185184 0.6180208333333332 0.004555555555555518 0.0036614583333333785
0 0.8386574074074074 0.5977083333333333 0.010083333333333321 0.00475520833333345
0 0.840287037037037 0.5880156249999999 0.0061759259259259935 0.007317708333333428
0 0.9254999999999999 0.5868229166666666 0.007481481481481309 0.004572916666666771
0 0.9455092592592592 0.5824322916666667 0.005851851851851898 0.0031093749999998367
0 0.9152592592592593 0.5782239583333333 0.009759259259259226 0.0034739583333333714
0 0.8869629629629628 0.5838072916666667 0.00650925925925934 0.00475520833333345
0 0.8801296296296296 0.5780416666666666 0.00650925925925934 0.004937499999999951
0 0.8637037037037035 0.57346875 0.00877777777777769 0.00603645833333335
0 0.8528055555555555 0.57465625 0.009111111111111035 0.005854166666666494
0 0.838824074074074 0.5789583333333332 0.014314814814814744 0.0053072916666666355
0 0.8064629629629629 0.5827083333333333 0.008129629629629499 0.006588541666666714
0 0.7856481481481481 0.5885624999999999 0.010083333333333321 0.00475520833333345
0 0.8176851851851852 0.5754791666666667 0.012361111111110922 0.007135416666666572
0 0.8498796296296296 0.5632239583333334 0.012361111111110922 0.007135416666666572
0 0.7150648148148147 0.5838072916666667 0.00943518518518521 0.0032916666666666927
0 0.7147037037037036 0.5783958333333332 0.005703703703703885 0.006421875000000021
0 0.7197870370370371 0.5817083333333334 0.007666666666666641 0.004416666666666735
0 0.7044444444444443 0.5764895833333332 0.008027777777777897 0.0038125000000000854
0 0.714787037037037 0.5722291666666667 0.013018518518518441 0.00291145833333335
0 0.7263796296296297 0.5636979166666667 0.0069537037037036955 0.006921874999999922
0 0.7270092592592592 0.5459895833333333 0.006777777777777614 0.00802604166666665
0 0.6948240740740741 0.539671875 0.009796296296296228 0.0036093749999999147
0 0.7159444444444445 0.5285833333333333 0.007138888888889028 0.004713541666666643
0 0.9697592592592591 0.5378177083333332 0.0075185185185183126 0.007583333333333364
0 0.9684999999999999 0.5591510416666666 0.005018518518518691 0.0029947916666666075
0 0.936537037037037 0.5590625 0.008148148148148 0.00529166666666665
0 0.9293240740740739 0.5706093749999999 0.005018518518518691 0.005114583333333478
0 0.9269722222222222 0.5579166666666666 0.0065833333333333455 0.0044062500000000785
0 0.8751018518518517 0.5561562499999999 0.009407407407407378 0.006171874999999894
0 0.8644444444444445 0.554390625 0.011287037037037193 0.003703125000000007
0 0.876824074074074 0.532265625 0.012851851851851847 0.003880208333333357
0 0.9196111111111109 0.5272395833333332 0.005638888888888813 0.005463541666666671
0 0.8719629629629628 0.5282083333333333 0.005638888888888813 0.006348958333333421
0 0.842037037037037 0.5403749999999999 0.014731481481481663 0.00529166666666665
0 0.8953148148148148 0.5378177083333332 0.01034259259259266 0.003703125000000007
0 0.9015833333333333 0.5365833333333333 0.007212962962963035 0.005463541666666493
0 0.9435833333333334 0.52415625 0.011592592592592786 0.004937499999999951
0 0.9487592592592593 0.5179843749999999 0.011287037037037193 0.00458333333333325
0 0.7843611111111112 0.5276822916666666 0.007833333333333472 0.002822916666666764
0 0.7970555555555555 0.5343802083333333 0.0068981481481481905 0.006697916666666614
0 0.7085092592592592 0.5239791666666667 0.006583333333333267 0.0056406250000000215
0 0.7769999999999999 0.5200989583333333 0.0075185185185183126 0.005994791666666721
0 0.6734074074074073 0.5114635416666666 0.012851851851852005 0.005994791666666721
0 0.708824074074074 0.5183385416666667 0.007212962962962877 0.004937499999999951
0 0.7404814814814814 0.5171927083333333 0.01159259259259247 0.005463541666666671
0 0.7704166666666665 0.5058177083333333 0.016296296296296316 0.004937499999999951
0 0.17838888888888887 0.5587187499999999 0.008250000000000016 0.006791666666666707
0 0.18603703703703703 0.5652291666666667 0.011064814814814777 0.007583333333333364
0 0.2046574074074074 0.56890625 0.004833333333333359 0.00724479166666665
0 0.21049074074074076 0.5686822916666665 0.010870370370370353 0.007015624999999836
0 0.23654629629629628 0.5710572916666667 0.01147222222222221 0.00475520833333345
0 0.23805555555555558 0.5669270833333333 0.00764814814814814 0.003963541666666792
0 0.2817222222222222 0.554078125 0.011675925925925965 0.00951041666666672
0 0.2814259259259259 0.5698697916666667 0.01147222222222221 0.0032812500000000354
0 0.31523148148148145 0.55696875 0.005435185185185216 0.005770833333333236
0 0.31211111111111106 0.5779635416666666 0.012074074074074067 0.003619791666666572
0 0.19514814814814813 0.49452083333333335 0.012953703703703686 0.008234374999999971
0 0.2038796296296296 0.5146354166666667 0.0067592592592592695 0.0047499999999999435
0 0.3214444444444444 0.5335677083333333 0.007601851851851886 0.0061770833333334
0 0.29821296296296296 0.5354687499999999 0.006759259259259191 0.007442708333333314
0 0.26392592592592595 0.5266510416666665 0.008453703703703673 0.006546874999999908
0 0.36260185185185184 0.5400625 0.016527777777777787 0.0042239583333334
0 0.4016574074074074 0.5418072916666666 0.012018518518518482 0.006442708333333336
0 0.3800648148148148 0.5352552083333333 0.011268518518518534 0.006020833333333364
0 0.3668240740740741 0.5297656249999999 0.011453703703703707 0.00411979166666665
0 0.2346296296296296 0.5091614583333334 0.009722222222222222 0.0036093750000000925
0 0.26058333333333333 0.5099270833333333 0.009916666666666726 0.0053593749999999215
0 0.2736018518518519 0.5067604166666666 0.009138888888888867 0.0033906249999999362
0 0.22675925925925924 0.4964791666666667 0.006805555555555603 0.0053593749999999215
0 0.2280185185185185 0.4843958333333333 0.00855555555555559 0.003062500000000057
0 0.2701018518518518 0.4745572916666666 0.009138888888888867 0.005250000000000021
0 0.2852685185185185 0.47138541666666656 0.013805555555555552 0.006343750000000092
0 0.3180185185185185 0.48696874999999995 0.011277777777777704 0.006453124999999993
0 0.3724537037037037 0.47674479166666667 0.011277777777777784 0.00415624999999995
0 0.4190092592592592 0.47351562499999994 0.007194444444444375 0.0053593749999999215
0 0.3453333333333333 0.4566770833333333 0.010694444444444428 0.0029531249999999788
0 0.31870370370370366 0.4559114583333333 0.006805555555555603 0.006234375000000014
0 0.2763888888888889 0.44490625 0.012740740740740759 0.007354166666666551
0 0.313037037037037 0.43080729166666665 0.009592592592592632 0.004093750000000007
0 0.3657314814814815 0.44471875 0.009435185185185288 0.006046875000000007
0 0.37077777777777776 0.43769270833333335 0.007944444444444483 0.003536458333333314
0 0.3300740740740741 0.42061458333333335 0.010592592592592669 0.0032552083333333925
0 0.3798796296296296 0.4151249999999999 0.011916666666666723 0.004744791666666614
0 0.38525925925925925 0.41693749999999996 0.009435185185185288 0.00390625
0 0.4065185185185185 0.4188020833333333 0.013564814814814793 0.005395833333333222
0 0.33379629629629626 0.38259375 0.0121203703703704 0.005557291666666675
0 0.26578703703703704 0.365546875 0.015268518518518527 0.004291666666666671
0 0.34502777777777777 0.37464062499999995 0.0112222222222222 0.010354166666666753
0 0.3840833333333333 0.37729166666666664 0.00942592592592588 0.005557291666666675
0 0.3721851851851851 0.3736302083333333 0.005388888888888882 0.0047968749999999895
0 0.3988981481481481 0.35607812499999997 0.018407407407407404 0.006062500000000082
0 0.415287037037037 0.3593645833333333 0.014370370370370407 0.006062500000000082
0 0.42112037037037037 0.36592708333333335 0.015268518518518527 0.004041666666666633
0 0.42830555555555555 0.33575 0.014370370370370407 0.0032812499999999465
0 0.35625 0.3320885416666667 0.008527777777777799 0.003536458333333314
0 0.4443518518518518 0.3335989583333333 0.010194444444444489 0.0037083333333332467
0 0.452 0.3358802083333333 0.01288888888888885 0.005229166666666618
0 0.4776296296296296 0.3358802083333333 0.008398148148148089 0.008598958333333328
0 0.4618888888888888 0.34962499999999996 0.008092592592592653 0.0060729166666667386
0 0.49576851851851844 0.3681770833333333 0.008092592592592653 0.0101197916666667
0 0.53175 0.3730677083333333 0.015888888888888966 0.005734375000000025
0 0.4563425925925926 0.3808229166666666 0.008990740740740775 0.003375000000000039
0 0.5477962962962962 0.39364062499999997 0.010194444444444489 0.006411458333333275
0 0.4594907407407407 0.3998802083333333 0.010490740740740832 0.00809375000000001
0 0.49891666666666673 0.4073020833333333 0.006592592592592439 0.0064114583333333645
0 0.5031203703703704 0.40822916666666664 0.007194444444444375 0.008265624999999943
0 0.5498888888888889 0.40890624999999997 0.01199074074074073 0.007249999999999979
0 0.5534907407407407 0.42973437499999995 0.01199074074074073 0.0040468750000000496
0 0.46384259259259253 0.4373229166666667 0.0060000000000000695 0.00337499999999995
0 0.5786759259259259 0.42627604166666666 0.007796296296296311 0.004890624999999993
0 0.53025 0.389171875 0.0068981481481481905 0.0028645833333333036
0 0.6184074074074074 0.3937291666666667 0.011694444444444545 0.0055677083333333325
0 0.5795740740740741 0.38858333333333334 0.010796296296296425 0.0060729166666667386
0 0.6173518518518518 0.41548437499999996 0.019787037037036884 0.008265624999999943
0 0.7053518518518518 0.4078072916666667 0.017694444444444297 0.007760416666666714
0 0.6996574074074075 0.442890625 0.0074999999999999685 0.0040468750000000496
0 0.5882685185185186 0.46540625 0.010194444444444489 0.007927083333333407
0 0.6131574074074074 0.4686927083333333 0.010796296296296425 0.005395833333333222
0 0.6308518518518519 0.466921875 0.013194444444444444 0.007927083333333407
0 0.5869259259259259 0.48159895833333327 0.009898148148148146 0.010963541666666642
0 0.5227592592592593 0.4931510416666667 0.008092592592592653 0.009109375000000064
0 0.5612870370370371 0.5064739583333333 0.014388888888888908 0.005057291666666686
0 0.581074074074074 0.5159166666666666 0.01199074074074073 0.007083333333333286
0 0.6122592592592593 0.4918854166666666 0.020990740740740754 0.009276041666666578
0 0.6366944444444443 0.4958489583333333 0.018287037037036984 0.0040468750000000496
0 0.6680277777777778 0.47325 0.016787037037037086 0.0047239583333333005
0 0.6887129629629629 0.4971145833333333 0.008398148148148089 0.003880208333333357
0 0.7452314814814814 0.48834374999999997 0.011092592592592609 0.009276041666666578
0 0.7675740740740741 0.48901562499999995 0.011398148148148202 0.010963541666666642
0 0.7854074074074074 0.4964375 0.009898148148148303 0.008937500000000043
0 0.7551296296296296 0.5215677083333332 0.007499999999999811 0.005567708333333421
0 0.8014537037037036 0.5232552083333333 0.011990740740740888 0.004552083333333279
0 0.8113425925925926 0.5209791666666665 0.0077962962962964686 0.007083333333333286
0 0.801898148148148 0.4788125 0.011694444444444545 0.005395833333333222
0 0.8210925925925925 0.48977604166666666 0.011694444444444545 0.010791666666666621
0 0.8143425925925925 0.5056302083333333 0.006592592592592597 0.007083333333333286
0 0.8521203703703704 0.5008229166666667 0.009592592592592394 0.007588541666666693
0 0.8284351851851852 0.48024479166666667 0.007194444444444533 0.006916666666666594
0 0.8354814814814814 0.4769583333333333 0.011092592592592609 0.0047239583333333005
0 0.8474722222222222 0.48142708333333334 0.010490740740740674 0.005567708333333421
0 0.8807592592592592 0.4907031249999999 0.007499999999999811 0.005567708333333421
0 0.9240833333333333 0.5193749999999999 0.006592592592592597 0.007249999999999979
0 0.825287037037037 0.5267968749999999 0.010490740740740674 0.005567708333333421
0 0.8827037037037037 0.4746822916666666 0.008990740740740775 0.007249999999999979
0 0.9248333333333333 0.477125 0.009898148148148303 0.00877083333333335
0 0.948824074074074 0.471140625 0.009898148148148303 0.003880208333333357
0 0.8996481481481482 0.4612708333333333 0.01288888888888885 0.0067447916666667496
0 0.9287314814814814 0.45689062499999994 0.014092592592592722 0.0047239583333333005
0 0.9464166666666668 0.45671874999999995 0.010490740740740674 0.0067447916666667496
0 0.9684629629629629 0.4395989583333333 0.01619444444444424 0.004890624999999993
0 0.8900555555555555 0.435890625 0.01709259259259252 0.005901041666666629
0 0.8668148148148147 0.44601041666666663 0.01619444444444456 0.006916666666666594
0 0.8627685185185184 0.43614583333333334 0.010490740740740674 0.0064114583333333645
0 0.9380277777777778 0.4201197916666667 0.01288888888888885 0.0064114583333333645
0 0.8093981481481481 0.4385052083333333 0.012296296296296166 0.009442708333333449
0 0.7342870370370369 0.44904687499999996 0.01619444444444456 0.005567708333333421
0 0.7452314814814814 0.44002083333333336 0.011694444444444545 0.011130208333333336
0 0.7860092592592592 0.43420312499999997 0.012296296296296166 0.007927083333333407
0 0.7967870370370369 0.42589062499999997 0.009574074074073893 0.003588541666666778
0 0.7799259259259259 0.41128124999999993 0.01640740740740733 0.005124999999999958
0 0.7153333333333333 0.4219791666666667 0.005694444444444634 0.006791666666666707
0 0.8932777777777777 0.41211458333333334 0.016629629629629664 0.006791666666666707
0 0.8466851851851851 0.39814062499999997 0.013666666666666553 0.003973958333333361
0 0.7995185185185185 0.395578125 0.008203703703703507 0.007307291666666682
0 0.85625 0.39231249999999995 0.008657407407407428 0.0069218750000000105
0 0.8249259259259258 0.37295833333333334 0.010249999999999836 0.00922916666666671
0 0.8362037037037037 0.3742395833333333 0.006379629629629828 0.0058958333333333
0 0.8602407407407406 0.3849427083333333 0.007972222222222235 0.005510416666666629
0 0.897148148148148 0.3896197916666667 0.0075185185185183126 0.0058958333333333
0 0.8620648148148148 0.372 0.012074074074074145 0.005510416666666629
0 0.8661666666666666 0.36302604166666663 0.008425925925925842 0.008588541666666671
0 0.8203703703703703 0.3617447916666666 0.009342592592592623 0.004739583333333286
0 0.8236666666666667 0.36501041666666667 0.011388888888888952 0.004359374999999943
0 0.8266296296296296 0.35969270833333333 0.008657407407407428 0.005510416666666629
0 0.7397129629629628 0.3470052083333333 0.01299074074074061 0.006026041666666604
0 0.7037129629629629 0.35411979166666663 0.009796296296296228 0.004098958333333247
0 0.715898148148148 0.37910937499999997 0.005472222222222298 0.00717708333333329
0 0.7661388888888887 0.3496979166666666 0.011166666666666616 0.006281249999999972
0 0.7820925925925925 0.34982291666666665 0.008425925925925842 0.006026041666666604
0 0.826861111111111 0.3443802083333333 0.005925925925925905 0.0069218750000000105
0 0.8218518518518518 0.33713541666666663 0.01595370370370372 0.006281249999999972
0 0.7140740740740741 0.33316145833333327 0.009574074074073973 0.005255208333333261
0 0.6667962962962962 0.34149479166666663 0.017546296296296286 0.007562499999999961
0 0.6485648148148149 0.34834895833333335 0.01389814814814814 0.005124999999999958
0 0.6211111111111111 0.3482864583333333 0.007287037037036884 0.009098958333333318
0 0.6244166666666666 0.36841145833333333 0.010249999999999993 0.00422916666666664
0 0.5966203703703704 0.35584895833333335 0.012074074074073987 0.005255208333333261
0 0.5797592592592592 0.36155208333333333 0.00751851851851847 0.0025625000000000673
0 0.5879629629629629 0.37385416666666665 0.00751851851851847 0.003588541666666689
0 0.7105462962962962 0.352515625 0.00979629629629615 0.005510416666666629
0 0.8787777777777778 0.3443229166666667 0.009083333333333284 0.0044895833333332465
0 0.876712962962963 0.3383645833333333 0.011555555555555467 0.006192708333333385
0 0.8633703703703703 0.33704687499999997 0.007981481481481485 0.0038697916666666997
0 0.7890648148148148 0.3254375 0.011277777777777942 0.005109374999999972
0 0.756324074074074 0.32605729166666664 0.009083333333333284 0.010682291666666632
0 0.7356851851851851 0.3295416666666667 0.019537037037036954 0.006812499999999932
0 0.7396759259259258 0.3232708333333333 0.008805555555555442 0.003562499999999957
0 0.7047314814814815 0.31514583333333335 0.0088055555555556 0.006192708333333385
0 0.6810648148148147 0.30500520833333333 0.014861111111111016 0.006656249999999986
0 0.6909722222222222 0.3120520833333333 0.0088055555555556 0.0043333333333333
0 0.7494444444444444 0.30075 0.009629629629629714 0.004953125000000025
0 0.7630648148148148 0.29409374999999993 0.012111111111111149 0.0043333333333333
0 0.7821851851851851 0.3108125 0.01073148148148151 0.005572916666666661
0 0.5796574074074073 0.31220312499999997 0.01237962962962958 0.007432291666666657
0 0.59025 0.30740625 0.011555555555555624 0.008979166666666672
0 0.6212129629629629 0.302453125 0.01788888888888888 0.004953125000000025
0 0.5938333333333333 0.2903802083333333 0.011555555555555624 0.004953125000000025
0 0.6154351851851851 0.2831041666666666 0.01403703703703706 0.004953125000000025
0 0.6168055555555555 0.2725 0.013481481481481379 0.005109374999999972
0 0.6331851851851852 0.268015625 0.012111111111110991 0.004177083333333354
0 0.6551944444444444 0.28836979166666665 0.007157407407407372 0.0052604166666665895
0 0.662212962962963 0.28496354166666665 0.007981481481481327 0.007739583333333311
0 0.6801018518518518 0.28101562499999994 0.00852777777777776 0.0044895833333332465
0 0.6386203703703703 0.2533020833333333 0.007342592592592704 0.004354166666666703
0 0.6341481481481481 0.24727604166666667 0.008731481481481593 0.003458333333333297
0 0.6478425925925925 0.2519635416666667 0.016268518518518408 0.005244791666666693
0 0.6724444444444444 0.2598333333333333 0.011111111111111112 0.005135416666666703
0 0.6919907407407407 0.270546875 0.009722222222222222 0.004911458333333396
0 0.6925833333333333 0.275515625 0.010518518518518425 0.004130208333333396
0 0.7288981481481481 0.26909374999999996 0.0125 0.0046875
0 0.7455648148148147 0.27651562499999993 0.015277777777777777 0.0047968749999999895
0 0.7077685185185184 0.24855729166666665 0.010314814814814829 0.013395833333333319
0 0.5962685185185185 0.22474999999999995 0.0132592592592592 0.007651041666666724
0 0.5529166666666666 0.22379166666666667 0.016324074074074227 0.006505208333333368
0 0.5054814814814814 0.21968229166666667 0.0091851851851852 0.008989583333333329
0 0.5019999999999999 0.31611979166666665 0.017435185185185116 0.0069218750000000105
0 0.28450925925925924 0.36021875 0.01378703703703705 0.00830729166666666