0 0.3213148148148148 0.24336458333333333 0.00879629629629627 0.00596354166666666
0 0.3486296296296296 0.2440625 0.014435185185185202 0.007656250000000054
0 0.3053796296296296 0.24880729166666665 0.012009259259259311 0.006473958333333307
0 0.3161203703703704 0.25734375 0.012648148148148092 0.0066510416666666575
0 0.314962962962963 0.26519791666666664 0.008638888888888927 0.00905208333333336
0 0.34438888888888886 0.2626145833333333 0.021972222222222212 0.010062499999999997
0 0.31573148148148145 0.2668125 0.013962962962962974 0.008109374999999997
0 0.35532407407407407 0.2548489583333333 0.019388888888888938 0.004041666666666633
0 0.3651481481481481 0.24714583333333331 0.0068981481481481905 0.008781250000000008
0 0.3892777777777777 0.25377083333333333 0.01723148148148144 0.004546875000000039
0 0.3774537037037037 0.2626770833333333 0.01517592592592586 0.006385416666666632
0 0.3703611111111111 0.24094791666666665 0.011120370370370362 0.0052812499999999925
0 0.39114814814814813 0.24065624999999996 0.012222222222222317 0.008640625000000046
0 0.41164814814814815 0.23669791666666665 0.010222222222222242 0.004489583333333336
0 0.4265833333333333 0.2347395833333333 0.015648148148148126 0.006541666666666668
0 0.43377777777777776 0.26117187499999994 0.014435185185185162 0.00791666666666666
0 0.27902777777777776 0.26011979166666666 0.013064814814814854 0.008651041666666703
0 0.23329629629629625 0.27183333333333326 0.009694444444444469 0.011328125
0 0.24915740740740738 0.27658854166666663 0.02307407407407401 0.007906250000000004
0 0.2736018518518519 0.2763072916666666 0.021388888888888936 0.006645833333333328
0 0.2741851851851852 0.28417708333333336 0.01517592592592594 0.008458333333333368
0 0.26296296296296295 0.2842395833333333 0.00853703703703709 0.009765625
0 0.2711851851851852 0.29757812499999997 0.010222222222222162 0.012734375000000053
0 0.2941759259259259 0.3037447916666667 0.005111111111111121 0.007286458333333368
0 0.3152592592592593 0.278734375 0.019861111111111128 0.007463541666666629
0 0.31799074074074074 0.28915624999999995 0.016805555555555508 0.0076666666666667105
0 0.3385648148148148 0.2798177083333333 0.018333333333333316 0.006265624999999986
0 0.358537037037037 0.28903645833333336 0.019490740740740697 0.01264583333333329
0 0.3269537037037037 0.30005208333333333 0.0073240740740740445 0.014427083333333358
0 0.37171296296296297 0.3086041666666667 0.01633333333333332 0.0043333333333333
0 0.3943148148148148 0.2970104166666666 0.014333333333333403 0.010328124999999933
0 0.42972222222222217 0.27565104166666665 0.021500000000000026 0.008885416666666668
0 0.4431018518518518 0.2732395833333333 0.007379629629629707 0.010885416666666713
0 0.45648148148148143 0.2566770833333333 0.016435185185185237 0.006526041666666682
0 0.47605555555555557 0.23326041666666666 0.00995370370370365 0.009468750000000003
0 0.4847222222222222 0.23886458333333332 0.012120370370370242 0.007041666666666657
0 0.49141666666666667 0.23107812499999997 0.01875925925925925 0.009416666666666717
0 0.5077222222222222 0.251 0.019333333333333435 0.005135416666666703
0 0.48496296296296293 0.251359375 0.015222222222222272 0.008619791666666644
0 0.5361203703703704 0.23558854166666662 0.01627777777777766 0.005526041666666703
0 0.5601759259259259 0.23004166666666664 0.019287037037037023 0.006156249999999997
0 0.5667592592592593 0.23923437499999997 0.01770370370370355 0.007932291666666647
0 0.6081203703703704 0.23176562499999998 0.01823148148148148 0.00795312499999996
0 0.5914166666666667 0.2440833333333333 0.010537037037037086 0.012734375000000053
0 0.5783518518518518 0.2568125 0.011379629629629543 0.007671875000000039
0 0.55875 0.25874479166666664 0.01264814814814817 0.0109375
0 0.6040648148148148 0.2619739583333333 0.010537037037037086 0.00969270833333331
0 0.6119907407407408 0.2535677083333333 0.017435185185185116 0.009182291666666665
0 0.623824074074074 0.26764062499999997 0.0067222222222222665 0.0026562499999999824
0 0.6244444444444444 0.2713802083333333 0.012592592592592508 0.0062864583333333
0 0.5969722222222222 0.27575520833333333 0.01809259259259256 0.004135416666666725
0 0.597712962962963 0.28131249999999997 0.008462962962963004 0.004583333333333339
0 0.6465648148148148 0.2962916666666667 0.0139999999999999 0.002723958333333343
0 0.5620648148148147 0.2879322916666667 0.016499999999999994 0.008151041666666714
0 0.6005555555555555 0.29635416666666664 0.019231481481481516 0.0093385416666667
0 0.6118888888888889 0.3061145833333333 0.01722222222222219 0.008619791666666644
0 0.5708240740740741 0.30994270833333337 0.020509259259259397 0.0035729166666666145
0 0.6950555555555554 0.27284375 0.021416666666666768 0.010510416666666699
0 0.7244814814814815 0.2780833333333333 0.01812962962962956 0.004614583333333311
0 0.7303888888888889 0.2596354166666667 0.015046296296296191 0.008572916666666685
0 0.7418518518518519 0.25255208333333334 0.021212962962962933 0.006359374999999989
0 0.7981759259259259 0.2710677083333334 0.02013888888888889 0.009677083333333326
0 0.7778055555555555 0.2743854166666667 0.01711111111111102 0.004359374999999943
0 0.7690740740740741 0.2800052083333333 0.01594444444444447 0.0038750000000000286
0 0.7726944444444444 0.28408333333333335 0.013120370370370438 0.0045572916666666964
0 0.7879166666666666 0.28370833333333334 0.008231481481481574 0.008260416666666614
0 0.7901111111111111 0.28894791666666664 0.01751851851851869 0.01335416666666669
0 0.7769166666666667 0.29467187499999997 0.0069537037037036955 0.007786458333333357
0 0.7602777777777777 0.30011979166666664 0.01696296296296301 0.008687500000000004
0 0.7497962962962962 0.28810416666666666 0.006314814814814756 0.008296875000000004
0 0.7908425925925926 0.3048177083333333 0.016648148148148165 0.006953124999999982
0 0.8255555555555555 0.2979270833333333 0.018796296296296255 0.005124999999999958
0 0.7526203703703703 0.31325520833333337 0.00904629629629628 0.009921874999999946
0 0.7276944444444443 0.322890625 0.024212962962963047 0.004364583333333361
0 0.8164444444444443 0.312984375 0.009657407407407467 0.009546874999999932
0 0.817185185185185 0.323703125 0.012537037037037003 0.006588541666666714
0 0.7789722222222221 0.3385104166666667 0.008500000000000164 0.00969791666666664
0 0.8595370370370369 0.32108854166666667 0.01891666666666683 0.006104166666666711
0 0.8763888888888889 0.31765104166666663 0.007212962962963035 0.007739583333333311
0 0.8706296296296295 0.329265625 0.021768518518518614 0.006260416666666657
0 0.8435092592592591 0.3013385416666667 0.010129629629629575 0.010635416666666675
0 0.8671296296296295 0.3632239583333333 0.020601851851851746 0.005927083333333361
0 0.9069999999999999 0.355078125 0.01187037037037031 0.0066041666666667
0 0.9172962962962962 0.3700104166666666 0.011638888888888725 0.007510416666666675
0 0.9026296296296296 0.369484375 0.006055555555555417 0.005942708333333347
0 0.8979351851851851 0.3868489583333333 0.012249999999999912 0.011765624999999957
0 0.9265555555555554 0.40999479166666664 0.011518518518518464 0.013703124999999972
0 0.8522962962962962 0.4102499999999999 0.013620370370370298 0.004552083333333279
0 0.8483333333333333 0.39469270833333325 0.012222222222222159 0.006265624999999986
0 0.7877407407407406 0.36029687499999996 0.00904629629629628 0.009505208333333303
0 0.7875925925925925 0.38092187499999997 0.02516666666666683 0.0058958333333333
0 0.7588240740740739 0.3649739583333333 0.017675925925925956 0.014557291666666661
0 0.7266666666666666 0.390046875 0.028277777777777638 0.005671875000000081
0 0.6875740740740741 0.340609375 0.03209259259259262 0.008328124999999974
0 0.6461481481481481 0.34025520833333334 0.0139999999999999 0.009255208333333353
0 0.615824074074074 0.35131249999999997 0.013851851851851886 0.012281249999999933
0 0.5370833333333332 0.3905833333333333 0.02573148148148145 0.010562499999999985
0 0.5112777777777777 0.4020989583333333 0.030675925925925975 0.01258333333333339
0 0.47713888888888883 0.3570364583333333 0.009898148148148146 0.012604166666666661
0 0.44939814814814816 0.38616666666666666 0.014490740740740667 0.01859895833333338
0 0.39093518518518516 0.3811822916666666 0.04446296296296295 0.007609374999999918
0 0.4163518518518518 0.36172916666666666 0.018379629629629652 0.008234374999999971
0 0.4672407407407407 0.3213697916666666 0.015555555555555461 0.015625
0 0.4170555555555555 0.339265625 0.028277777777777797 0.021755208333333352
0 0.4051388888888889 0.3185260416666667 0.031592592592592596 0.006354166666666661
0 0.3562592592592593 0.34972916666666665 0.014138888888888859 0.009515624999999962
0 0.5326944444444444 0.29667187500000003 0.019231481481481516 0.011552083333333397
0 0.5097592592592592 0.2940260416666666 0.013638888888888959 0.014614583333333275
0 0.4786944444444444 0.29543749999999996 0.010175925925925988 0.011468749999999962
0 0.3165925925925926 0.33057291666666666 0.030833333333333317 0.009098958333333318
0 0.2891666666666666 0.31460416666666663 0.024981481481481497 0.004729166666666629
0 0.31683333333333336 0.3541927083333333 0.020240740740740726 0.010979166666666628
0 0.25555555555555554 0.35467708333333337 0.011296296296296365 0.0055416666666666895
0 0.26605555555555555 0.35634374999999996 0.018166666666666643 0.012265624999999947
0 0.22341666666666665 0.33595312499999996 0.01007407407407407 0.011557291666666724
0 0.22120370370370368 0.28955729166666666 0.014120370370370396 0.0049947916666666535
0 0.21917592592592594 0.29752604166666663 0.007814814814814813 0.006526041666666682
0 0.2264722222222222 0.2956458333333333 0.014870370370370346 0.0065833333333333854
0 0.19856481481481478 0.29946354166666667 0.017037037037037017 0.007427083333333329
0 0.1867962962962963 0.30324999999999996 0.006490740740740759 0.00991145833333329
0 0.1875 0.3144739583333333 0.012611111111111089 0.008635416666666628
0 0.20825925925925926 0.31823437499999996 0.029648148148148104 0.004291666666666671
0 0.17954629629629626 0.35292708333333334 0.016472222222222242 0.007979166666666603
0 0.15916666666666665 0.3268020833333333 0.014601851851851835 0.004098958333333247
0 0.1531574074074074 0.3300052083333333 0.011314814814814826 0.005364583333333339
0 0.14924074074074073 0.334546875 0.013481481481481497 0.005083333333333329
0 0.15591666666666665 0.3399791666666666 0.0214259259259259 0.004713541666666643
0 0.16417592592592592 0.34652083333333333 0.015898148148148175 0.003994791666666675
0 0.14583333333333334 0.3486666666666667 0.008324074074074083 0.006640625
0 0.1423333333333333 0.3440520833333333 0.017972222222222257 0.0035000000000000144
0 0.1459537037037037 0.3552604166666667 0.012731481481481469 0.002744791666666657
0 0.13093518518518518 0.3530520833333333 0.006824074074074065 0.006046874999999919
0 0.13372222222222221 0.36109374999999994 0.006574074074074095 0.0073854166666667
0 0.12708333333333333 0.36184374999999996 0.006203703703703706 0.007947916666666633
0 0.13453703703703704 0.36882291666666667 0.013601851851851837 0.004999999999999982
0 0.12587962962962962 0.372125 0.011277777777777784 0.0076927083333333535
0 0.12916666666666668 0.37901562499999997 0.017018518518518513 0.004276041666666686
0 0.13360185185185183 0.3862760416666666 0.010481481481481461 0.00649479166666671
0 0.17420370370370367 0.3700364583333333 0.006824074074074065 0.006552083333333325
0 0.1829074074074074 0.407796875 0.021722222222222202 0.003442708333333222
0 0.1949074074074074 0.41896875 0.012027777777777813 0.0037760416666666073
0 0.1917685185185185 0.4335416666666666 0.015314814814814861 0.014901041666666615
0 0.2828796296296296 0.42052604166666663 0.012148148148148153 0.00852604166666655
0 0.28781481481481475 0.38792708333333337 0.020592592592592576 0.015651041666666643
0 0.30953703703703705 0.39335416666666667 0.010361111111111161 0.01656249999999999
0 0.31885185185185183 0.383453125 0.012361111111111158 0.007171874999999961
0 0.36006481481481484 0.38896354166666663 0.009490740740740754 0.007786458333333357
0 0.5646666666666667 0.4320885416666666 0.04253703703703703 0.010692708333333379
0 0.5414074074074074 0.46985937499999997 0.02259259259259273 0.01002083333333328
0 0.6461944444444444 0.46998437499999995 0.01861111111111108 0.009677083333333236
0 0.726824074074074 0.4610677083333333 0.024814814814814668 0.026260416666666765
0 0.4031759259259259 0.5052291666666666 0.019935185185185212 0.014088541666666643
0 0.2566388888888889 0.5078802083333332 0.01174074074074072 0.01939062499999995
0 0.22529629629629627 0.48304166666666665 0.011962962962962977 0.007718749999999908
0 0.2810648148148148 0.4903645833333333 0.013842592592592635 0.011906250000000007
0 0.1787685185185185 0.4912968749999999 0.02082407407407408 0.011281250000000043
0 0.16132407407407406 0.47992187499999994 0.011407407407407415 0.013468750000000007
0 0.16420370370370369 0.46499999999999997 0.009416666666666669 0.010890625000000043
0 0.15175 0.460140625 0.011074074074074068 0.011135416666666665
0 0.1450462962962963 0.4653124999999999 0.016499999999999994 0.007770833333333371
0 0.11237037037037037 0.4450677083333333 0.015398148148148157 0.011526041666666664
0 0.1051111111111111 0.45280208333333327 0.01749999999999999 0.008921875000000056
0 0.10250925925925924 0.4748906249999999 0.02425925925925926 0.007333333333333236
0 0.11314814814814815 0.486578125 0.016277777777777776 0.008260416666666614
0 0.14653703703703702 0.49452083333333335 0.014842592592592555 0.0116822916666667
0 0.1300925925925926 0.5047135416666666 0.015620370370370375 0.008124999999999893
0 0.10378703703703702 0.508203125 0.01926851851851852 0.008624999999999971
0 0.13999999999999999 0.5120052083333333 0.01417592592592594 0.012234375000000065
0 0.145212962962963 0.5204791666666667 0.017944444444444426 0.007744791666666551
0 0.15446296296296294 0.5372291666666666 0.015398148148148157 0.010802083333333278
0 0.1829259259259259 0.5404687499999999 0.021379629629629606 0.0073124999999999215
0 0.35892592592592587 0.5078125 0.01428703703703699 0.009286458333333237
0 0.3334537037037037 0.541375 0.016500000000000074 0.00849479166666658
0 0.212 0.5638072916666667 0.0075277777777778 0.020968750000000112
0 0.12599074074074074 0.5762083333333333 0.021601851851851823 0.012125000000000163
0 0.10876851851851851 0.5560468749999999 0.013731481481481506 0.011380208333333286
0 0.10566666666666666 0.5431770833333334 0.016388888888888866 0.00908333333333342
0 0.14853703703703702 0.5957343749999999 0.019712962962962995 0.0063229166666666
0 0.11491666666666665 0.5988489583333333 0.00498148148148149 0.009880208333333229
0 0.12067592592592594 0.6254635416666667 0.016499999999999994 0.004718749999999971
0 0.11408333333333331 0.6153020833333334 0.011074074074074068 0.009375
0 0.13474074074074074 0.6152395833333333 0.010740740740740762 0.008250000000000136
0 0.15805555555555553 0.6158333333333333 0.018388888888888903 0.008515624999999893
0 0.17811111111111114 0.6282656249999999 0.02037962962962963 0.005875000000000163
0 0.1540648148148148 0.6237447916666665 0.009527777777777796 0.0025208333333333497
0 0.15958333333333333 0.6308229166666667 0.012027777777777773 0.0044062500000000785
0 0.15688888888888888 0.636828125 0.012407407407407374 0.009494791666666735
0 0.13834259259259257 0.65396875 0.024444444444444435 0.004296875
0 0.19359259259259257 0.6537135416666666 0.015129629629629606 0.006041666666666679
0 0.17935185185185185 0.6633541666666667 0.009333333333333312 0.013192708333333237
0 0.21272222222222223 0.6592760416666665 0.015287037037037028 0.008135416666666551
0 0.2564074074074074 0.6706770833333333 0.008268518518518498 0.00930729166666655
0 0.19168518518518518 0.6838541666666667 0.01645370370370366 0.006739583333333421
0 0.15532407407407406 0.6809166666666666 0.010148148148148116 0.009619791666666622
0 0.28950925925925924 0.6671510416666667 0.02628703703703705 0.004796875000000078
0 0.3163888888888889 0.6842708333333333 0.01864814814814816 0.0048437500000000355
0 0.30503703703703705 0.64159375 0.010027777777777816 0.013708333333333479
0 0.3610277777777778 0.6146145833333333 0.019861111111111166 0.00934895833333318
0 0.39525925925925925 0.5963749999999999 0.011564814814814877 0.011822916666666572
0 0.40962962962962957 0.5842552083333332 0.020490740740740736 0.012786458333333427
0 0.45394444444444443 0.5931197916666666 0.015194444444444363 0.01002083333333328
0 0.4400648148148148 0.40354687499999997 0.009351851851851873 0.007781250000000029
0 0.22293518518518518 0.396734375 0.02189814814814813 0.007005208333333313
0 0.3631666666666667 0.6537395833333333 0.012851851851851847 0.007093749999999943
0 0.40336111111111106 0.6410677083333333 0.01264814814814817 0.015083333333333292
0 0.48124074074074075 0.638609375 0.02076851851851858 0.014796874999999866
0 0.5368055555555555 0.635140625 0.028064814814814713 0.012484374999999836
0 0.5820462962962962 0.6360052083333334 0.02395370370370355 0.011906250000000007
0 0.5480648148148147 0.6831197916666666 0.02652777777777781 0.01771875000000005
0 0.5942222222222222 0.6931302083333333 0.034953703703703654 0.012739583333333294
0 0.6230648148148148 0.6673333333333333 0.02169444444444445 0.01431770833333328
0 0.38613888888888886 0.6987708333333333 0.0275555555555556 0.007817708333333506
0 0.3118611111111111 0.7057395833333333 0.018814814814814836 0.0129635416666666
0 0.282 0.7090677083333333 0.024055555555555545 0.005729166666666607
0 0.29104629629629625 0.7195937499999999 0.014185185185185231 0.01243229166666655
0 0.2813796296296296 0.726796875 0.01706481481481477 0.014802083333333372
0 0.261537037037037 0.7258177083333333 0.023444444444444518 0.007526041666666572
0 0.24138888888888888 0.7265052083333334 0.01275000000000001 0.011911458333333336
0 0.23645370370370372 0.7065781250000001 0.014388888888888908 0.011864583333333378
0 0.21856481481481482 0.719390625 0.013157407407407362 0.006473958333333307
0 0.2315185185185185 0.7167916666666667 0.02014814814814814 0.0035833333333334496
0 0.21789814814814815 0.7082291666666667 0.015314814814814861 0.013770833333333421
0 0.30512962962962964 0.7375885416666667 0.02919444444444442 0.008515624999999893
0 0.2859537037037037 0.7529427083333333 0.013055555555555603 0.00877083333333335
0 0.3143333333333333 0.7588125 0.014907407407407428 0.01264062500000005
0 0.3301666666666666 0.745484375 0.039787037037037086 0.009854166666666764
0 0.35160185185185183 0.7490104166666666 0.01438888888888883 0.009697916666666551
0 0.36989814814814814 0.7597395833333334 0.013981481481481555 0.010791666666666621
0 0.3796111111111111 0.7356510416666666 0.011824074074074058 0.01100520833333345
0 0.4063981481481482 0.7582656249999999 0.01377777777777772 0.008817708333333308
0 0.40917592592592594 0.7666822916666666 0.022620370370370325 0.013098958333333322
0 0.3966296296296296 0.77434375 0.018916666666666672 0.009916666666666707
0 0.4449444444444445 0.7709374999999999 0.02014814814814814 0.005239583333333364
0 0.4801574074074075 0.7453958333333334 0.027861111111111034 0.006786458333333379
0 0.5023703703703702 0.7487760416666667 0.02642592592592589 0.005531249999999943
0 0.4840185185185185 0.7734479166666667 0.01274999999999993 0.01228645833333335
0 0.5177407407407407 0.7771197916666666 0.013574074074074202 0.013614583333333208
0 0.5405092592592592 0.7713072916666667 0.0179907407407408 0.013098958333333322
0 0.5221574074074073 0.7256666666666666 0.016240740740740653 0.015322916666666764
0 0.5820925925925925 0.7765729166666666 0.009666666666666717 0.012979166666666764
0 0.5947870370370371 0.7464635416666667 0.017370370370370362 0.007848958333333479
0 0.6215185185185186 0.7655260416666666 0.017370370370370362 0.013098958333333322
0 0.6107777777777778 0.7737083333333332 0.011518518518518622 0.007718750000000085
0 0.6046574074074074 0.7545624999999999 0.010592592592592591 0.01015625
0 0.6331851851851852 0.7391770833333333 0.017685185185185047 0.013171874999999921
0 0.6797592592592592 0.7490989583333333 0.029407407407407347 0.006630208333333343
0 0.7144537037037036 0.7586979166666666 0.02066666666666658 0.010557291666666658
0 0.7131759259259259 0.7461197916666666 0.014805555555555591 0.01459375000000005
0 0.6612592592592592 0.7306458333333332 0.017064814814814925 0.007682291666666607
0 0.6632037037037037 0.723296875 0.0275555555555556 0.005026041666666714
0 0.6921481481481481 0.7142708333333333 0.026212962962962966 0.00919791666666665
0 0.7245833333333332 0.7283020833333332 0.03433333333333329 0.009479166666666572
0 0.7596388888888888 0.7399010416666666 0.02076851851851858 0.009994791666666636
0 0.6666018518518517 0.7030833333333334 0.02385185185185179 0.009479166666666572
0 0.6924074074074074 0.6934166666666666 0.015416666666666698 0.013317708333333478
0 0.6718981481481481 0.681703125 0.03300000000000015 0.010718750000000022
0 0.7221203703703704 0.6848854166666667 0.017268518518518603 0.012453124999999865
0 0.7184629629629629 0.6708020833333334 0.021277777777777767 0.005062499999999836
0 0.7395925925925926 0.6502395833333333 0.011101851851851861 0.01193749999999998
0 0.7932037037037035 0.690640625 0.020462962962962985 0.018869791666666736
0 0.777324074074074 0.7249739583333333 0.014185185185185231 0.014395833333333208
0 0.7942314814814814 0.7249166666666665 0.026629629629629725 0.006416666666666693
0 0.7909999999999999 0.73128125 0.011101851851851861 0.009880208333333229
0 0.7965462962962963 0.7393802083333332 0.03125 0.009875000000000078
0 0.8254907407407406 0.6951458333333334 0.01963888888888903 0.011020833333333258
0 0.8530925925925926 0.7124114583333332 0.02302777777777768 0.007135416666666572
0 0.851037037037037 0.6929166666666667 0.02302777777777768 0.007958333333333378
0 0.8598796296296295 0.6987291666666666 0.02179629629629637 0.006161458333333236
0 0.8807962962962962 0.6913541666666667 0.024157407407407225 0.005296874999999979
0 0.8660462962962963 0.6823593750000001 0.01932407407407387 0.007677083333333279
0 0.8306296296296296 0.6748697916666666 0.023546296296296357 0.007041666666666657
0 0.8491851851851852 0.662984375 0.018509259259259163 0.014874999999999972
0 0.8913333333333333 0.6762916666666666 0.01645370370370358 0.011411458333333258
0 0.8512407407407407 0.6498802083333333 0.018509259259259163 0.01076041666666665
0 0.8605462962962962 0.6484322916666667 0.017370370370370362 0.012494791666666494
0 0.8829537037037037 0.667265625 0.009564814814814642 0.006640625
0 0.8883055555555555 0.665875 0.019425925925925944 0.007104166666666601
0 0.8783333333333333 0.6536979166666665 0.00791666666666673 0.008447916666666621
0 0.8785925925925925 0.641265625 0.011518518518518464 0.012489583333333342
0 0.9080925925925925 0.6523385416666667 0.017888888888888725 0.006421875000000021
0 0.893962962962963 0.6501406249999999 0.014500000000000075 0.007692708333333265
0 0.9097407407407407 0.645078125 0.035157407407407325 0.009953125000000007
0 0.8718055555555555 0.6258177083333333 0.026731481481481485 0.012828125000000056
0 0.8410648148148148 0.619890625 0.020351851851851975 0.017739583333333364
0 0.797212962962963 0.5990885416666666 0.016555555555555657 0.01981249999999992
0 0.809861111111111 0.600046875 0.022101851851851647 0.009229166666666622
0 0.6875185185185185 0.601375 0.02004629629629638 0.012348958333333293
0 0.8279537037037037 0.5768072916666667 0.02292592592592592 0.014067708333333507
0 0.8669166666666666 0.5911302083333333 0.01593518518518522 0.011703124999999837
0 0.8566388888888888 0.574296875 0.01593518518518522 0.006682291666666629
0 0.8968333333333334 0.5878333333333334 0.020870370370370338 0.0078854166666666
0 0.9194074074074075 0.597984375 0.019944444444444306 0.005510416666666629
0 0.9201203703703704 0.6047499999999999 0.01645370370370358 0.007010416666666686
0 0.8961203703703703 0.6083385416666667 0.012648148148148328 0.009088541666666571
0 0.9107685185185185 0.6123333333333333 0.012546296296296253 0.00930729166666655
0 0.9168333333333332 0.6226302083333334 0.01891666666666683 0.0067708333333333925
0 0.8957037037037037 0.6194739583333334 0.01593518518518522 0.010526041666666685
0 0.9389351851851852 0.5948333333333332 0.013777777777777878 0.00958854166666665
0 0.93575 0.577796875 0.01809259259259256 0.006166666666666742
0 0.940324074074074 0.5833802083333333 0.014083333333333472 0.0063854166666667215
0 0.918685185185185 0.5600416666666665 0.015212962962963022 0.008817708333333308
0 0.9423333333333334 0.5537916666666666 0.01315740740740744 0.008312500000000079
0 0.9004351851851851 0.5266093749999999 0.015731481481481385 0.011604166666666593
0 0.8637314814814815 0.5089114583333333 0.029509259259259263 0.008588541666666671
0 0.9030555555555555 0.4911510416666666 0.013574074074074044 0.011239583333333237
0 0.9419166666666666 0.47086458333333325 0.01809259259259256 0.012302083333333335
0 0.9284537037037037 0.4647916666666666 0.018712962962962997 0.008249999999999957
0 0.8549907407407407 0.4627916666666666 0.02909259259259266 0.009046874999999944
0 0.8485185185185184 0.45067187499999994 0.016759259259259175 0.0037916666666665934
0 0.8218425925925926 0.45261458333333326 0.013574074074074044 0.00529166666666665
0 0.8972962962962963 0.4422291666666666 0.010694444444444508 0.006802083333333364
0 0.9118981481481481 0.4491093749999999 0.010277777777777589 0.010385416666666637
0 0.9291203703703704 0.4448333333333333 0.028268518518518387 0.0050677083333333425