0 0.4131944444444444 0.24494270833333331 0.017611111111111043 0.005885416666666643
0 0.43754629629629627 0.24538020833333332 0.00854629629629626 0.007395833333333357
0 0.4797962962962962 0.24184895833333334 0.025064814814814755 0.011807291666666674
0 0.4687037037037037 0.2503229166666666 0.014203703703703734 0.006734375000000003
0 0.44913888888888887 0.25607291666666665 0.02076851851851842 0.006286458333333389
0 0.43983333333333324 0.26007291666666665 0.014444444444444413 0.0076458333333333075
0 0.4237407407407407 0.25340625 0.011518518518518622 0.007588541666666693
0 0.5057129629629629 0.25655208333333335 0.016379629629629733 0.005119791666666718
0 0.5185277777777777 0.26259375 0.006611111111111257 0.005786458333333311
0 0.47798148148148145 0.27428125 0.013314814814814863 0.010041666666666681
0 0.48602777777777767 0.2733385416666666 0.01260185185185176 0.002734375
0 0.4599259259259259 0.27470833333333333 0.007879629629629568 0.006640625
0 0.47207407407407403 0.28183854166666666 0.011898148148148222 0.006833333333333247
0 0.504175925925926 0.28414583333333326 0.008120370370370406 0.007739583333333311
0 0.5274907407407408 0.2798697916666667 0.005666666666666566 0.005026041666666714
0 0.5298333333333334 0.2850520833333333 0.013731481481481466 0.007416666666666671
0 0.49570370370370365 0.29919270833333333 0.017138888888888933 0.008890624999999996
0 0.5357500000000001 0.30428125 0.008972222222222272 0.006578125000000057
0 0.42874074074074076 0.2764479166666666 0.010194444444444489 0.005078125
0 0.4163055555555556 0.2660885416666666 0.013166666666666691 0.006666666666666643
0 0.3998055555555556 0.265875 0.01557407407407412 0.005177083333333332
0 0.41062037037037036 0.272671875 0.007925925925925822 0.0049687500000000105
0 0.40462037037037035 0.2744947916666666 0.017657407407407455 0.007281250000000039
0 0.4037037037037037 0.281890625 0.011092592592592609 0.005874999999999986
0 0.3930092592592592 0.28199479166666663 0.009342592592592623 0.003963541666666614
0 0.4130462962962963 0.29267187499999997 0.015148148148148109 0.005140624999999943
0 0.3991018518518518 0.2950104166666666 0.013212962962962945 0.006630208333333343
0 0.3888148148148148 0.2864739583333333 0.009629629629629556 0.007338541666666654
0 0.3779537037037037 0.2831927083333333 0.010194444444444489 0.009010416666666642
0 0.3831944444444444 0.29378645833333333 0.008777777777777848 0.0031197916666666713
0 0.38673148148148145 0.30213020833333337 0.011518518518518622 0.004932291666666711
0 0.39131481481481484 0.3051041666666666 0.005194444444444457 0.005052083333333357
0 0.3684444444444444 0.29572916666666665 0.014583333333333334 0.004156250000000039
0 0.36740740740740735 0.28582291666666665 0.005990740740740819 0.006302083333333286
0 0.374462962962963 0.27225 0.009249999999999956 0.005182291666666661
0 0.3663148148148148 0.266125 0.00854629629629626 0.004885416666666665
0 0.35645370370370366 0.26104166666666667 0.010527777777777796 0.004005208333333332
0 0.35397222222222224 0.27361979166666667 0.009814814814814849 0.008182291666666685
0 0.3388703703703704 0.26621875 0.007925925925925902 0.010645833333333332
0 0.3384259259259259 0.25660416666666663 0.01033333333333333 0.004161458333333368
0 0.33575925925925926 0.27418750000000003 0.011138888888888863 0.004281250000000014
0 0.33367592592592593 0.28465104166666666 0.01453703703703708 0.005031250000000043
0 0.31687037037037036 0.2923958333333333 0.011138888888888863 0.0037864583333333535
0 0.31942592592592595 0.25621875 0.012462962962962997 0.007906250000000004
0 0.31895370370370374 0.26632291666666663 0.01718518518518511 0.00401041666666666
0 0.3092314814814815 0.2706145833333333 0.016611111111111163 0.0058958333333333
0 0.2855740740740741 0.26164062499999996 0.019351851851851856 0.005999999999999961
0 0.2767777777777778 0.2806145833333333 0.015435185185185121 0.008640624999999957
0 0.2873981481481481 0.28836979166666665 0.009296296296296289 0.009281249999999996
0 0.2594537037037037 0.271609375 0.023268518518518515 0.0049687500000000105
0 0.2318611111111111 0.27519791666666665 0.02142592592592594 0.0052343749999999465
0 0.25925925925925924 0.29375520833333335 0.016759259259259255 0.007567708333333289
0 0.24423148148148144 0.29609375 0.007925925925925902 0.00799479166666659
0 0.21092592592592593 0.285546875 0.02015740740740739 0.006557291666666654
0 0.18857407407407403 0.29672916666666665 0.011796296296296305 0.006083333333333396
0 0.1888611111111111 0.3164635416666667 0.01878703703703708 0.005723958333333367
0 0.178 0.32733854166666665 0.014064814814814813 0.004375000000000018
0 0.23827777777777776 0.31064583333333334 0.011518518518518542 0.004317708333333314
0 0.24033333333333332 0.3163333333333333 0.016379629629629654 0.003828124999999982
0 0.21196296296296294 0.3249010416666666 0.017416666666666695 0.006666666666666643
0 0.2197962962962963 0.3271197916666667 0.020629629629629578 0.007119791666666675
0 0.23285185185185187 0.33096875 0.01633333333333332 0.006859375000000068
0 0.21927777777777777 0.3321145833333333 0.013166666666666691 0.005427083333333371
0 0.27175 0.3124166666666667 0.017277777777777774 0.006130208333333354
0 0.28363888888888883 0.32096874999999997 0.01237037037037041 0.006505208333333368
0 0.3134537037037037 0.31191145833333334 0.014583333333333334 0.004973958333333339
0 0.33516666666666667 0.3168802083333333 0.014583333333333334 0.006192708333333385
0 0.3546851851851852 0.31037499999999996 0.02038888888888886 0.006817708333333261
0 0.40283333333333327 0.3230885416666667 0.011703703703703638 0.0035781249999999433
0 0.3871111111111111 0.3240208333333333 0.015009259259259345 0.009156249999999932
0 0.3519907407407407 0.33815104166666665 0.009157407407407368 0.007677083333333367
0 0.3717037037037037 0.3428072916666667 0.018925925925925922 0.006104166666666711
0 0.32952777777777775 0.332109375 0.026342592592592636 0.008072916666666697
0 0.3529814814814815 0.3510520833333333 0.01057407407407401 0.00639583333333329
0 0.33539814814814817 0.35684375 0.013166666666666691 0.0052343749999999465
0 0.3430462962962963 0.36209895833333333 0.011092592592592609 0.008317708333333318
0 0.3695555555555555 0.37008333333333326 0.023694444444444525 0.00489583333333341
0 0.39739814814814817 0.3751145833333333 0.009342592592592623 0.010979166666666628
0 0.36925 0.376046875 0.0158148148148148 0.00486979166666659
0 0.3586481481481481 0.37649479166666666 0.008305555555555582 0.007369791666666714
0 0.3764166666666666 0.3863229166666667 0.011379629629629543 0.004843749999999947
0 0.3969814814814815 0.3954427083333333 0.013212962962962945 0.003322916666666753
0 0.32966666666666666 0.3924166666666667 0.010759259259259264 0.004432291666666632
0 0.3095092592592592 0.392484375 0.012935185185185185 0.006421874999999933
0 0.1650925925925926 0.31816666666666665 0.014398148148148158 0.007005208333333357
0 0.26155555555555554 0.3348333333333333 0.011703703703703718 0.004494791666666753
0 0.2568333333333333 0.344609375 0.00981481481481481 0.005984374999999975
0 0.24677777777777773 0.3413802083333334 0.013879629629629638 0.004578125000000011
0 0.23350925925925925 0.3533177083333333 0.016805555555555508 0.004291666666666671
0 0.1957037037037037 0.3410625 0.019731481481481458 0.004999999999999982
0 0.18264814814814814 0.3404635416666667 0.017037037037037017 0.009385416666666656
0 0.20091666666666666 0.3511145833333333 0.022990740740740753 0.004661458333333357
0 0.13764814814814813 0.3345677083333333 0.009342592592592583 0.007151041666666647
0 0.1288425925925926 0.3462604166666667 0.009490740740740754 0.007963541666666619
0 0.10941666666666665 0.35565104166666667 0.020481481481481486 0.0057656249999999964
0 0.13199999999999998 0.356234375 0.011657407407407384 0.005874999999999986
0 0.1483611111111111 0.3531770833333333 0.01718518518518519 0.005604166666666632
0 0.1598796296296296 0.3560625 0.014916666666666679 0.005791666666666639
0 0.16174074074074074 0.36454687499999994 0.014490740740740707 0.007098958333333361
0 0.12223148148148147 0.36950520833333333 0.02081481481481483 0.006932291666666668
0 0.10630555555555554 0.377953125 0.011611111111111091 0.0068281249999999185
0 0.0927037037037037 0.3785364583333333 0.018027777777777775 0.005874999999999986
0 0.11522222222222221 0.38586979166666663 0.00981481481481481 0.004604166666666654
0 0.11741666666666666 0.38218749999999996 0.00778703703703706 0.0038854166666666854
0 0.13738888888888887 0.37888020833333336 0.01033333333333337 0.004973958333333339
0 0.14085185185185184 0.38224479166666664 0.008592592592592554 0.006114583333333368
0 0.19034259259259256 0.37286458333333333 0.021481481481481445 0.0048906250000000815
0 0.20469444444444443 0.3565052083333333 0.0154351851851852 0.004031249999999975
0 0.21822222222222223 0.3575 0.01529629629629628 0.0062864583333333
0 0.21935185185185185 0.3645 0.02247222222222223 0.0070677083333333
0 0.24862037037037035 0.36399479166666665 0.026240740740740717 0.006265624999999986
0 0.2687777777777777 0.3645677083333333 0.013314814814814785 0.005078125
0 0.2723148148148148 0.37609375 0.010953703703703768 0.008421875000000068
0 0.22492592592592592 0.38397916666666665 0.01699074074074076 0.003947916666666629
0 0.23785185185185184 0.3843802083333333 0.010009259259259235 0.0068697916666667245
0 0.24496296296296297 0.3945885416666667 0.015148148148148187 0.005828125000000029
0 0.19291666666666663 0.3921875 0.018694444444444416 0.007687500000000025
0 0.20842592592592593 0.399625 0.01836111111111107 0.006119791666666652
0 0.18121296296296296 0.40072916666666664 0.011898148148148163 0.008036458333333352
0 0.14425 0.39820312499999994 0.024453703703703727 0.004979166666666623
0 0.14883333333333332 0.40382291666666664 0.012462962962962957 0.0040989583333333355
0 0.09724074074074072 0.39891666666666664 0.019351851851851856 0.00813020833333331
0 0.10287962962962961 0.40546354166666665 0.01326851851851853 0.007151041666666735
0 0.12288888888888888 0.40471874999999996 0.016666666666666666 0.006723958333333435
0 0.11980555555555554 0.41078645833333327 0.015768518518518508 0.007979166666666693
0 0.13457407407407407 0.40931249999999997 0.011703703703703678 0.0058229166666667
0 0.11014814814814813 0.41926041666666664 0.015722222222222214 0.00845833333333328
0 0.12079629629629629 0.4225104166666666 0.01095370370370369 0.007265624999999965
0 0.14587962962962964 0.42463541666666665 0.018833333333333296 0.006208333333333371
0 0.15487037037037035 0.4324843749999999 0.016425925925925948 0.006234375000000014
0 0.18305555555555553 0.42391145833333327 0.014444444444444472 0.006348958333333421
0 0.1888148148148148 0.439671875 0.011796296296296305 0.004343749999999957
0 0.25669444444444445 0.42165625 0.013879629629629638 0.004489583333333336
0 0.18810185185185185 0.4589635416666667 0.026435185185185204 0.008479166666666593
0 0.11019444444444446 0.43821875 0.00996296296296294 0.007880208333333449
0 0.08921296296296294 0.44459374999999995 0.011796296296296305 0.0089479166666667
0 0.08375925925925924 0.44353125000000004 0.008074074074074074 0.005760416666666579
0 0.07731481481481481 0.4411979166666667 0.009722222222222222 0.006395833333333378
0 0.0759537037037037 0.4486458333333333 0.012842592592592596 0.006588541666666714
0 0.07382407407407408 0.452640625 0.01237037037037035 0.005229166666666707
0 0.12277777777777776 0.46669270833333326 0.015481481481481454 0.008536458333333385
0 0.1324074074074074 0.4668906249999999 0.013212962962962945 0.007078124999999958
0 0.11609259259259258 0.47546874999999994 0.01987037037037038 0.008833333333333294
0 0.10313888888888888 0.4866822916666666 0.016990740740740723 0.0055052083333333
0 0.08614814814814815 0.4875885416666666 0.020768518518518526 0.009437499999999942
0 0.0717962962962963 0.47653645833333336 0.011703703703703718 0.0075156250000000925
0 0.05864814814814815 0.47506249999999994 0.014870370370370365 0.0074895833333334496
0 0.15737037037037038 0.49746875 0.020861111111111125 0.00795312500000005
0 0.16190740740740742 0.5036041666666666 0.011796296296296305 0.006947916666666565
0 0.1669537037037037 0.5097916666666666 0.012083333333333357 0.008171875000000028
0 0.07887962962962962 0.51134375 0.010009259259259254 0.008624999999999971
0 0.05808333333333333 0.5150104166666667 0.014203703703703694 0.0074583333333333
0 0.053768518518518514 0.5224322916666667 0.008870370370370376 0.004515624999999979
0 0.06707407407407406 0.5214739583333333 0.013592592592592606 0.004729166666666629
0 0.09049074074074075 0.5235208333333332 0.010574074074074059 0.011473958333333378
0 0.10774074074074072 0.5243854166666667 0.014870370370370386 0.006562499999999893
0 0.09747222222222221 0.532328125 0.00944444444444442 0.0038593750000000425
0 0.11037962962962962 0.5366145833333332 0.013074074074074064 0.005270833333333336
0 0.12730555555555556 0.5435729166666666 0.021527777777777778 0.007505208333333258
0 0.10379629629629628 0.5493229166666667 0.01378703703703701 0.007057291666666821
0 0.062212962962962956 0.5342916666666666 0.02614814814814815 0.0077916666666666854
0 0.06093518518518519 0.5420468749999999 0.01453703703703704 0.004317708333333314
0 0.042861111111111114 0.543828125 0.010666666666666661 0.010401041666666621
0 0.07401851851851851 0.5478697916666666 0.010666666666666677 0.0060000000000000496
0 0.06823148148148148 0.5549479166666667 0.01363888888888888 0.008208333333333507
0 0.07312037037037036 0.5642395833333332 0.012842592592592596 0.009312500000000057
0 0.10023148148148146 0.56365625 0.02704629629629629 0.006515625000000113
0 0.14453703703703702 0.562078125 0.020111111111111097 0.010526041666666685
0 0.14939814814814814 0.5724583333333333 0.01887962962962963 0.005791666666666551
0 0.14930555555555555 0.5782604166666666 0.020953703703703714 0.005171874999999914
0 0.13674999999999998 0.5888854166666666 0.004907407407407405 0.008645833333333287
0 0.11375925925925925 0.5909166666666665 0.019351851851851856 0.010317708333333364
0 0.1172962962962963 0.6023229166666667 0.013212962962962945 0.011093750000000036
0 0.07816666666666666 0.5890989583333333 0.02067592592592593 0.006942708333333237
0 0.04450925925925926 0.5874739583333334 0.015296296296296294 0.0063593750000000785
0 0.07705555555555556 0.6142916666666667 0.019592592592592595 0.008750000000000036
0 0.06448148148148147 0.6230052083333334 0.010481481481481482 0.01130208333333318
0 0.06925 0.6310208333333333 0.009250000000000015 0.005583333333333229
0 0.04472222222222222 0.6242812499999999 0.011092592592592595 0.008541666666666715
0 0.1655648148148148 0.5764843749999999 0.011564814814814837 0.006151041666666579
0 0.17798148148148146 0.5692760416666667 0.012222222222222218 0.00845312499999995
0 0.1864537037037037 0.5704427083333333 0.011796296296296305 0.006541666666666579
0 0.19547222222222224 0.5744010416666666 0.00906481481481486 0.012869791666666686
0 0.22454629629629627 0.5739739583333333 0.008685185185185181 0.010953125000000164
0 0.22095370370370368 0.562453125 0.007175925925925952 0.009421875000000135
0 0.22471296296296295 0.5579531249999999 0.009388888888888875 0.0062239583333331796
0 0.19457407407407404 0.5217239583333333 0.012555555555555584 0.008937500000000043
0 0.19235185185185186 0.50534375 0.019824074074074122 0.00830729166666675
0 0.20327777777777775 0.5079322916666666 0.014490740740740747 0.006317708333333449
0 0.20577777777777778 0.49457291666666664 0.014203703703703654 0.006682291666666629
0 0.227287037037037 0.49375 0.0141574074074074 0.00930729166666655
0 0.19917592592592592 0.48292708333333334 0.008453703703703673 0.008083333333333265
0 0.28357407407407403 0.5178229166666666 0.02053703703703699 0.010276041666666735
0 0.3081388888888889 0.529125 0.009629629629629636 0.008651041666666614
0 0.3190462962962963 0.5294947916666666 0.00764814814814814 0.013218750000000057
0 0.26943518518518517 0.4982239583333333 0.01718518518518511 0.004692708333333328
0 0.2652777777777778 0.48061979166666663 0.010388888888888914 0.013552083333333265
0 0.25300925925925927 0.4761302083333333 0.010388888888888914 0.007229166666666664
0 0.30474074074074076 0.42400000000000004 0.011425925925925956 0.008911458333333223
0 0.302787037037037 0.4587760416666667 0.006185185185185165 0.005453125000000014
0 0.29038888888888886 0.4578749999999999 0.013500000000000038 0.004708333333333314
0 0.33271296296296293 0.46414583333333326 0.008351851851851834 0.01193229166666665
0 0.3174907407407407 0.47962499999999997 0.010287037037037075 0.010510416666666699
0 0.32825 0.48373437499999994 0.01897222222222226 0.005447916666666686
0 0.3439907407407407 0.4824583333333333 0.007787037037036981 0.009848958333333435
0 0.33823148148148147 0.49042708333333335 0.009861111111111064 0.007718749999999908
0 0.3763518518518518 0.49565624999999996 0.014351851851851904 0.011593749999999936
0 0.36736111111111114 0.464453125 0.012981481481481517 0.010817708333333264
0 0.37498148148148147 0.4554114583333333 0.023694444444444525 0.007479166666666615
0 0.390037037037037 0.4458333333333333 0.01529629629629628 0.006098958333333293
0 0.43387037037037035 0.4422499999999999 0.01874074074074075 0.006364583333333407
0 0.42239814814814813 0.47482291666666665 0.012416666666666585 0.006479166666666636
0 0.42902777777777773 0.48084375 0.012842592592592596 0.008687500000000093
0 0.45258333333333334 0.47672395833333325 0.017657407407407455 0.008421874999999978
0 0.46957407407407403 0.4593802083333333 0.006888888888888939 0.007187500000000036
0 0.477787037037037 0.47769270833333327 0.013879629629629638 0.004781250000000093
0 0.47323148148148136 0.48384374999999996 0.009018518518518526 0.006723958333333435
0 0.47699074074074066 0.49153125 0.00944444444444454 0.006312499999999943
0 0.4584814814814815 0.5061927083333333 0.010574074074074088 0.0056666666666666645
0 0.43299074074074073 0.5273749999999999 0.016240740740740653 0.009223958333333292
0 0.4300648148148148 0.541921875 0.016425925925925986 0.005625000000000035
0 0.3615555555555555 0.52228125 0.014203703703703734 0.005874999999999986
0 0.3629722222222222 0.5345833333333333 0.017037037037037017 0.006510416666666607
0 0.3396296296296296 0.5617395833333333 0.006611111111111099 0.00905208333333345
0 0.33108333333333334 0.5707708333333333 0.009342592592592623 0.0090572916666666
0 0.35305555555555557 0.5692135416666667 0.014111111111111106 0.004088541666666679
0 0.38217592592592586 0.572734375 0.010999999999999944 0.007677083333333279
0 0.34675 0.5791875 0.01595370370370372 0.006244791666666494
0 0.33611111111111114 0.6067916666666666 0.022611111111111075 0.012593749999999914
0 0.3702870370370371 0.6075989583333332 0.020342592592592565 0.005177083333333421
0 0.39794444444444443 0.5991770833333334 0.014111111111111067 0.011442708333333228
0 0.40934259259259254 0.6149583333333333 0.012935185185185263 0.014322916666666607
0 0.4321203703703704 0.6099895833333333 0.015620370370370375 0.012354166666666621
0 0.421074074074074 0.6244895833333333 0.007601851851851886 0.008432291666666637
0 0.42310185185185184 0.6384322916666666 0.013833333333333383 0.0071145833333332575
0 0.37207407407407406 0.6338958333333332 0.015342592592592692 0.014494791666666628
0 0.34878703703703706 0.6369114583333333 0.016611111111111163 0.010442708333333429
0 0.3275462962962963 0.631296875 0.016425925925925906 0.008500000000000086
0 0.30266666666666664 0.6232604166666667 0.014824074074074092 0.006505208333333279
0 0.2538333333333333 0.65159375 0.01581481481481488 0.01298958333333342
0 0.26480555555555557 0.6569322916666666 0.011333333333333369 0.008265624999999943
0 0.2523981481481481 0.6618072916666666 0.008777777777777768 0.005088541666666657
0 0.23964814814814814 0.6671041666666666 0.017277777777777774 0.006838541666666665
0 0.29853703703703705 0.6557239583333333 0.010435185185185169 0.0050416666666665225
0 0.3042037037037037 0.6686041666666667 0.01798148148148147 0.007421875
0 0.29412037037037037 0.6769947916666667 0.019731481481481458 0.00869270833333342
0 0.3410648148148148 0.6721770833333333 0.01505555555555552 0.011145833333333322
0 0.3571388888888889 0.6620833333333334 0.009814814814814849 0.006885416666666621
0 0.391287037037037 0.6613645833333333 0.026861111111111155 0.005703124999999964
0 0.41654629629629625 0.65371875 0.01987037037037046 0.006619791666666685
0 0.42325 0.660015625 0.017796296296296372 0.003807291666666579
0 0.4510462962962963 0.6386197916666667 0.008074074074074152 0.010671874999999886
0 0.45921296296296293 0.6440624999999999 0.008638888888888927 0.007651041666666636
0 0.4617592592592592 0.6383125 0.012981481481481517 0.006140624999999922
0 0.46375 0.6692031249999999 0.009018518518518526 0.012630208333333393
0 0.4600185185185185 0.6797447916666666 0.017416666666666615 0.003989583333333257
0 0.5477407407407406 0.6542239583333332 0.010287037037036997 0.008421874999999978
0 0.5572314814814814 0.6517916666666667 0.011333333333333289 0.010515625000000028
0 0.5611018518518519 0.621859375 0.007361111111111206 0.003999999999999915
0 0.05592592592592593 0.6351354166666667 0.013435185185185184 0.007776041666666522
0 0.057944444444444444 0.6435260416666666 0.01821296296296296 0.007203125000000021
0 0.07277777777777776 0.65490625 0.00969444444444445 0.005598958333333392
0 0.07057407407407407 0.6652395833333333 0.019972222222222218 0.008083333333333265
0 0.09319444444444444 0.66625 0.017037037037037045 0.00639062500000005
0 0.0731111111111111 0.6742239583333334 0.010944444444444439 0.006578125000000057
0 0.09502777777777777 0.6804218750000001 0.008962962962962982 0.007401041666666686
0 0.09037037037037036 0.6865364583333333 0.013148148148148141 0.006739583333333421
0 0.0739537037037037 0.6936041666666666 0.011453703703703707 0.008302083333333422
0 0.09487962962962963 0.6999270833333332 0.012194444444444437 0.0068229166666666785
0 0.11974074074074073 0.6935625 0.0102037037037037 0.0108645833333334
0 0.14566666666666667 0.6796614583333334 0.015638888888888876 0.008010416666666664
0 0.1043611111111111 0.7113958333333333 0.021148148148148138 0.006187500000000057
0 0.11316666666666665 0.7175520833333333 0.006462962962962966 0.004614583333333399
0 0.12121296296296295 0.7188541666666667 0.0102037037037037 0.008208333333333507
0 0.11948148148148147 0.7249062499999999 0.011453703703703707 0.004770833333333257
0 0.11617592592592592 0.73490625 0.01659259259259262 0.007906249999999915
0 0.13989814814814813 0.726640625 0.008814814814814812 0.006260416666666657
0 0.1450462962962963 0.7309791666666666 0.013222222222222198 0.0050156250000000565
0 0.1408888888888889 0.7418489583333333 0.01784259259259259 0.003937499999999971
0 0.14312962962962963 0.7459791666666666 0.019972222222222218 0.0055885416666667355
0 0.16858333333333334 0.7450937499999999 0.010944444444444439 0.00544270833333318
0 0.14816666666666667 0.7549374999999999 0.013583333333333334 0.0066770833333334775
0 0.15973148148148147 0.7594635416666666 0.013222222222222198 0.007124999999999914
0 0.18771296296296291 0.7496875000000001 0.023351851851851832 0.004776041666666763
0 0.18638888888888888 0.756359375 0.014249999999999987 0.010848958333333237
0 0.21480555555555556 0.7630572916666666 0.011749999999999972 0.007505208333333258
0 0.23871296296296296 0.7620833333333333 0.01608333333333331 0.008078125000000113
0 0.19277777777777774 0.729296875 0.014685185185185171 0.006906250000000114
0 0.1816111111111111 0.7138854166666666 0.01350925925925923 0.008302083333333422
0 0.195787037037037 0.6963645833333333 0.010138888888888904 0.0063072916666667925
0 0.22787962962962963 0.7045052083333333 0.023796296296296284 0.005234375000000036
0 0.18749074074074074 0.7694895833333334 0.020268518518518498 0.008796874999999992
0 0.1680648148148148 0.7358750000000001 0.014462962962962954 0.007249999999999979
0 0.23151851851851848 0.7912135416666667 0.023129629629629594 0.0055885416666667355
0 0.25957407407407407 0.7759270833333333 0.014027777777777731 0.00845312499999995
0 0.2848703703703704 0.761546875 0.019972222222222294 0.0061302083333332645
0 0.2864074074074074 0.7427864583333333 0.012481481481481498 0.011562499999999965
0 0.3079259259259259 0.7662552083333333 0.017916666666666713 0.007291666666666608
0 0.289537037037037 0.7660729166666667 0.018731481481481498 0.007333333333333236
0 0.30377777777777776 0.7789635416666666 0.016666666666666666 0.008333333333333392
0 0.3098055555555555 0.7873749999999999 0.013435185185185203 0.0057343750000001135
0 0.3103518518518518 0.7925989583333333 0.01453703703703708 0.007515624999999915
0 0.2847222222222222 0.8001614583333332 0.02026851851851848 0.006937500000000085
0 0.26475 0.79815625 0.016157407407407474 0.008302083333333422
0 0.34509259259259256 0.7790833333333332 0.014101851851851895 0.012078125000000028
0 0.36418518518518517 0.772640625 0.014101851851851817 0.011755208333333479
0 0.3944722222222222 0.7711510416666666 0.01593518518518522 0.011421874999999915
0 0.41000925925925924 0.7549791666666665 0.019388888888888938 0.011994791666666772
0 0.3920555555555555 0.7478697916666667 0.013435185185185125 0.006041666666666679
0 0.3849629629629629 0.79725 0.012194444444444407 0.00813541666666664
0 0.34141666666666665 0.8047916666666666 0.013805555555555552 0.007932291666666558
0 0.39121296296296293 0.8187552083333334 0.015861111111111055 0.005447916666666686
0 0.40703703703703703 0.8147708333333332 0.009916666666666648 0.00847916666666677
0 0.42014814814814816 0.8085677083333334 0.013805555555555474 0.005578124999999901
0 0.5016944444444444 0.797890625 0.01711111111111118 0.011484375000000125
0 0.5177407407407407 0.8192291666666666 0.013222222222222198 0.0073854166666667
0 0.5315833333333333 0.8116302083333332 0.021518518518518527 0.008807291666666472
0 0.5455 0.7982395833333332 0.01350925925925913 0.011364583333333478
0 0.5316574074074074 0.7802864583333333 0.008148148148148158 0.007203125000000021
0 0.563574074074074 0.7841927083333333 0.024379629629629564 0.006807291666666692
0 0.5916944444444444 0.7902239583333334 0.01365740740740746 0.010609374999999944
0 0.5816388888888888 0.7764635416666665 0.014685185185185093 0.004520833333333307
0 0.5441851851851852 0.7453854166666667 0.010277777777777747 0.008838541666666621
0 0.619824074074074 0.7595624999999999 0.00881481481481485 0.014364583333333236
0 0.6270555555555556 0.7563802083333333 0.006833333333333434 0.00998437499999998
0 0.6332222222222221 0.762515625 0.012120370370370242 0.008489583333333429
0 0.6364907407407407 0.7775364583333333 0.021000000000000005 0.008984375
0 0.5726018518518519 0.8021354166666665 0.010722222222222102 0.009645833333333353
0 0.583324074074074 0.80940625 0.00984259259259264 0.009322916666666714
0 0.5861481481481481 0.8233124999999999 0.013731481481481466 0.010281249999999886
0 0.6028611111111111 0.8230000000000001 0.011898148148148064 0.010588541666666628
0 0.6057222222222222 0.8151927083333333 0.010574074074074088 0.007203124999999843
0 0.6309907407407407 0.80190625 0.012925925925926013 0.014359375000000086
0 0.6508148148148147 0.8131875 0.014398148148148158 0.009036458333333285
0 0.6428055555555555 0.8000052083333333 0.009249999999999956 0.009937499999999932
0 0.6695092592592593 0.7966145833333333 0.013435185185185125 0.013369791666666764
0 0.6779907407407407 0.8050260416666667 0.007638888888888889 0.007708333333333428
0 0.6855185185185185 0.803125 0.01035185185185191 0.006671874999999971
0 0.6924537037037037 0.8057083333333332 0.008962962962963021 0.008406249999999815
0 0.708537037037037 0.7984114583333334 0.007638888888888889 0.011015625000000018
0 0.6990648148148148 0.799203125 0.010425925925925918 0.006255208333333417
0 0.7271203703703704 0.8015156250000001 0.016009259259259227 0.007296875000000114
0 0.7435277777777777 0.8014739583333332 0.017694444444444457 0.006671874999999971
0 0.7418796296296296 0.7876927083333333 0.011453703703703707 0.013401041666666735
0 0.722787037037037 0.7749739583333334 0.014398148148148 0.009145833333333363
0 0.711324074074074 0.78046875 0.022620370370370402 0.008895833333333237
0 0.7001296296296295 0.7646458333333332 0.00903703703703703 0.008328124999999886
0 0.6851481481481482 0.77040625 0.006685185185185263 0.012911458333333315
0 0.6786481481481481 0.7686770833333332 0.007490740740740718 0.010062500000000085
0 0.8007037037037037 0.7806666666666666 0.011305555555555695 0.00891666666666655
0 0.7857962962962962 0.7732135416666666 0.007342592592592546 0.0030208333333334282
0 0.7951203703703704 0.7711666666666667 0.007787037037037218 0.005130208333333286
0 0.8173333333333334 0.7577552083333334 0.011092592592592609 0.00681770833333335
0 0.8276944444444444 0.7462083333333334 0.009472222222222134 0.008088541666666772
0 0.8037129629629629 0.7427395833333332 0.010870370370370273 0.011062499999999887
0 0.8160185185185185 0.7317239583333334 0.009768518518518477 0.010932291666666493
0 0.7976944444444444 0.7290833333333333 0.01586111111111121 0.013906249999999964
0 0.7849537037037037 0.75515625 0.009768518518518477 0.005739583333333265
0 0.7515740740740741 0.75125 0.012333333333333169 0.013218750000000057
0 0.7537777777777778 0.7339375 0.010870370370370273 0.012463541666666522
0 0.7520833333333333 0.72246875 0.011898148148148064 0.007291666666666608
0 0.7270092592592592 0.7414791666666667 0.009620370370370463 0.007302083333333265
0 0.6945833333333333 0.7303229166666666 0.01586111111111121 0.013078125000000006
0 0.6937407407407408 0.7110624999999999 0.022249999999999975 0.007614583333333336
0 0.6265833333333333 0.7051979166666666 0.006166666666666742 0.00909895833333323
0 0.640712962962963 0.7282083333333333 0.013296296296296204 0.013447916666666693
0 0.6164074074074074 0.7366614583333334 0.007564814814814882 0.008000000000000007
0 0.5947777777777777 0.730484375 0.01748148148148153 0.013411458333333393
0 0.5385277777777778 0.7077239583333332 0.036277777777777784 0.011265625000000057
0 0.5149166666666667 0.725140625 0.007861111111111067 0.010161458333333507
0 0.4740462962962963 0.7098125 0.024231481481481548 0.010067708333333236
0 0.4633981481481481 0.7023958333333333 0.0205648148148149 0.012994791666666571
0 0.4495185185185185 0.7278906249999999 0.011601851851851879 0.01193749999999998
0 0.41962962962962963 0.7337604166666666 0.025851851851851865 0.012104166666666494
0 0.33187037037037037 0.7180572916666667 0.008962962962962943 0.010442708333333429
0 0.3491666666666667 0.7003072916666666 0.02650925925925923 0.010890624999999866
0 0.5921388888888889 0.6758854166666667 0.012046296296296236 0.008723958333333393
0 0.5903703703703703 0.6678489583333332 0.01850925925925932 0.006281249999999972
0 0.5902314814814815 0.6527083333333333 0.012925925925926013 0.007802083333333343
0 0.6123703703703703 0.6874166666666666 0.01490740740740727 0.004520833333333307
0 0.7502129629629629 0.7023072916666667 0.018287037037037143 0.005765625000000085
0 0.7649722222222222 0.6949322916666667 0.013731481481481308 0.009640625000000114
0 0.7957870370370371 0.6886093750000001 0.007194444444444533 0.009390625000000163
0 0.8255277777777777 0.6949739583333333 0.016740740740740674 0.005979166666666735
0 0.8421574074074073 0.7083854166666665 0.010648148148148254 0.008864583333333264
0 0.8510833333333333 0.738015625 0.010870370370370273 0.010703125000000036
0 0.8630185185185184 0.7453072916666666 0.010499999999999924 0.010005208333333293
0 0.858574074074074 0.7336145833333333 0.008222222222222323 0.007270833333333293
0 0.8630185185185184 0.7295416666666666 0.01006481481481482 0.007067708333333478
0 0.8737037037037036 0.726625 0.01733333333333336 0.009177083333333336
0 0.8888333333333334 0.7212760416666666 0.013509259259259289 0.007072916666666628
0 0.8741759259259259 0.716109375 0.011240740740740938 0.008317708333333229
0 0.873925925925926 0.70828125 0.012481481481481498 0.00866145833333345
0 0.8894537037037037 0.707390625 0.01593518518518522 0.008406249999999994
0 0.8811574074074073 0.6985520833333333 0.013435185185185283 0.006260416666666657
0 0.8936388888888889 0.6974322916666666 0.011972222222222386 0.007666666666666622
0 0.9039629629629629 0.6974739583333334 0.012629629629629827 0.005104166666666821
0 0.8673518518518518 0.69128125 0.011675925925925729 0.010593750000000134
0 0.8327962962962961 0.6788958333333334 0.018361111111111147 0.008546874999999865
0 0.8988518518518518 0.6805677083333334 0.0088888888888887 0.009828124999999943
0 0.9217685185185185 0.6761666666666667 0.01006481481481482 0.010135416666666685
0 0.9434722222222222 0.6586875 0.009990740740740812 0.012869791666666686
0 0.891074074074074 0.6620729166666667 0.012703703703703835 0.007744791666666551
0 0.8825833333333334 0.6617447916666667 0.009842592592592798 0.010057291666666579
0 0.8920648148148148 0.6693489583333333 0.012925925925925855 0.008072916666666607
0 0.8742129629629629 0.6667239583333332 0.011898148148148064 0.008776041666666679
0 0.8437407407407408 0.6459843749999999 0.019972222222222058 0.009354166666666686
0 0.8735555555555556 0.6452656250000001 0.02202777777777764 0.009562500000000007
0 0.859787037037037 0.6333854166666666 0.008444444444444343 0.009234374999999951
0 0.7954166666666665 0.6145833333333333 0.010870370370370273 0.00880729166666665
0 0.7809444444444444 0.6177656249999999 0.01453703703703708 0.007734374999999893
0 0.7758425925925925 0.6210885416666667 0.01696296296296301 0.007510416666666764
0 0.7837037037037037 0.6519166666666667 0.014462962962962757 0.015260416666666821
0 0.7637592592592592 0.640640625 0.016888888888889002 0.009281250000000085
0 0.7769814814814814 0.6318802083333332 0.011018518518518603 0.006630208333333343
0 0.7657499999999999 0.6714010416666666 0.020268518518518717 0.005619791666666707
0 0.743861111111111 0.6678645833333332 0.014101851851851975 0.011447916666666735
0 0.7421018518518517 0.6546458333333334 0.00587962962962965 0.011682291666666521
0 0.7309351851851852 0.6555156249999999 0.013509259259259289 0.009286458333333237
0 0.6818425925925925 0.6200208333333334 0.01696296296296285 0.013895833333333307
0 0.6849629629629629 0.6018593749999999 0.023796296296296284 0.01516666666666655
0 0.5880648148148148 0.6090677083333333 0.026805555555555652 0.012145833333333477
0 0.5849074074074074 0.5895416666666666 0.02284259259259266 0.009468749999999915
0 0.5837314814814815 0.5671666666666667 0.019314814814814774 0.011671874999999865
0 0.5652592592592592 0.5440885416666668 0.018796296296296255 0.007843749999999972
0 0.5464629629629628 0.5953697916666666 0.009398148148148286 0.008557291666666522
0 0.5359907407407407 0.5924739583333333 0.00903703703703703 0.0060781249999999785
0 0.4885925925925925 0.6024322916666667 0.019388888888888938 0.00681770833333335
0 0.4643888888888889 0.5982187499999999 0.012703703703703677 0.0053333333333332785
0 0.4941666666666667 0.5527760416666666 0.01262962962962967 0.005749999999999922
0 0.5244629629629629 0.507546875 0.017407407407407365 0.007395833333333357
0 0.5492129629629628 0.5246770833333333 0.013435185185185125 0.003296875000000021
0 0.5903703703703703 0.5262239583333332 0.017037037037037173 0.008484374999999923
0 0.6138796296296296 0.5199010416666667 0.011166666666666616 0.004994791666666565
0 0.6694722222222222 0.5249010416666666 0.024824074074074075 0.0058385416666666854
0 0.6267962962962963 0.5121354166666666 0.0235000000000001 0.005656250000000007
0 0.5709166666666666 0.5020729166666666 0.024824074074074075 0.00685416666666665
0 0.5398518518518518 0.5023854166666666 0.017037037037037173 0.006234375000000014
0 0.5457962962962963 0.4851927083333333 0.012777777777777683 0.006557291666666565
0 0.5356666666666666 0.48226041666666664 0.010425925925925918 0.006473958333333307
0 0.5667314814814814 0.4769479166666667 0.014398148148148158 0.007041666666666657
0 0.5847222222222223 0.49288020833333335 0.018064814814814808 0.005406250000000057
0 0.5984537037037037 0.48884895833333336 0.015564814814814712 0.0047239583333333005
0 0.6156018518518519 0.4735625 0.015787037037037047 0.007666666666666622
0 0.5984537037037037 0.46998437499999995 0.009694444444444469 0.007333333333333236
0 0.5991851851851852 0.4516406249999999 0.014101851851851817 0.008848958333333278
0 0.635425925925926 0.47072916666666664 0.020194444444444393 0.005723958333333279
0 0.6555925925925925 0.4810833333333333 0.019388888888888938 0.009489583333333407
0 0.6649907407407407 0.5106458333333334 0.01175000000000005 0.006239583333333343
0 0.7404444444444442 0.5161666666666667 0.022398148148148302 0.009427083333333286
0 0.691537037037037 0.46992708333333333 0.016666666666666666 0.015265624999999972
0 0.7154074074074073 0.45889583333333334 0.020342592592592645 0.013854166666666678
0 0.5511574074074074 0.45523437499999997 0.013222222222222198 0.006953124999999893
0 0.5299722222222222 0.4457708333333333 0.013731481481481466 0.01033333333333335
0 0.5154629629629629 0.46211458333333333 0.009398148148148286 0.007078124999999958
0 0.5051111111111111 0.4684583333333333 0.012777777777777683 0.0053072916666666355
0 0.4845462962962962 0.46141145833333325 0.01865740740740749 0.009807291666666629
0 0.475037037037037 0.4525885416666666 0.014907407407407428 0.006619791666666685
0 0.4642037037037037 0.44140104166666666 0.02437962962962972 0.00696354166666655
0 0.48998148148148146 0.4329739583333333 0.00984259259259264 0.011588541666666608
0 0.48693518518518514 0.4170208333333333 0.014759259259259257 0.009427083333333286
0 0.523361111111111 0.41070312499999995 0.009324074074073962 0.01477604166666655
0 0.5959166666666667 0.4262447916666666 0.014027777777777809 0.010895833333333372
0 0.4673240740740741 0.4050260416666666 0.021074074074074172 0.011010416666666734
0 0.4483055555555555 0.413 0.008009259259259239 0.0046510416666667
0 0.4505092592592593 0.41655208333333327 0.011092592592592609 0.005151041666666778
0 0.44254629629629627 0.42336979166666666 0.0060185185185185714 0.00639062500000005
0 0.4523055555555555 0.42638541666666663 0.017037037037037017 0.004927083333333293
0 0.3642592592592592 0.4237447916666667 0.011018518518518445 0.011270833333333386
0 0.352324074074074 0.40382291666666664 0.013583333333333256 0.007786458333333357
0 0.49137962962962967 0.37853125 0.013805555555555632 0.006411458333333275
0 0.4996388888888889 0.37254166666666666 0.006833333333333434 0.007218749999999918
0 0.4842592592592592 0.3602916666666666 0.011898148148148064 0.009567708333333248
0 0.4738981481481481 0.35564062500000004 0.010574074074074088 0.005640624999999932
0 0.4740462962962963 0.3504375 0.010277777777777747 0.005140624999999943
0 0.4629907407407407 0.346078125 0.015351851851851943 0.005921874999999943
0 0.4314537037037037 0.3536614583333333 0.0190925925925926 0.008281250000000018
0 0.5007777777777778 0.33896875 0.01850925925925932 0.004989583333333325
0 0.5001203703703704 0.34390624999999997 0.021296296296296348 0.006270833333333314
0 0.5178148148148148 0.34880208333333335 0.013805555555555632 0.0068020833333332755
0 0.5543148148148147 0.360765625 0.010722222222222102 0.009276041666666669
0 0.567425925925926 0.4024374999999999 0.010796296296296425 0.005286458333333366
0 0.617037037037037 0.380578125 0.01645370370370374 0.005213541666666632
0 0.6037777777777779 0.3879114583333333 0.018138888888888812 0.005005208333333311
0 0.6434722222222222 0.39663541666666663 0.010574074074074088 0.009958333333333291
0 0.6522129629629629 0.3949375 0.00866666666666652 0.00905208333333336
0 0.6601759259259259 0.39678125 0.011092592592592609 0.010661458333333363
0 0.6647314814814814 0.4057864583333333 0.013731481481481466 0.004375000000000106
0 0.6637777777777777 0.40940104166666663 0.012268518518518571 0.004927083333333293
0 0.6594444444444445 0.41460937499999995 0.010944444444444439 0.008729166666666722
0 0.6764814814814815 0.42974999999999997 0.016666666666666666 0.0072083333333333496
0 0.7404814814814814 0.42764583333333334 0.012925925925925855 0.012083333333333357
0 0.7701851851851852 0.4446458333333333 0.013583333333333296 0.0047239583333333005
0 0.7518703703703703 0.4675625 0.006907407407407441 0.0076458333333333075
0 0.7974722222222221 0.4498125 0.011166666666666616 0.015052083333333322
0 0.7911574074074074 0.5026614583333333 0.017916666666666477 0.007661458333333293
0 0.8358425925925925 0.5497812499999999 0.011972222222222386 0.013046875000000036
0 0.8519999999999999 0.5654635416666667 0.011527777777777715 0.009708333333333208
0 0.8510833333333333 0.6096770833333333 0.009694444444444469 0.012630208333333393
0 0.929 0.58753125 0.014685185185185093 0.006333333333333258
0 0.9327129629629629 0.5800520833333334 0.015500000000000114 0.007072916666666628
0 0.9635185185185183 0.5476979166666667 0.010277777777777589 0.010942708333333506
0 0.9555833333333333 0.5371614583333333 0.009101851851851785 0.007213541666666679
0 0.9027129629629629 0.526125 0.011453703703703707 0.005765624999999908
0 0.8698055555555555 0.536125 0.01556481481481487 0.005593749999999886
0 0.8349629629629629 0.5175729166666667 0.01989814814814805 0.004395833333333421
0 0.8715740740740741 0.5126302083333333 0.014981481481481436 0.0058958333333333
0 0.9629629629629629 0.49253125 0.015787037037037207 0.013796875000000064
0 0.929 0.49448958333333326 0.016157407407407554 0.004999999999999893
0 0.9439814814814814 0.5042864583333333 0.013805555555555632 0.00880729166666665
0 0.9483888888888887 0.494140625 0.013805555555555632 0.006281249999999972
0 0.9061944444444445 0.49313020833333326 0.008148148148148 0.006317708333333449
0 0.8358055555555555 0.4904427083333333 0.018944444444444583 0.008385416666666678
0 0.8605185185185185 0.48228124999999994 0.017259259259259353 0.0067031249999999435
0 0.9161851851851851 0.4765989583333333 0.011675925925925729 0.005260416666666679
0 0.9234166666666666 0.47313020833333325 0.012629629629629827 0.005593750000000064
0 0.9269444444444445 0.45397395833333326 0.011453703703703707 0.006307291666666615
0 0.9538240740740741 0.433015625 0.010574074074074246 0.007328124999999908
0 0.876861111111111 0.43818229166666656 0.014685185185185093 0.006083333333333307
0 0.8839444444444443 0.44653124999999994 0.01006481481481482 0.005911458333333286
0 0.8658796296296296 0.4475052083333333 0.010944444444444281 0.008010416666666664
0 0.8309629629629629 0.44857291666666665 0.013953703703703645 0.006364583333333407
0 0.8608888888888888 0.45901041666666664 0.015055555555555442 0.007484374999999943
0 0.888685185185185 0.46634374999999995 0.010138888888888826 0.005531249999999943
0 0.88575 0.4805833333333333 0.013074074074073868 0.006005208333333378
0 0.8868148148148148 0.4960572916666666 0.0088888888888887 0.00845312499999995
0 0.929 0.5412343749999999 0.010277777777777589 0.006687500000000135
0 0.9240833333333333 0.5126979166666666 0.009842592592592798 0.003703125000000007
0 0.9202962962962962 0.51496875 0.00932407407407412 0.004937499999999951
0 0.9342499999999999 0.42241145833333327 0.016666666666666666 0.0078125
0 0.823361111111111 0.43521874999999993 0.01711111111111102 0.013604166666666551
0 0.8382685185185185 0.4237760416666666 0.01608333333333323 0.008057291666666622
0 0.795675925925926 0.42162499999999997 0.016231481481481562 0.005411458333333385
0 0.7748888888888888 0.40222395833333324 0.012268518518518413 0.01081770833333331
0 0.7520092592592592 0.4000989583333333 0.01175000000000005 0.011104166666666648
0 0.7002777777777777 0.40257812499999995 0.017555555555555536 0.009453125000000062
0 0.8059537037037037 0.4064583333333333 0.019166666666666603 0.004000000000000092
0 0.8134444444444444 0.41034375 0.01299999999999986 0.0064114583333333645
0 0.8458703703703704 0.41176562499999997 0.017916666666666477 0.005625000000000035
0 0.8452777777777777 0.4157760416666666 0.013222222222222198 0.0050416666666666995
0 0.8602222222222221 0.40075520833333333 0.011972222222222386 0.009062500000000062
0 0.8342314814814814 0.40019791666666665 0.014027777777777967 0.0056302083333333195
0 0.8368333333333333 0.39472395833333335 0.013953703703703645 0.004604166666666654
0 0.835111111111111 0.3889375 0.01711111111111102 0.00696354166666664
0 0.8789907407407406 0.40741145833333337 0.011898148148148064 0.003187499999999943
0 0.8861111111111111 0.4064583333333333 0.010870370370370273 0.004265625000000028
0 0.8858148148148147 0.40226562499999996 0.008518518518518666 0.003151041666666643
0 0.8775185185185185 0.39976562499999996 0.011601851851851721 0.005484374999999986
0 0.9039629629629629 0.4140625 0.014833333333333422 0.005583333333333407
0 0.9066759259259258 0.4043906249999999 0.010870370370370273 0.0067447916666667496
0 0.9263611111111112 0.4047239583333333 0.009694444444444469 0.0044322916666667215
0 0.9393518518518518 0.38842187499999997 0.01453703703703708 0.008531250000000056
0 0.912037037037037 0.38044791666666666 0.022175925925925967 0.006093750000000053
0 0.8822222222222221 0.3885052083333333 0.01718518518518503 0.005062500000000014
0 0.8766388888888889 0.36790625 0.01072222222222226 0.011994791666666681
0 0.8506759259259259 0.36840104166666665 0.019314814814814618 0.006374999999999975
0 0.8498703703703703 0.35444791666666664 0.021666666666666855 0.007796875000000014
0 0.839111111111111 0.35940625 0.016740740740740674 0.008729166666666632
0 0.8163425925925926 0.36399479166666665 0.015277777777777777 0.006989583333333371
0 0.7945370370370369 0.3634166666666666 0.013074074074073868 0.006729166666666675
0 0.750175925925926 0.3531666666666667 0.005138888888888952 0.006062500000000082
0 0.7327685185185184 0.3701927083333333 0.011453703703703707 0.008718749999999975
0 0.7293981481481481 0.37667708333333333 0.012925925925925855 0.008880208333333339
0 0.7087962962962961 0.383890625 0.018138888888888736 0.008437500000000053
0 0.694 0.3800052083333333 0.007342592592592704 0.005624999999999947
0 0.6819907407407407 0.384984375 0.02078703703703708 0.008562500000000028
0 0.6637037037037037 0.36707291666666664 0.0150555555555556 0.005369791666666668
0 0.6479907407407407 0.35742708333333334 0.01887037037037042 0.005489583333333314
0 0.7038333333333333 0.3438541666666667 0.017037037037037094 0.010151041666666671
0 0.6829074074074073 0.3389583333333333 0.010138888888888984 0.010687499999999961
0 0.7461388888888889 0.339328125 0.01175000000000005 0.010885416666666713
0 0.771361111111111 0.3292239583333333 0.019314814814814618 0.007333333333333325
0 0.7577037037037037 0.32519791666666664 0.017259259259259353 0.007125000000000004
0 0.7976944444444444 0.3417864583333333 0.01733333333333336 0.004364583333333361
0 0.8033796296296296 0.3479010416666667 0.011092592592592609 0.005031250000000043
0 0.8182962962962962 0.34758854166666664 0.015055555555555442 0.004265625000000028
0 0.8264444444444444 0.34329166666666666 0.01784259259259247 0.004598958333333325
0 0.8421203703703702 0.33971874999999996 0.023944444444444456 0.006380208333333304
0 0.8736296296296296 0.3480885416666667 0.027027777777777828 0.006640625
0 0.8831759259259259 0.3350520833333333 0.009694444444444469 0.009895833333333303
0 0.8757962962962962 0.3273229166666667 0.01035185185185191 0.006833333333333247
0 0.8377870370370369 0.303578125 0.010574074074074246 0.005546875000000018
0 0.8123055555555554 0.306078125 0.013074074074073868 0.005656249999999918
0 0.7917407407407406 0.3110364583333333 0.013370370370370525 0.007312500000000011
0 0.7753333333333333 0.28870312499999995 0.020194444444444393 0.004364583333333361
0 0.7542129629629629 0.29353645833333336 0.016157407407407554 0.0049427083333333675
0 0.729574074074074 0.2844895833333333 0.019166666666666603 0.005848958333333343
0 0.752898148148148 0.27549999999999997 0.013509259259259289 0.005635416666666604
0 0.7401203703703704 0.2738697916666667 0.012046296296296393 0.008567708333333358
0 0.7391296296296296 0.26428125 0.017694444444444457 0.007572916666666707
0 0.7135277777777778 0.2785364583333333 0.015277777777777777 0.007166666666666632
0 0.6959814814814814 0.2865729166666667 0.019537037037036954 0.005265624999999918
0 0.6762962962962962 0.2920729166666666 0.014833333333333264 0.004901041666666739
0 0.6878240740740741 0.29370312499999995 0.013805555555555632 0.006927083333333339
0 0.6968240740740741 0.296140625 0.014175925925925823 0.010979166666666628
0 0.6754907407407407 0.3005208333333333 0.009101851851851785 0.009822916666666615
0 0.6633703703703704 0.30657291666666664 0.009249999999999956 0.0033385416666667387
0 0.6463703703703704 0.3194583333333333 0.016666666666666666 0.0064166666666666036
0 0.62625 0.32152604166666665 0.018731481481481498 0.004328124999999972
0 0.6077407407407407 0.336734375 0.017694444444444297 0.01161458333333334
0 0.5947037037037036 0.34590624999999997 0.014981481481481594 0.010130208333333357
0 0.5850462962962963 0.3362395833333333 0.011527777777777873 0.008968750000000015
0 0.5875092592592592 0.32940104166666667 0.01175000000000005 0.00809375000000001
0 0.5659166666666667 0.3161145833333333 0.015564814814814712 0.012510416666666658
0 0.5778148148148148 0.3050625 0.010574074074074088 0.008161458333333371
0 0.5846851851851852 0.30195833333333333 0.010796296296296425 0.007125000000000004
0 0.5968703703703704 0.30059895833333333 0.012851851851852005 0.009151041666666604
0 0.581925925925926 0.2908072916666667 0.009398148148148286 0.010223958333333361
0 0.587287037037037 0.2810989583333333 0.014981481481481594 0.013119791666666724
0 0.5662870370370371 0.2833802083333333 0.02144444444444452 0.009005208333333315
0 0.45818518518518514 0.3174895833333333 0.01262962962962967 0.0065833333333333854
0 0.5536203703703703 0.2734010416666666 0.011527777777777873 0.010114583333333371
0 0.5923981481481481 0.25067708333333333 0.025481481481481518 0.0076197916666666645
0 0.608111111111111 0.2595572916666667 0.011675925925925887 0.00969270833333331
0 0.6258796296296296 0.2606770833333333 0.0150555555555556 0.00944270833333336
0 0.6475092592592592 0.27271875 0.010574074074074088 0.005854166666666672
0 0.6108148148148148 0.50559375 0.015851851851851805 0.0037604166666666216
0 0.5700555555555554 0.45636979166666664 0.008629629629629518 0.008088541666666593
0 0.66275 0.5702552083333334 0.010509259259259175 0.006286458333333478
0 0.9322037037037036 0.6427083333333333 0.01670370370370367 0.0055364583333334496
0 0.9216018518518518 0.6300364583333333 0.017259259259259353 0.009755208333333343
0 0.8961296296296297 0.6329427083333333 0.01341666666666678 0.010281249999999886