0 0.30757407407407406 0.27184375000000005 0.013500000000000038 0.009515624999999962
0 0.2613055555555555 0.28904687500000004 0.012398148148148162 0.006734375000000003
0 0.28540740740740744 0.29148437499999996 0.01376851851851855 0.004656250000000028
0 0.2736296296296296 0.29863541666666665 0.013907407407407391 0.003140624999999986
0 0.25727777777777777 0.30058854166666665 0.011499999999999962 0.0042604166666667
0 0.27342592592592596 0.302625 0.01569444444444446 0.0036770833333332753
0 0.30825925925925923 0.289625 0.009361111111111124 0.00682291666666659
0 0.31198148148148147 0.28617708333333336 0.007435185185185133 0.005197916666666647
0 0.32330555555555557 0.2903802083333333 0.010259259259259324 0.008026041666666739
0 0.32661111111111113 0.27389583333333334 0.011907407407407394 0.00575000000000001
0 0.33512037037037035 0.2744947916666666 0.007990740740740736 0.005708333333333382
0 0.34255555555555556 0.278140625 0.009638888888888886 0.006171874999999982
0 0.360287037037037 0.2633802083333333 0.013425925925925912 0.006260416666666657
0 0.3764629629629629 0.26179166666666664 0.015490740740740704 0.007109375000000018
0 0.3960925925925925 0.27071875 0.01618518518518515 0.011328125
0 0.3792499999999999 0.28259375000000003 0.013361111111111117 0.008104166666666668
0 0.37123148148148144 0.27811979166666667 0.007092592592592616 0.005796875000000057
0 0.357287037037037 0.286625 0.011842592592592559 0.004692708333333328
0 0.3492685185185185 0.28734375 0.008611111111111095 0.004098958333333247
0 0.37862962962962965 0.2912708333333333 0.013222222222222198 0.004692708333333328
0 0.35911111111111105 0.29538020833333334 0.014388888888888868 0.0026770833333333854
0 0.3623518518518518 0.2988072916666667 0.00929629629629621 0.0024010416666666147
0 0.3389722222222222 0.3002239583333333 0.009916666666666726 0.0030572916666666396
0 0.34888888888888886 0.30851562499999996 0.017629629629629582 0.0050677083333333425
0 0.3843518518518519 0.303828125 0.019694444444444376 0.004375000000000018
0 0.39887962962962964 0.3010572916666666 0.01955555555555561 0.005656249999999918
0 0.40665740740740736 0.30934375000000003 0.018453703703703656 0.008833333333333382
0 0.35422222222222216 0.31451562499999997 0.011083333333333318 0.004296875
0 0.33725 0.3143229166666667 0.016796296296296257 0.00390625
0 0.325 0.31668749999999996 0.011018518518518523 0.004604166666666654
0 0.32103703703703707 0.3086302083333333 0.01136111111111112 0.0036770833333332753
0 0.31790740740740736 0.31165104166666663 0.007296296296296292 0.003833333333333311
0 0.3163240740740741 0.31621875 0.006333333333333337 0.007083333333333286
0 0.3106759259259259 0.31422916666666667 0.007157407407407451 0.007135416666666661
0 0.3445462962962963 0.3206354166666666 0.01046296296296292 0.004447916666666618
0 0.3548796296296296 0.32714583333333336 0.009092592592592652 0.007026041666666672
0 0.2911203703703704 0.3365625 0.012666666666666593 0.004359374999999943
0 0.28312962962962956 0.31596874999999996 0.0121203703703704 0.004098958333333247
0 0.2656759259259259 0.3119375 0.0064074074074073435 0.00596354166666666
0 0.2541481481481482 0.31916666666666665 0.01913888888888885 0.004291666666666671
0 0.24898148148148147 0.32491666666666663 0.008814814814814772 0.00401562499999999
0 0.2591666666666666 0.331546875 0.013222222222222198 0.005359375000000011
0 0.22443518518518515 0.31997916666666665 0.013148148148148112 0.004307291666666657
0 0.21055555555555555 0.3118854166666667 0.022305555555555558 0.005932291666666689
0 0.23399999999999996 0.32619791666666664 0.011907407407407394 0.007062499999999972
0 0.2144444444444444 0.32972395833333334 0.020722222222222246 0.005255208333333261
0 0.2177222222222222 0.3395625 0.01900000000000001 0.004161458333333368
0 0.21045370370370367 0.34521875 0.017694444444444457 0.00369791666666659
0 0.23489814814814813 0.34574479166666666 0.017009259259259262 0.0038124999999999964
0 0.2536574074074074 0.34125 0.01597222222222222 0.005052083333333357
0 0.3234814814814815 0.3504114583333333 0.014046296296296232 0.005708333333333382
0 0.3540555555555555 0.3430520833333333 0.013499999999999998 0.004937500000000039
0 0.37952777777777774 0.3533958333333333 0.014870370370370267 0.008786458333333247
0 0.36151851851851846 0.36378125 0.01300925925925923 0.0094114583333333
0 0.3541944444444444 0.35628125 0.01046296296296292 0.0048749999999999185
0 0.3107037037037037 0.36839583333333337 0.012046296296296314 0.010890625000000043
0 0.30007407407407405 0.38216666666666665 0.014046296296296232 0.0045572916666666964
0 0.28733333333333333 0.38751041666666663 0.007851851851851895 0.007687500000000025
0 0.24660185185185182 0.37683854166666664 0.0128796296296296 0.006093750000000053
0 0.26034259259259257 0.3904739583333333 0.015287037037037028 0.005484374999999986
0 0.2581388888888889 0.39969270833333326 0.013907407407407391 0.007067708333333256
0 0.20284259259259257 0.37145312500000005 0.01569444444444446 0.0038437500000000568
0 0.3180092592592592 0.39125 0.0128796296296296 0.005484374999999986
0 0.33171296296296293 0.41540625000000003 0.01136111111111112 0.009255208333333265
0 0.33845370370370365 0.3862708333333333 0.008333333333333333 0.00830729166666666
0 0.3447222222222222 0.38559375 0.008055555555555571 0.0073854166666667
0 0.41805555555555557 0.38542187499999997 0.022518518518518566 0.008151041666666714
0 0.43963888888888886 0.3746145833333333 0.010324074074074001 0.010546875
0 0.44263888888888886 0.3620572916666666 0.014249999999999987 0.008682291666666675
0 0.4324074074074074 0.35189062499999996 0.00825925925925917 0.008869791666666682
0 0.4251111111111111 0.3529375 0.010194444444444489 0.008635416666666628
0 0.4024537037037037 0.332515625 0.010324074074074001 0.00575520833333334
0 0.3828703703703703 0.32556250000000003 0.008879629629629607 0.005406250000000057
0 0.38992592592592595 0.3241666666666666 0.009222222222222203 0.0051354166666666146
0 0.431 0.32339062499999993 0.018657407407407334 0.006682291666666629
0 0.45582407407407405 0.31971354166666666 0.016527777777777745 0.007072916666666628
0 0.47434259259259254 0.31794791666666666 0.013907407407407391 0.006338541666666675
0 0.45406481481481475 0.3646770833333333 0.0068148148148147744 0.011203125000000026
0 0.47086111111111106 0.35901562499999995 0.01466666666666659 0.007864583333333286
0 0.5071203703703704 0.3728177083333333 0.019972222222222218 0.013182291666666669
0 0.519611111111111 0.336390625 0.00805555555555565 0.007411458333333343
0 0.5300462962962963 0.3473177083333333 0.011296296296296285 0.010348958333333247
0 0.49909259259259253 0.324984375 0.01604629629629623 0.008890624999999996
0 0.4952037037037037 0.31566666666666665 0.02588888888888887 0.006135416666666682
0 0.4563055555555555 0.3003333333333333 0.011296296296296285 0.004526041666666725
0 0.47158333333333335 0.30566145833333336 0.01046296296296292 0.0061250000000000245
0 0.42999999999999994 0.3022916666666666 0.01376851851851847 0.0058958333333333
0 0.4295185185185185 0.2926458333333333 0.0169351851851851 0.006572916666666639
0 0.4215648148148148 0.2841197916666666 0.008611111111111016 0.0050156250000000565
0 0.42910185185185185 0.278640625 0.007851851851851816 0.006062500000000082
0 0.4346851851851851 0.275 0.009361111111111124 0.008072916666666697
0 0.44280555555555556 0.28336458333333325 0.012944444444444514 0.0061770833333333105
0 0.419324074074074 0.2736822916666667 0.007574074074073975 0.005437500000000028
0 0.46508333333333335 0.28559375 0.011777777777777804 0.004432291666666632
0 0.46831481481481474 0.29161458333333334 0.006675925925926012 0.00748958333333336
0 0.5448518518518519 0.39914062499999997 0.018175925925925974 0.010880208333333386
0 0.5500462962962962 0.3901354166666666 0.01260185185185176 0.009916666666666619
0 0.5386203703703704 0.3719635416666666 0.010675925925925847 0.008302083333333331
0 0.5421666666666666 0.3676875 0.011157407407407366 0.004083333333333261
0 0.5444722222222222 0.3645677083333333 0.008611111111111016 0.0037343750000000675
0 0.17713888888888887 0.33524479166666665 0.013962962962962955 0.004276041666666686
0 0.1612407407407407 0.3343697916666667 0.01084259259259256 0.0046302083333333854
0 0.1627407407407407 0.339890625 0.013833333333333345 0.004807291666666646
0 0.17214814814814813 0.34515104166666666 0.008472222222222214 0.004307291666666657
0 0.16629629629629628 0.34715104166666666 0.007731481481481515 0.005218749999999961
0 0.18268518518518517 0.35305729166666666 0.018574074074074076 0.006374999999999975
0 0.1714074074074074 0.36380729166666664 0.012462962962962957 0.004859374999999932
0 0.1313611111111111 0.3598072916666667 0.012157407407407403 0.004437499999999961
0 0.1820277777777778 0.3808020833333333 0.006796296296296273 0.006338541666666675
0 0.19982407407407407 0.39318229166666663 0.019194444444444434 0.0057135416666667105
0 0.20718518518518517 0.40102083333333327 0.011962962962962977 0.007916666666666706
0 0.14469444444444446 0.39186979166666663 0.009166666666666658 0.005333333333333368
0 0.12029629629629628 0.3829427083333333 0.01620370370370369 0.004661458333333357
0 0.13323148148148145 0.3971614583333333 0.012157407407407403 0.004411458333333318
0 0.10664814814814814 0.3943229166666667 0.014833333333333342 0.005187499999999989
0 0.1087037037037037 0.4027916666666666 0.02193518518518517 0.013510416666666681
0 0.12780555555555556 0.4083489583333333 0.016768518518518544 0.0065833333333333854
0 0.12312962962962962 0.42428124999999994 0.009907407407407396 0.010906250000000029
0 0.09467592592592591 0.4184583333333333 0.023805555555555566 0.006276041666666643
0 0.15062037037037035 0.42680729166666664 0.00891666666666665 0.0089479166666667
0 0.16897222222222222 0.42713541666666666 0.017324074074074068 0.004067708333333364
0 0.20185185185185184 0.4248385416666666 0.020759259259259248 0.004802083333333406
0 0.22089814814814812 0.4111458333333333 0.009472222222222213 0.008000000000000007
0 0.23012037037037036 0.4151979166666666 0.008472222222222174 0.005161458333333435
0 0.2698240740740741 0.4183541666666667 0.012592592592592588 0.003958333333333286
0 0.28148148148148144 0.4209322916666666 0.012962962962962937 0.0038593750000000425
0 0.27624074074074073 0.43495833333333334 0.01097222222222227 0.008760416666666692
0 0.2538611111111111 0.4446041666666666 0.012092592592592568 0.005625000000000035
0 0.30927777777777776 0.45326562499999995 0.009722222222222222 0.0068229166666666785
0 0.27381481481481484 0.4666822916666666 0.012092592592592568 0.0038489583333333856
0 0.26380555555555557 0.463875 0.00903703703703703 0.008057291666666622
0 0.3529074074074074 0.4491770833333333 0.014712962962962964 0.003807291666666579
0 0.35689814814814813 0.46109895833333325 0.01570370370370375 0.012218750000000079
0 0.36942592592592594 0.469921875 0.015333333333333282 0.008249999999999957
0 0.21067592592592593 0.46990625 0.007481481481481467 0.006093749999999965
0 0.20412962962962963 0.45419270833333325 0.014333333333333325 0.005526041666666615
0 0.18184259259259256 0.44686458333333334 0.014648148148148148 0.0055885416666667355
0 0.16149074074074074 0.431890625 0.014833333333333303 0.004390625000000092
0 0.14946296296296294 0.4375 0.017703703703703708 0.004390625000000092
0 0.1645462962962963 0.4481614583333333 0.012462962962962957 0.007484374999999943
0 0.15463888888888888 0.4431822916666667 0.013583333333333334 0.005937500000000107
0 0.14410185185185184 0.447671875 0.008972222222222234 0.006505208333333279
0 0.12671296296296294 0.43866145833333337 0.012092592592592608 0.006005208333333378
0 0.10546296296296297 0.4388020833333333 0.006481481481481468 0.009093750000000077
0 0.0915 0.4350625 0.01645370370370371 0.004776041666666763
0 0.12559259259259256 0.4534947916666667 0.014333333333333325 0.0028906250000000355
0 0.1068611111111111 0.4567916666666666 0.011277777777777784 0.005104166666666643
0 0.18866666666666662 0.4581822916666667 0.01034259259259258 0.007182291666666707
0 0.17529629629629626 0.4660364583333333 0.009037037037037008 0.010276041666666735
0 0.15438888888888888 0.4569375 0.01658333333333337 0.004343749999999957
0 0.15457407407407406 0.47380208333333335 0.01745370370370374 0.004692708333333328
0 0.16526851851851854 0.47969270833333333 0.007046296296296322 0.008338541666666721
0 0.1691574074074074 0.4874635416666666 0.013212962962962945 0.010359374999999994
0 0.17483333333333334 0.49528125 0.013092592592592586 0.008364583333333364
0 0.17389814814814814 0.5018802083333334 0.006231481481481498 0.007630208333333321
0 0.17925925925925926 0.5091041666666667 0.010472222222222232 0.008057291666666622
0 0.21503703703703703 0.5075624999999999 0.01620370370370373 0.010578124999999971
0 0.21562962962962962 0.4795885416666666 0.016888888888888922 0.0078489583333333
0 0.23014814814814813 0.4858124999999999 0.014027777777777731 0.00486458333333335
0 0.3064444444444444 0.490359375 0.011027777777777775 0.008781250000000008
0 0.31990740740740736 0.5116093749999999 0.014027777777777731 0.0064114583333333645
0 0.3158796296296296 0.5220260416666667 0.01097222222222227 0.01076041666666665
0 0.33196296296296296 0.530484375 0.006981481481481448 0.0073489583333334
0 0.34782407407407406 0.5481770833333333 0.016768518518518506 0.005302083333333307
0 0.3175925925925926 0.5348697916666667 0.01364814814814813 0.005625000000000035
0 0.27175 0.5184895833333333 0.008722222222222185 0.008604166666666658
0 0.24561111111111109 0.5261041666666666 0.011777777777777804 0.006291666666666629
0 0.2150925925925926 0.5325364583333333 0.011092592592592609 0.006895833333333279
0 0.22382407407407404 0.5494947916666666 0.011092592592592609 0.010307291666666708
0 0.19562037037037036 0.5452864583333333 0.014518518518518498 0.0074947916666666
0 0.16239814814814812 0.5521041666666666 0.014898148148148138 0.0044583333333333645
0 0.1405185185185185 0.5583072916666667 0.012527777777777752 0.005145833333333449
0 0.13294444444444445 0.5669322916666666 0.01084259259259256 0.005651041666666678
0 0.1519537037037037 0.57025 0.02144444444444448 0.004833333333333379
0 0.10060185185185186 0.53196875 0.019444444444444445 0.0075677083333333785
0 0.09757407407407406 0.5407031250000001 0.007416666666666671 0.006229166666666686
0 0.0761388888888889 0.5461927083333333 0.01289814814814816 0.005802083333333208
0 0.07662962962962963 0.5373177083333334 0.011907407407407394 0.006989583333333371
0 0.06026851851851851 0.55115625 0.014083333333333335 0.007666666666666622
0 0.08862962962962963 0.56021875 0.008472222222222225 0.0054114583333332075
0 0.1038425925925926 0.5657916666666666 0.012962962962962976 0.004776041666666763
0 0.09857407407407406 0.5575 0.015398148148148157 0.004187499999999922
0 0.10514814814814814 0.5507500000000001 0.014083333333333354 0.006505208333333279
0 0.05366666666666667 0.5635468749999999 0.014833333333333323 0.007864583333333286
0 0.06488888888888888 0.5222447916666667 0.015453703703703702 0.008739583333333379
0 0.06699999999999999 0.5124739583333333 0.026175925925925922 0.007640624999999979
0 0.10801851851851851 0.5086510416666666 0.013462962962962956 0.005052083333333357
0 0.10624074074074073 0.5028854166666666 0.015518518518518497 0.0036822916666666926
0 0.12755555555555553 0.5008489583333333 0.015768518518518508 0.0038177083333332364
0 0.0970462962962963 0.49811458333333325 0.01097222222222223 0.003958333333333286
0 0.09349074074074074 0.5052708333333333 0.008101851851851865 0.00845312499999995
0 0.1485648148148148 0.49202604166666664 0.01414814814814811 0.004359374999999943
0 0.14101851851851852 0.4872395833333333 0.014648148148148129 0.0046510416666667
0 0.1343148148148148 0.4839427083333333 0.01620370370370369 0.005072916666666672
0 0.1299537037037037 0.49169791666666657 0.009972222222222191 0.005848958333333343
0 0.12029629629629628 0.486453125 0.009351851851851873 0.004828125000000049
0 0.11995370370370372 0.47917708333333325 0.014398148148148158 0.006750000000000078
0 0.08386111111111111 0.48843229166666663 0.023000000000000003 0.005635416666666693
0 0.07124074074074073 0.47948958333333336 0.007231481481481477 0.006682291666666629
0 0.08084259259259259 0.47591666666666665 0.006481481481481488 0.007942708333333392
0 0.08367592592592593 0.4651979166666666 0.00778703703703704 0.008604166666666658
0 0.06875 0.46409374999999997 0.009722222222222222 0.008848958333333278
0 0.07454629629629629 0.45332812499999997 0.012342592592592598 0.007651041666666636
0 0.09339814814814815 0.4648020833333333 0.010157407407407407 0.006567708333333222
0 0.0980462962962963 0.46889062499999995 0.008972222222222234 0.004354166666666615
0 0.11589814814814814 0.4646666666666667 0.011277777777777784 0.005781249999999893
0 0.35774074074074075 0.4929895833333333 0.008787037037037058 0.009442708333333449
0 0.3575833333333333 0.48191145833333326 0.01147222222222221 0.010468749999999893
0 0.38675 0.493671875 0.024935185185185085 0.007723958333333236
0 0.3295 0.5634114583333333 0.01414814814814815 0.010593750000000134
0 0.24199074074074076 0.5881927083333333 0.012777777777777761 0.01477604166666655
0 0.22375925925925924 0.586734375 0.014333333333333325 0.005901041666666629
0 0.19165740740740742 0.593171875 0.023685185185185198 0.00930729166666655
0 0.12652777777777777 0.595125 0.01807407407407406 0.01041145833333328
0 0.05398148148148147 0.5830989583333333 0.01670370370370369 0.009494791666666735
0 0.0898148148148148 0.5881302083333333 0.01109259259259258 0.003932291666666821
0 0.07417592592592592 0.5926145833333333 0.01620370370370371 0.004770833333333257
0 0.06507407407407408 0.5985625 0.009472222222222213 0.009364583333333343
0 0.09043518518518517 0.6041718749999999 0.012342592592592608 0.009359374999999837
0 0.09574074074074075 0.6167083333333332 0.012962962962962976 0.004968749999999922
0 0.09795370370370371 0.6214999999999999 0.010407407407407416 0.005562499999999915
0 0.07105555555555555 0.6172864583333333 0.012462962962962978 0.0069687500000000565
0 0.04839814814814814 0.612453125 0.011027777777777775 0.008598958333333507
0 0.05422222222222222 0.6283385416666667 0.01122222222222222 0.011625000000000085
0 0.1433611111111111 0.6208177083333333 0.009972222222222191 0.008854166666666607
0 0.15987037037037036 0.6194479166666665 0.015583333333333331 0.00962499999999995
0 0.18287037037037035 0.6171145833333332 0.006731481481481438 0.010916666666666686
0 0.2253796296296296 0.6324062500000001 0.015453703703703702 0.008989583333333506
0 0.1370925925925926 0.631828125 0.014398148148148158 0.0098385416666666
0 0.1138148148148148 0.6431927083333333 0.013212962962962985 0.005916666666666792
0 0.07274074074074074 0.6385260416666666 0.01707407407407408 0.008510416666666742
0 0.05924074074074073 0.6459270833333333 0.01427777777777778 0.009989583333333307
0 0.059083333333333335 0.6549739583333333 0.013962962962962974 0.00838020833333335
0 0.08093518518518518 0.6511145833333334 0.010787037037037036 0.007682291666666607
0 0.07264814814814814 0.6686302083333333 0.01364814814814815 0.004552083333333279
0 0.06581481481481481 0.6798697916666666 0.015453703703703702 0.006265625000000163
0 0.06644444444444444 0.6891302083333334 0.014212962962962964 0.007380208333333371
0 0.09561111111111112 0.6902708333333333 0.01072222222222222 0.0040468750000000496
0 0.07214814814814814 0.70196875 0.014648148148148148 0.008354166666666708
0 0.07401851851851851 0.6967395833333333 0.015898148148148158 0.004078125000000021
0 0.11434259259259259 0.6822552083333333 0.01875925925925925 0.004296875
0 0.13924074074074075 0.682890625 0.020694444444444453 0.00443750000000005
0 0.11692592592592593 0.6907291666666666 0.010472222222222211 0.006640625
0 0.08483333333333333 0.7116197916666666 0.01134259259259259 0.005338541666666608
0 0.1294907407407407 0.6982760416666667 0.014648148148148129 0.004171875000000114
0 0.16071296296296295 0.6958906249999999 0.025740740740740738 0.006135416666666771
0 0.18078703703703702 0.6921510416666667 0.009407407407407437 0.009046874999999944
0 0.18960185185185183 0.6752708333333333 0.014712962962962924 0.007317708333333428
0 0.2046851851851852 0.6756354166666666 0.011962962962962977 0.0063229166666666
0 0.17187037037037037 0.6608020833333332 0.010287037037037037 0.005380208333333236
0 0.16944444444444445 0.6564687499999999 0.023250000000000014 0.007843749999999972
0 0.2549907407407407 0.69103125 0.0119629629629629 0.0055416666666666
0 0.2604074074074074 0.6984322916666666 0.006611111111111099 0.0056145833333333785
0 0.23669444444444443 0.6986249999999999 0.012157407407407403 0.011963541666666622
0 0.19010185185185186 0.7303124999999999 0.01683333333333334 0.012578125000000107
0 0.22145370370370368 0.739625 0.007731481481481476 0.007708333333333428
0 0.14578703703703702 0.7190729166666665 0.015453703703703702 0.004468750000000021
0 0.15488888888888888 0.7330572916666667 0.01620370370370369 0.006489583333333293
0 0.17891666666666667 0.743 0.022379629629629645 0.0056927083333333075
0 0.13889814814814813 0.7454531249999999 0.017638888888888912 0.006229166666666686
0 0.10813888888888888 0.7313177083333333 0.014962962962962973 0.004343750000000135
0 0.12556481481481482 0.7624479166666667 0.016888888888888884 0.0090572916666666
0 0.1447314814814815 0.7634479166666666 0.017824074074074086 0.004598958333333236
0 0.1401759259259259 0.7742291666666666 0.020694444444444453 0.006520833333333265
0 0.16187037037037036 0.7782291666666666 0.02218518518518518 0.0055364583333334496
0 0.18580555555555553 0.7829270833333333 0.014212962962962985 0.004552083333333279
0 0.18305555555555553 0.790640625 0.01720370370370369 0.00454687499999995
0 0.1939722222222222 0.758453125 0.014083333333333314 0.012406250000000086
0 0.17947222222222223 0.757890625 0.009907407407407396 0.005671874999999993
0 0.17853703703703702 0.7626718749999999 0.00816666666666666 0.006145833333333428
0 0.21768518518518518 0.7674114583333334 0.015268518518518527 0.008239583333333477
0 0.21574999999999997 0.7842968749999999 0.022249999999999975 0.006729166666666763
0 0.20300925925925925 0.78915625 0.017703703703703708 0.011057291666666736
0 0.19751851851851848 0.7992864583333333 0.018203703703703725 0.00724479166666665
0 0.2227962962962963 0.802796875 0.019388888888888862 0.007244791666666561
0 0.2563611111111111 0.7885572916666665 0.012712962962963006 0.01047916666666655
0 0.2666111111111111 0.7952864583333333 0.010287037037037075 0.013838541666666782
0 0.285462962962963 0.7922916666666666 0.010592592592592669 0.008968749999999836
0 0.28075925925925926 0.8063906249999999 0.008166666666666739 0.007416666666666671
0 0.2975925925925926 0.8053906249999999 0.016888888888888922 0.0049635416666667705
0 0.2801388888888889 0.822875 0.019388888888888938 0.010130208333333357
0 0.33389814814814817 0.8291927083333333 0.020944444444444422 0.007343750000000071
0 0.34850925925925924 0.8386614583333334 0.014768518518518587 0.008781250000000185
0 0.4149259259259259 0.8215468749999999 0.0209444444444445 0.010755208333333498
0 0.43851851851851853 0.8414322916666667 0.021749999999999957 0.009552083333333527
0 0.3693888888888889 0.8022239583333333 0.01414814814814807 0.012239583333333304
0 0.34259259259259256 0.8096770833333332 0.007916666666666652 0.00890625000000007
0 0.3956018518518518 0.800734375 0.01720370370370369 0.008973958333333342
0 0.3773055555555555 0.7860572916666666 0.012898148148148101 0.012229166666666735
0 0.3903055555555555 0.7744843749999999 0.014083333333333314 0.0073124999999999215
0 0.33844444444444444 0.7725208333333333 0.013092592592592607 0.010395833333333293
0 0.3265092592592592 0.76484375 0.012277777777777743 0.01256770833333345
0 0.30273148148148143 0.7798854166666667 0.013462962962962956 0.008296874999999915
0 0.31906481481481475 0.7930885416666666 0.015703703703703713 0.0063072916666667925
0 0.29138888888888886 0.7590520833333334 0.008722222222222185 0.008703125000000079
0 0.26748148148148143 0.7620520833333334 0.02474074074074074 0.008791666666666665
0 0.26679629629629625 0.7494322916666667 0.0200092592592593 0.007697916666666771
0 0.32869444444444446 0.730171875 0.012027777777777813 0.009140625000000036
0 0.350287037037037 0.7544583333333332 0.011842592592592559 0.012484374999999836
0 0.39747222222222217 0.7495989583333333 0.023435185185185187 0.010130208333333179
0 0.42576851851851844 0.7521979166666666 0.01670370370370367 0.01111458333333335
0 0.46668518518518515 0.7725 0.014648148148148247 0.016312500000000084
0 0.44758333333333333 0.7234791666666667 0.012962962962963016 0.00802604166666665
0 0.43695370370370373 0.7188489583333333 0.01377777777777772 0.008588541666666494
0 0.41645370370370366 0.7274791666666667 0.011027777777777695 0.007609375000000007
0 0.40071296296296294 0.7279687499999999 0.011962962962962977 0.009994791666666636
0 0.4546851851851852 0.6957135416666667 0.018694444444444496 0.008942708333333372
0 0.4225925925925926 0.6964166666666666 0.024305555555555556 0.0075416666666667355
0 0.41766666666666663 0.6784427083333332 0.027925925925925948 0.008427083333333307
0 0.40557407407407403 0.6645364583333333 0.019694444444444376 0.004786458333333421
0 0.36468518518518517 0.6886302083333333 0.029166666666666667 0.010203125000000136
0 0.3414351851851852 0.6659583333333334 0.007101851851851788 0.010083333333333399
0 0.3476666666666667 0.6767083333333332 0.019574074074074074 0.0059843749999998865
0 0.3139537037037037 0.6649062499999999 0.013962962962962974 0.012187500000000106
0 0.3032314814814815 0.6485104166666666 0.02742592592592593 0.00849479166666658
0 0.3451574074074074 0.6317395833333334 0.01352777777777779 0.00997916666666665
0 0.5243518518518518 0.6971979166666665 0.02563888888888894 0.015562500000000057
0 0.5071111111111111 0.7216770833333332 0.01414814814814807 0.00880729166666665
0 0.5057777777777778 0.7581927083333333 0.016796296296296337 0.012213541666666572
0 0.5353148148148148 0.7733958333333334 0.01962962962962962 0.011276041666666714
0 0.5392962962962963 0.7586666666666667 0.024055555555555625 0.0076875000000001135
0 0.5594537037037037 0.7628697916666667 0.022638888888888983 0.004302083333333507
0 0.555212962962963 0.7487135416666666 0.027592592592592603 0.008239583333333477
0 0.5757222222222222 0.8008906249999999 0.014851851851851765 0.009572916666666754
0 0.5571574074074074 0.8091770833333332 0.011675925925925887 0.013703124999999972
0 0.4991944444444444 0.8339531250000001 0.013175925925925943 0.0075520833333332146
0 0.4820833333333333 0.8324843749999999 0.008314814814814832 0.008098958333333428
0 0.5737314814814815 0.822078125 0.02856481481481473 0.006182291666666728
0 0.6139259259259259 0.8453854166666666 0.015564814814814712 0.010526041666666685
0 0.6152500000000001 0.8394375000000001 0.022462962962962903 0.009828124999999943
0 0.6531851851851852 0.8352864583333333 0.019101851851852005 0.010677083333333216
0 0.6385000000000001 0.8071510416666665 0.016620370370370414 0.006171875000000071
0 0.6328888888888888 0.8138645833333331 0.011055555555555607 0.007255208333333129
0 0.6469907407407407 0.8120989583333333 0.013796296296296381 0.005317708333333471
0 0.67025 0.8106562499999999 0.022101851851851803 0.005218749999999872
0 0.5826203703703704 0.7867291666666667 0.016620370370370414 0.007604166666666678
0 0.6824074074074074 0.8068281249999998 0.0216666666666667 0.007906249999999915
0 0.7048611111111112 0.8035416666666666 0.019185185185185184 0.006515625000000113
0 0.6984537037037037 0.7973489583333333 0.018388888888888743 0.00746354166666654
0 0.6809444444444444 0.7962552083333333 0.013083333333333435 0.006666666666666821
0 0.6206018518518518 0.7766770833333333 0.012111111111110991 0.013369791666666764
0 0.6452222222222223 0.7753593750000001 0.01096296296296294 0.007249999999999979
0 0.6538888888888889 0.773765625 0.01414814814814807 0.009864583333333421
0 0.6479166666666667 0.7398125 0.011935185185185226 0.012255208333333378
0 0.6623796296296296 0.7454322916666667 0.014851851851851765 0.010567708333333314
0 0.5903611111111111 0.7250833333333333 0.013000000000000018 0.00866145833333345
0 0.694212962962963 0.7500104166666667 0.025462962962963017 0.011760416666666629
0 0.701462962962963 0.78884375 0.01096296296296294 0.007359375000000057
0 0.704648148148148 0.7839427083333333 0.016620370370370334 0.009989583333333307
0 0.7198518518518517 0.7867239583333333 0.02369444444444437 0.012296875000000007
0 0.7277685185185185 0.7745364583333332 0.01405555555555572 0.011807291666666764
0 0.7380648148148148 0.8076197916666666 0.022638888888888827 0.010296874999999872
0 0.7722037037037037 0.82446875 0.018037037037037053 0.012947916666666615
0 0.7809537037037036 0.8155104166666666 0.03059259259259256 0.0089479166666667
0 0.8102685185185184 0.8104374999999999 0.019722222222222287 0.008645833333333287
0 0.7846203703703704 0.8003645833333334 0.017953703703703798 0.004421874999999886
0 0.7896203703703704 0.8071770833333332 0.015916666666666718 0.0057083333333334705
0 0.8611944444444444 0.79190625 0.016888888888889002 0.01447916666666682
0 0.7978888888888889 0.7784218749999999 0.016185185185185306 0.0064114583333333645
0 0.8235740740740741 0.7771822916666666 0.01875 0.008901041666666743
0 0.8192407407407406 0.7729270833333333 0.011490740740740711 0.005864583333333506
0 0.79775 0.7712343749999999 0.013796296296296381 0.006458333333333321
0 0.8067314814814813 0.760234375 0.019722222222222287 0.014541666666666763
0 0.8362592592592591 0.7652395833333333 0.013703703703703557 0.008890625000000086
0 0.7752962962962964 0.7533489583333333 0.026175925925925804 0.00997916666666665
0 0.7454537037037038 0.7602916666666666 0.016712962962962923 0.014411458333333372
0 0.725111111111111 0.7336458333333333 0.01848148148148141 0.01235937499999995
0 0.666574074074074 0.7209114583333334 0.01529629629629628 0.010755208333333321
0 0.7480555555555555 0.7325260416666667 0.014148148148148227 0.0053072916666666355
0 0.7509351851851851 0.7263593749999999 0.016361111111111073 0.006234374999999836
0 0.7818333333333333 0.7401406249999999 0.020870370370370338 0.010916666666666686
0 0.7750277777777778 0.7281979166666667 0.018564814814814666 0.008989583333333506
0 0.7899259259259259 0.723296875 0.021490740740740776 0.007572916666666707
0 0.7645092592592592 0.71275 0.011675925925925729 0.014333333333333264
0 0.7351944444444444 0.7077343749999999 0.017592592592592698 0.009276041666666578
0 0.7496481481481482 0.7023385416666666 0.012731481481481587 0.012906250000000164
0 0.6659166666666667 0.6882083333333332 0.01962962962962962 0.008515624999999893
0 0.6742222222222222 0.68475 0.011490740740740869 0.009062500000000107
0 0.7958055555555555 0.6856197916666666 0.026527777777777966 0.007322916666666579
0 0.8586759259259259 0.7542552083333334 0.013444444444444533 0.009802083333333479
0 0.8777777777777778 0.7572604166666667 0.022638888888888827 0.006567708333333399
0 0.8948888888888888 0.7569374999999999 0.015824074074073893 0.0047239583333334775
0 0.8886944444444443 0.7470625 0.017592592592592698 0.007854166666666629
0 0.8961666666666667 0.7379322916666666 0.017685185185185207 0.004937499999999951
0 0.911425925925926 0.7431822916666666 0.012824074074074095 0.006062499999999993
0 0.9219444444444443 0.750546875 0.018305555555555644 0.006864583333333308
0 0.9057222222222221 0.7489791666666666 0.005657407407407315 0.004729166666666629
0 0.8998425925925926 0.7435833333333333 0.008222222222222323 0.0048697916666666785
0 0.8606666666666666 0.7339010416666666 0.01529629629629628 0.006031250000000021
0 0.8597407407407407 0.718078125 0.01980555555555554 0.007833333333333314
0 0.8783055555555556 0.7208177083333334 0.018037037037037053 0.007333333333333236
0 0.880962962962963 0.7143020833333333 0.016268518518518564 0.005447916666666686
0 0.8944907407407408 0.7088802083333332 0.015740740740740635 0.010567708333333314
0 0.9045648148148148 0.7127864583333332 0.016796296296296493 0.009927083333333364
0 0.9197777777777778 0.7193489583333333 0.014675925925925842 0.006786458333333379
0 0.9327314814814814 0.7355208333333334 0.021490740740740776 0.007276041666666622
0 0.9517407407407408 0.709671875 0.020601851851851746 0.005749999999999922
0 0.9161944444444444 0.6992239583333333 0.01034259259259266 0.008739583333333379
0 0.8397129629629628 0.6954947916666666 0.01653703703703684 0.01066145833333323
0 0.8436018518518519 0.6780572916666665 0.015824074074073893 0.010104166666666714
0 0.8913055555555556 0.6828229166666666 0.009722222222222222 0.00869270833333342
0 0.9181851851851851 0.6784947916666667 0.0160925925925928 0.006932291666666579
0 0.9340185185185186 0.67615625 0.010962962962962782 0.004645833333333372
0 0.9472777777777778 0.6779947916666667 0.016268518518518564 0.007927083333333229
0 0.9447592592592593 0.687375 0.009814814814814731 0.008348958333333378
0 0.926185185185185 0.6649583333333333 0.01865740740740749 0.006145833333333428
0 0.90775 0.6547395833333333 0.012555555555555506 0.008723958333333393
0 0.8951481481481481 0.645359375 0.01299999999999986 0.006380208333333392
0 0.9598333333333332 0.66078125 0.008842592592592761 0.011364583333333478
0 0.9712407407407407 0.6542135416666666 0.023166666666666755 0.005749999999999922
0 0.9735370370370371 0.6408072916666666 0.013259259259259516 0.012697916666666665
0 0.9580185185185185 0.6299374999999999 0.022194444444444468 0.007369791666666714
0 0.8994444444444443 0.6265000000000001 0.018212962962963136 0.005473958333333506
0 0.8122129629629629 0.6440781250000001 0.008749999999999937 0.011776041666666792
0 0.8195462962962962 0.6333749999999999 0.009990740740740812 0.008630208333333477
0 0.804648148148148 0.6680572916666667 0.014148148148148227 0.011989583333333265
0 0.7777222222222223 0.6678333333333333 0.014240740740740736 0.008057291666666622
0 0.6873611111111111 0.635125 0.017064814814814925 0.01576041666666672
0 0.5834999999999999 0.6424895833333333 0.025824074074074114 0.006609375000000028
0 0.5655092592592592 0.6668177083333333 0.013175925925925943 0.012494791666666494
0 0.6178148148148148 0.604890625 0.020870370370370338 0.008901041666666743
0 0.5316018518518518 0.6067864583333333 0.019101851851852005 0.007093749999999943
0 0.5364629629629629 0.5894999999999999 0.025287037037036934 0.0063593750000000785
0 0.5092314814814815 0.5936302083333332 0.019277777777777772 0.010859374999999893
0 0.47376851851851853 0.589078125 0.020870370370370338 0.009213541666666636
0 0.4130648148148148 0.5880833333333333 0.032453703703703714 0.008697916666666573
0 0.4150555555555555 0.5642031249999999 0.013083333333333277 0.013182291666666578
0 0.3969722222222222 0.5569114583333332 0.011583333333333378 0.007057291666666821
0 0.42611111111111105 0.5527552083333334 0.012555555555555506 0.0057343750000001135
0 0.41771296296296295 0.5391979166666666 0.01698148148148151 0.004494791666666664
0 0.4416759259259259 0.5617864583333334 0.02740740740740743 0.009062500000000107
0 0.45874074074074067 0.5728072916666667 0.01980555555555554 0.004427083333333392
0 0.5170555555555555 0.5607187499999999 0.01900925925925918 0.009708333333333208
0 0.5301388888888888 0.5522604166666666 0.010518518518518425 0.009192708333333322
0 0.48036111111111107 0.5182083333333333 0.023435185185185187 0.011213541666666594
0 0.6617592592592593 0.5567656249999999 0.013444444444444375 0.011734375000000163
0 0.7484537037037037 0.5939322916666666 0.010703703703703759 0.013447916666666693
0 0.7689259259259259 0.56878125 0.014851851851851923 0.010395833333333293
0 0.8047407407407406 0.5756458333333333 0.012203703703703658 0.012192708333333257
0 0.8404166666666666 0.5638020833333333 0.014240740740740736 0.0064114583333333645
0 0.7632685185185184 0.5445 0.008490740740740913 0.01157812499999995
0 0.7564166666666665 0.5199479166666666 0.00893518518518527 0.009723958333333371
0 0.7962037037037036 0.5177083333333333 0.021305555555555442 0.0037135416666666645
0 0.7854166666666667 0.503703125 0.01812962962962956 0.013541666666666608
0 0.8097777777777777 0.5020104166666666 0.014500000000000075 0.01015625
0 0.8287037037037036 0.5171354166666666 0.01910185185185185 0.0065833333333333854
0 0.8405462962962962 0.5124583333333332 0.00954629629629614 0.011161458333333308
0 0.6939444444444445 0.5033802083333333 0.016268518518518408 0.0094114583333333
0 0.6821388888888889 0.49835416666666665 0.012472222222222247 0.010307291666666708
0 0.6763518518518519 0.5124583333333332 0.010787037037037175 0.007182291666666707
0 0.6809444444444444 0.5303958333333333 0.012203703703703815 0.0067447916666667496
0 0.6828055555555554 0.5351458333333333 0.010259259259259244 0.005145833333333449
0 0.5837777777777777 0.5073541666666667 0.013314814814814863 0.008989583333333329
0 0.5736851851851852 0.49829166666666663 0.011166666666666616 0.015026041666666679
0 0.5632685185185186 0.49264062499999994 0.013101851851851936 0.0055364583333334496
0 0.6161481481481481 0.485734375 0.03574999999999985 0.010088541666666551
0 0.5938148148148148 0.46468229166666664 0.014064814814814813 0.01122395833333325
0 0.5934351851851851 0.4436927083333333 0.013527777777777632 0.014536458333333436
0 0.5504351851851852 0.43704166666666666 0.012564814814814756 0.00848958333333325
0 0.5555925925925925 0.42933854166666663 0.01084259259259268 0.006973958333333386
0 0.5306851851851851 0.4466822916666667 0.016638888888888915 0.011458333333333393
0 0.4893981481481481 0.430671875 0.017611111111111043 0.012052083333333385
0 0.4541759259259259 0.44257291666666665 0.015027777777777846 0.010489583333333385
0 0.4299166666666666 0.44308333333333333 0.020611111111111156 0.00849479166666658
0 0.38352777777777775 0.4289791666666666 0.01889814814814817 0.011083333333333379
0 0.3862129629629629 0.43882812499999996 0.011379629629629543 0.005411458333333385
0 0.39125925925925925 0.4419635416666667 0.007731481481481555 0.00521875000000005
0 0.4054351851851851 0.46023958333333326 0.02233333333333339 0.012760416666666607
0 0.4248148148148148 0.48168749999999994 0.014712962962963002 0.009604166666666636
0 0.4283518518518518 0.470484375 0.014064814814814813 0.010744791666666665
0 0.5788888888888889 0.40553124999999995 0.012564814814814756 0.006218750000000028
0 0.6022962962962962 0.3844166666666667 0.02587962962962962 0.008932291666666713
0 0.5747592592592592 0.34191666666666665 0.01889814814814817 0.01029687499999996
0 0.5583796296296296 0.34149479166666663 0.012990740740740768 0.00824479166666663
0 0.4648055555555555 0.26332291666666663 0.012666666666666673 0.0065104166666666964
0 0.479037037037037 0.25888020833333336 0.018574074074074076 0.006687500000000046
0 0.48322222222222216 0.2643489583333333 0.011916666666666565 0.004942708333333279
0 0.4842407407407407 0.2688177083333333 0.015027777777777846 0.005447916666666686
0 0.5136666666666666 0.2791197916666667 0.018037037037037053 0.014552083333333332
0 0.5186018518518518 0.26440625 0.010740740740740605 0.008687500000000004
0 0.5274629629629629 0.26171875 0.015564814814814712 0.010588541666666628
0 0.5373333333333333 0.25507291666666665 0.021583333333333284 0.009385416666666656
0 0.5952685185185185 0.2600885416666666 0.018037037037037053 0.013937500000000025
0 0.5813611111111111 0.2733802083333333 0.014925925925925771 0.011531250000000081
0 0.5648796296296297 0.28008854166666663 0.01095370370370369 0.00682291666666659
0 0.5822222222222221 0.2878489583333333 0.016638888888888915 0.009666666666666667
0 0.5779814814814814 0.29585416666666664 0.014388888888888908 0.006338541666666675
0 0.5471111111111111 0.29479687499999996 0.021583333333333284 0.007859374999999957
0 0.6490555555555555 0.2773072916666666 0.011814814814814806 0.010927083333333342
0 0.6123333333333333 0.2877291666666667 0.014388888888888908 0.009427083333333286
0 0.6108888888888888 0.27561458333333333 0.011703703703703796 0.0075468749999999755
0 0.6045 0.27682291666666664 0.010740740740740605 0.0075468749999999755
0 0.7030092592592592 0.2693645833333333 0.023083333333333417 0.006515625000000025
0 0.7020462962962963 0.2742864583333333 0.007194444444444375 0.004885416666666753
0 0.707361111111111 0.27763541666666663 0.011166666666666537 0.004718749999999971
0 0.6437962962962962 0.30122916666666666 0.016324074074074227 0.008041666666666725
0 0.6342962962962962 0.30180729166666664 0.011277777777777784 0.009796874999999972
0 0.6249537037037037 0.3068489583333333 0.011916666666666565 0.01323958333333337
0 0.6136296296296296 0.304765625 0.009666666666666717 0.007260416666666725
0 0.5940833333333333 0.30709375 0.013527777777777632 0.008890624999999996
0 0.5946203703703704 0.326421875 0.00815740740740741 0.008901041666666654
0 0.6464814814814815 0.32014062499999996 0.01095370370370369 0.008416666666666739
0 0.6764907407407408 0.322859375 0.011916666666666565 0.0078125
0 0.6865833333333333 0.32581770833333334 0.010629629629629593 0.012526041666666644
0 0.6130925925925925 0.34267708333333335 0.02362037037037036 0.006374999999999975
0 0.6555555555555556 0.34968229166666664 0.019222222222222266 0.01072916666666659
0 0.675148148148148 0.3612552083333333 0.015462962962962953 0.012729166666666725
0 0.6359537037037037 0.36321354166666664 0.022981481481481422 0.006385416666666632
0 0.6518981481481481 0.36970833333333336 0.016425925925925986 0.004182291666666682
0 0.7015092592592592 0.3431875 0.02179629629629621 0.006796874999999947
0 0.7277592592592593 0.3542447916666666 0.01331481481481502 0.008374999999999933
0 0.7139074074074074 0.3517083333333333 0.01696296296296293 0.005718750000000039
0 0.7485925925925926 0.36953125 0.014601851851851835 0.008749999999999947
0 0.7198148148148148 0.38553645833333333 0.01202777777777789 0.005734375000000025
0 0.78375 0.3665677083333333 0.020509259259259238 0.006447916666666753
0 0.7743611111111111 0.37659374999999995 0.014601851851851835 0.004901041666666739
0 0.8032962962962962 0.37789583333333326 0.01578703703703689 0.005552083333333346
0 0.8205277777777777 0.3647552083333333 0.012453703703703746 0.010072916666666654
0 0.8197777777777778 0.35282291666666665 0.022546296296296318 0.004734374999999957
0 0.7855277777777777 0.33741666666666664 0.01632407407407407 0.009151041666666604
0 0.7586851851851851 0.32705729166666664 0.01417592592592598 0.009567708333333248
0 0.7554629629629629 0.3354270833333333 0.01374074074074056 0.008786458333333247
0 0.7441388888888889 0.3312291666666667 0.011703703703703796 0.00944791666666669
0 0.7252407407407406 0.336421875 0.019435185185185194 0.010177083333333314
0 0.7460648148148148 0.3013541666666667 0.01212962962962965 0.010703124999999947
0 0.7484814814814814 0.293015625 0.01696296296296301 0.006104166666666711
0 0.7511111111111111 0.2827135416666666 0.01707407407407402 0.0078489583333333
0 0.7379074074074073 0.2873645833333333 0.010203703703703581 0.008697916666666661
0 0.7617962962962963 0.28954166666666664 0.009666666666666717 0.010635416666666675
0 0.7678055555555555 0.30385416666666665 0.012666666666666831 0.007843749999999972
0 0.792074074074074 0.30146875 0.011379629629629701 0.005973958333333318
0 0.810861111111111 0.3101614583333333 0.019972222222222058 0.00791666666666666
0 0.7890648148148148 0.31554166666666666 0.01417592592592598 0.008885416666666668
0 0.8262222222222222 0.322125 0.02576851851851845 0.005734375000000025
0 0.8616018518518517 0.33085416666666667 0.009768518518518477 0.005786458333333311
0 0.8303518518518517 0.30246354166666667 0.009981481481481562 0.007484374999999943
0 0.847212962962963 0.3560520833333333 0.01707407407407402 0.011989583333333354
0 0.8661111111111109 0.34768229166666664 0.022222222222222223 0.01139583333333336
0 0.9001944444444444 0.34994791666666664 0.017398148148148114 0.006260416666666657
0 0.9067499999999998 0.34538541666666667 0.015027777777777689 0.00390625
0 0.8916111111111111 0.3375625 0.013101851851851936 0.011255208333333312
0 0.6572222222222222 0.4197239583333333 0.011592592592592628 0.010093750000000058
0 0.6565740740740741 0.40480208333333334 0.012888888888889009 0.012859375000000029
0 0.6885185185185185 0.4019010416666666 0.02093518518518509 0.01227083333333332
0 0.708537037037037 0.3974322916666667 0.012027777777777813 0.011552083333333352
0 0.7331851851851852 0.3942916666666666 0.013203703703703695 0.011166666666666724
0 0.7115462962962962 0.41072395833333336 0.014601851851851835 0.010208333333333286
0 0.7108518518518517 0.42434374999999996 0.023518518518518525 0.015098958333333279
0 0.7374259259259258 0.4313489583333333 0.025120370370370577 0.01799479166666664
0 0.7416111111111111 0.4155833333333333 0.014601851851851835 0.012083333333333357
0 0.7287222222222222 0.41522395833333337 0.01546296296296311 0.008942708333333372
0 0.755787037037037 0.4255520833333333 0.020611111111110997 0.0078489583333333
0 0.7559999999999999 0.39960416666666665 0.01159259259259247 0.009614583333333338
0 0.776611111111111 0.40628125 0.02190740740740738 0.0113645833333333
0 0.78875 0.4278802083333333 0.01696296296296301 0.013114583333333308
0 0.6857777777777778 0.45216666666666666 0.01889814814814817 0.006124999999999936
0 0.759861111111111 0.45841666666666664 0.025342592592592597 0.007343749999999894
0 0.8191851851851851 0.447609375 0.0151388888888887 0.013312499999999972
0 0.8097962962962962 0.47935416666666664 0.01352777777777779 0.007348958333333222
0 0.7681851851851851 0.48004687500000004 0.02910185185185191 0.009989583333333307
0 0.8362037037037037 0.4208697916666667 0.01653703703703684 0.008151041666666714
0 0.8319074074074074 0.42694270833333337 0.012240740740740661 0.006276041666666643
0 0.844361111111111 0.43452604166666664 0.013101851851851936 0.011911458333333336
0 0.8644444444444445 0.38299479166666667 0.022333333333333233 0.006687499999999957
0 0.8717407407407407 0.37374999999999997 0.01632407407407407 0.0057656249999999964
0 0.8906944444444443 0.3716354166666666 0.018148148148148063 0.006369791666666647
0 0.9036851851851851 0.362296875 0.011490740740740711 0.009937499999999932
0 0.9324629629629628 0.37930729166666666 0.01406481481481497 0.011562500000000054
0 0.9078240740740741 0.38449999999999995 0.01717592592592578 0.005999999999999961
0 0.9091666666666666 0.38954687499999996 0.01556481481481487 0.0073854166666667
0 0.8799074074074074 0.38813020833333334 0.01288888888888885 0.010916666666666686
0 0.8787777777777778 0.4024739583333333 0.018361111111111147 0.005687500000000023
0 0.9071203703703704 0.399515625 0.01750000000000019 0.007984374999999978
0 0.900574074074074 0.41329166666666667 0.011277777777777942 0.007010416666666686
0 0.8948333333333333 0.42014583333333333 0.010953703703703532 0.0073124999999999215
0 0.9349351851851851 0.4161302083333333 0.01556481481481487 0.004953124999999936
0 0.9168425925925926 0.42207812499999997 0.007731481481481397 0.005734374999999936
0 0.9082499999999999 0.43639583333333326 0.01202777777777789 0.007296874999999936
0 0.8961203703703703 0.4445833333333333 0.012666666666666831 0.0072343749999999925
0 0.8988055555555555 0.4559427083333333 0.009444444444444382 0.006260416666666657
0 0.87625 0.46153125 0.015888888888888966 0.010182291666666643
0 0.8533888888888888 0.46684374999999995 0.012240740740740661 0.009213541666666636
0 0.8541388888888889 0.4177291666666666 0.01288888888888885 0.009604166666666636
0 0.9691296296296296 0.4349635416666667 0.018037037037037053 0.008359375000000035
0 0.9549074074074073 0.44072916666666667 0.011055555555555607 0.008296875000000092
0 0.9452962962962963 0.43819270833333335 0.011592592592592786 0.005958333333333421
0 0.9434722222222222 0.4651979166666666 0.019972222222222374 0.00888541666666658
0 0.9368148148148148 0.47755729166666666 0.009666666666666717 0.012812499999999893
0 0.9099722222222222 0.47668229166666665 0.011814814814814806 0.014078124999999986
0 0.8956388888888888 0.4803958333333333 0.01642592592592583 0.010031249999999936
0 0.9034166666666668 0.51534375 0.01632407407407407 0.0076458333333333075
0 0.9075 0.5254895833333333 0.012453703703703746 0.0066770833333333005
0 0.9210277777777778 0.5415625 0.01546296296296311 0.008359375000000035
0 0.9509351851851852 0.5016927083333333 0.012564814814814756 0.008536458333333385
0 0.9631666666666667 0.49480208333333325 0.013851851851851886 0.010078124999999893
0 0.9776666666666668 0.48800520833333333 0.008481481481481347 0.008567708333333358
0 0.983574074074074 0.4879114583333333 0.007407407407407302 0.009354166666666686
0 0.9710648148148148 0.5019635416666667 0.01417592592592598 0.008473958333333264
0 0.9702592592592593 0.5106614583333333 0.01686111111111125 0.0055364583333334496
0 0.9578055555555556 0.5164322916666666 0.01170370370370348 0.009026041666666628
0 0.9653703703703703 0.5257239583333333 0.013740740740740876 0.008286458333333436
0 0.9815277777777777 0.5405833333333334 0.01686111111111125 0.009020833333333478
0 0.9547962962962964 0.5527864583333333 0.02093518518518509 0.007651041666666636
0 0.8838796296296296 0.5588906249999999 0.011379629629629701 0.005765625000000085
0 0.8864537037037037 0.5526354166666666 0.010518518518518425 0.007151041666666735
0 0.8715833333333333 0.5520937499999999 0.009129629629629536 0.007270833333333293
0 0.899287037037037 0.5627552083333333 0.013851851851851886 0.005828125000000029
0 0.8910185185185184 0.56925 0.011055555555555607 0.006734374999999915
0 0.9063148148148148 0.5706979166666667 0.01159259259259247 0.00625
0 0.9187777777777778 0.5661666666666666 0.016749999999999925 0.00685416666666665
0 0.9296759259259257 0.580546875 0.01964814814814828 0.007088541666666792
0 0.9465833333333333 0.5799739583333332 0.010518518518518425 0.006421875000000021
0 0.9548518518518518 0.5780729166666667 0.00901851851851821 0.0035885416666666
0 0.9711203703703702 0.5763489583333332 0.01406481481481497 0.01126041666666655
0 0.9584444444444443 0.5842916666666665 0.009342592592592623 0.009260416666666771
0 0.9493703703703703 0.6138125 0.01352777777777779 0.00870833333333323
0 0.9219444444444443 0.6022760416666666 0.009342592592592623 0.010999999999999944
0 0.9138333333333334 0.6047499999999999 0.007731481481481397 0.0074947916666666
0 0.8974629629629629 0.6127552083333333 0.01471296296296316 0.01082291666666677
0 0.8683055555555554 0.616046875 0.023194444444444507 0.009776041666666657
0 0.8816759259259258 0.5980729166666666 0.01471296296296316 0.0076718749999999504
0 0.8423796296296296 0.60290625 0.007407407407407302 0.006833333333333335
0 0.8307870370370369 0.5968020833333332 0.022009259259259138 0.006583333333333208