0 0.03707407407407407 0.5018645833333333 0.01045370370370371 0.012833333333333386
0 0.17872222222222223 0.5062760416666666 0.011407407407407394 0.005078125
0 0.03375 0.5971822916666666 0.01711111111111111 0.008822916666666635
0 0.02613888888888889 0.604 0.015212962962962963 0.00802083333333332
0 0.1656574074074074 0.639828125 0.02043518518518519 0.010161458333333507
0 0.10861111111111109 0.6736510416666667 0.009027777777777777 0.009359374999999837
0 0.33273148148148146 0.635953125 0.01045370370370367 0.004010416666666572
0 0.40284259259259253 0.6346145833333333 0.012833333333333346 0.008822916666666635
0 0.009740740740740739 0.4415729166666667 0.007129629629629628 0.008286458333333436
0 0.03707407407407407 0.4172395833333333 0.009509259259259255 0.00454687499999995
0 0.0836574074074074 0.37940625 0.02756481481481483 0.016578124999999933
0 0.11687037037037036 0.315125 0.024138888888888883 0.010494791666666715
0 0.1111111111111111 0.3876562499999999 0.022500000000000023 0.004937500000000039
0 0.36762962962962964 0.3246927083333333 0.01426851851851849 0.014197916666666633
0 0.2661203703703704 0.38009375 0.01097222222222227 0.00401041666666666
0 0.18463888888888888 0.33518749999999997 0.01811111111111112 0.005557291666666675
0 0.18162037037037035 0.2904322916666667 0.02194444444444444 0.010494791666666715
0 0.3078240740740741 0.2891979166666666 0.015361111111111114 0.012343750000000053
0 0.4411574074074074 0.2959895833333333 0.024138888888888883 0.008640624999999957
0 0.33743518518518517 0.2548489583333333 0.02664814814814815 0.006770833333333304
0 0.5029166666666666 0.24498437499999998 0.012296296296296324 0.009130208333333289
0 0.5238148148148147 0.23378125 0.022629629629629732 0.006640625
0 0.6588333333333333 0.2534270833333333 0.014259259259259397 0.006640625
0 0.7498240740740739 0.2798489583333333 0.009342592592592623 0.008020833333333411
0 0.7611388888888888 0.2806770833333333 0.009342592592592623 0.009130208333333289
0 0.5477962962962962 0.4615625 0.009166666666666698 0.0068749999999999645
0 0.8560833333333333 0.40741145833333337 0.006879629629629689 0.004296875
0 0.9566111111111111 0.4924895833333333 0.010805555555555518 0.0060781249999999785
0 0.9701203703703704 0.50546875 0.011222222222222121 0.008182291666666685
0 0.14234259259259258 0.7194375 0.0216851851851852 0.015343750000000078
0 0.3067962962962963 0.7565677083333332 0.010083333333333321 0.005671874999999993
0 0.37196296296296294 0.760453125 0.016435185185185237 0.0033593749999999644
0 0.40818518518518515 0.7538385416666665 0.020166666666666642 0.005250000000000021
0 0.43825 0.7595104166666666 0.019046296296296342 0.004833333333333379
0 0.3348055555555555 0.7651822916666667 0.015314814814814781 0.006093749999999965
0 0.38055555555555554 0.7819843750000001 0.018675925925925835 0.004833333333333379
0 0.42630555555555555 0.7909114583333332 0.012324074074074076 0.0033593749999999644
0 0.651324074074074 0.7330625 0.01404629629629631 0.009479166666666572
0 0.6819351851851851 0.714328125 0.017546296296296286 0.004932291666666621
0 0.7244074074074073 0.7483489583333333 0.02031481481481497 0.005973958333333229
0 0.7107962962962963 0.7589947916666666 0.01708333333333335 0.005973958333333229
0 0.6761666666666666 0.7609427083333333 0.016157407407407398 0.010906250000000029
0 0.6650833333333332 0.7464010416666665 0.0180092592592593 0.005713541666666622
0 0.6152222222222222 0.7658802083333333 0.018925925925925922 0.009869791666666572
0 0.9038333333333333 0.6467239583333333 0.018833333333333258 0.008723958333333393