0 0.41307407407407404 0.25879166666666664 0.013333333333333365 0.011880208333333276
0 0.5653148148148148 0.2690677083333333 0.020092592592592634 0.0077760416666667
0 0.5522592592592592 0.310484375 0.029768518518518604 0.01047395833333331
0 0.5688796296296296 0.3330989583333333 0.022101851851851803 0.01459895833333329
0 0.638287037037037 0.3112083333333333 0.01479629629629626 0.013968749999999997
0 0.7792037037037036 0.3270833333333333 0.01607407407407398 0.00770833333333334
0 0.6265092592592593 0.36464583333333334 0.014611111111111085 0.005776041666666653
0 0.44713888888888886 0.34846354166666665 0.022648148148148233 0.009364583333333343
0 0.3527962962962963 0.2945052083333334 0.019546296296296322 0.010359375000000082
0 0.29480555555555554 0.27661979166666667 0.01314814814814819 0.007473958333333286
0 0.2464907407407407 0.2925520833333334 0.012972222222222187 0.008510416666666654
0 0.1147037037037037 0.3556041666666666 0.022648148148148157 0.012348958333333382
0 0.0947962962962963 0.38535416666666666 0.014981481481481485 0.007125000000000004
0 0.1078611111111111 0.40118229166666663 0.016259259259259275 0.005901041666666629
0 0.24950925925925926 0.40804166666666664 0.008768518518518518 0.013447916666666693
0 0.13644444444444445 0.4705260416666667 0.01936111111111115 0.011020833333333434
0 0.23745370370370367 0.5228385416666667 0.03287962962962965 0.010843749999999907
0 0.08337962962962962 0.4866614583333333 0.015157407407407408 0.008354166666666708
0 0.0685 0.5048020833333333 0.020092592592592596 0.006619791666666685
0 0.06986111111111111 0.5463229166666667 0.019175925925925933 0.015687499999999945
0 0.8515370370370369 0.42734375 0.011694444444444545 0.011989583333333265
0 0.9071574074074074 0.4611041666666667 0.010407407407407416 0.012729166666666635
0 0.8519907407407407 0.5479479166666665 0.02538888888888885 0.015864583333333293
0 0.8037685185185186 0.746203125 0.0199074074074073 0.00756250000000005
0 0.6818518518518518 0.6835104166666666 0.017166666666666684 0.00546875
0 0.6479722222222222 0.7349010416666666 0.02100925925925926 0.009609374999999965
0 0.5483333333333333 0.6549427083333332 0.02630555555555563 0.005864583333333506
0 0.5347222222222222 0.7895729166666666 0.02283333333333341 0.016218749999999994
0 0.5808425925925925 0.8222708333333333 0.018268518518518483 0.011744791666666643
0 0.43746296296296294 0.8031041666666667 0.020092592592592634 0.007317708333333428
0 0.36704629629629626 0.75315625 0.020277777777777808 0.010161458333333507
0 0.42312037037037037 0.8155416666666666 0.022462962962962903 0.009583333333333499
0 0.29974074074074075 0.7927239583333333 0.014249999999999987 0.013270833333333343
0 0.239 0.7949322916666667 0.017712962962962958 0.010494791666666715
0 0.2516111111111111 0.70846875 0.02283333333333333 0.010177083333333314
0 0.14658333333333332 0.683546875 0.013703703703703714 0.014791666666666713
0 0.14658333333333332 0.6960312500000001 0.02283333333333337 0.012645833333333379
0 0.08749074074074073 0.594375 0.01607407407407406 0.014187499999999886
0 0.08127777777777777 0.6505416666666666 0.010962962962962959 0.010416666666666607