0 0.3580925925925926 0.26252604166666665 0.015490740740740744 0.009890624999999976
0 0.3421851851851852 0.28654166666666664 0.01967592592592595 0.006119791666666696
0 0.30053703703703705 0.2926614583333333 0.020092592592592634 0.00565104166666659
0 0.4156481481481481 0.28854166666666664 0.024277777777777804 0.006359374999999989
0 0.33235185185185184 0.3265677083333333 0.016740740740740754 0.01271354166666674
0 0.40120370370370373 0.3338645833333333 0.01800000000000005 0.016010416666666673
0 0.2477962962962963 0.29972916666666666 0.010046296296296317 0.006119791666666696
0 0.2155648148148148 0.3182083333333333 0.017583333333333367 0.010593749999999957
0 0.15466666666666665 0.3567083333333333 0.018833333333333296 0.005182291666666661
0 0.1714074074074074 0.36942187499999996 0.012972222222222208 0.01271354166666674
0 0.11783333333333333 0.3826041666666667 0.015490740740740744 0.0089479166666667
0 0.18249999999999997 0.414625 0.025953703703703725 0.015541666666666565
0 0.17444444444444443 0.47515624999999995 0.019879629629629608 0.006895833333333279
0 0.08669444444444444 0.4708697916666667 0.011842592592592578 0.012130208333333314
0 0.06216666666666666 0.45683854166666665 0.013537037037037042 0.012130208333333314
0 0.15435185185185185 0.48788020833333334 0.021148148148148138 0.00951562500000005
0 0.08648148148148148 0.5123802083333333 0.011416666666666676 0.010942708333333329
0 0.0619537037037037 0.5675677083333334 0.007185185185185183 0.00951562500000005
0 0.11977777777777779 0.6238541666666666 0.019925925925925923 0.009088541666666571
0 0.12737037037037036 0.6259010416666666 0.024657407407407402 0.008677083333333257
0 0.19887962962962963 0.65796875 0.02077777777777775 0.008140625000000058
0 0.20148148148148148 0.6916770833333332 0.009648148148148137 0.009182291666666665
0 0.21595370370370368 0.6929322916666667 0.010388888888888914 0.007515624999999915
0 0.25194444444444447 0.710046875 0.02003703703703705 0.0066770833333334775
0 0.2717962962962963 0.7439635416666667 0.014472222222222244 0.004385416666666764
0 0.3882962962962963 0.6428385416666667 0.010759259259259264 0.003755208333333293
0 0.39108333333333334 0.6746666666666666 0.009648148148148057 0.01064583333333342
0 0.41668518518518516 0.7040989583333332 0.018555555555555575 0.004385416666666764
0 0.5424722222222222 0.7565885416666667 0.02077777777777783 0.006260416666666657
0 0.6393148148148148 0.6932447916666666 0.011129629629629613 0.007723958333333236
0 0.6441388888888888 0.662875 0.02077777777777783 0.008765625000000022
0 0.5860648148148149 0.6511875 0.016694444444444418 0.007515624999999915
0 0.8305925925925925 0.6878177083333332 0.021148148148148176 0.008557291666666522
0 0.9008981481481482 0.647015625 0.01706481481481477 0.01002083333333328
0 0.9209351851851851 0.602765625 0.019296296296296114 0.007515624999999915
0 0.9561851851851852 0.5691614583333333 0.010388888888888599 0.012520833333333314
0 0.9597129629629629 0.4967395833333333 0.012990740740740926 0.010854166666666564
0 0.9361481481481481 0.5028958333333333 0.010388888888888914 0.011062500000000064
0 0.8539629629629628 0.49997395833333336 0.010018518518518565 0.007307291666666593
0 0.8925555555555555 0.4456041666666666 0.008537037037037168 0.01002083333333328
0 0.646361111111111 0.41596874999999994 0.009648148148148215 0.008348958333333378
0 0.6180000000000001 0.29658854166666665 0.021601851851851785 0.006166666666666654
0 0.5615370370370371 0.3390833333333333 0.012425925925925993 0.00369791666666659
0 0.4851759259259259 0.3693958333333333 0.008768518518518596 0.005958333333333332
0 0.45010185185185186 0.36610937499999996 0.015342592592592692 0.005958333333333332
0 0.4749444444444445 0.462078125 0.00803703703703699 0.007604166666666678
0 0.47677777777777774 0.48828125 0.020462962962962985 0.004932291666666621
0 0.5769722222222222 0.5588229166666666 0.013203703703703695 0.010942708333333506
0 0.2728148148148148 0.45305729166666664 0.009148148148148117 0.005145833333333449