0 0.5308796296296296 0.7470729166666666 0.012222222222222317 0.008406249999999994
0 0.557861111111111 0.7531302083333333 0.018046296296296303 0.007640624999999979
0 0.5802777777777778 0.7496927083333333 0.011648148148148133 0.004692708333333506
0 0.6137777777777778 0.756296875 0.015333333333333282 0.005093750000000163
0 0.6352685185185185 0.749234375 0.008268518518518578 0.004020833333333229
0 0.6418703703703703 0.7478906249999999 0.0052407407407408695 0.0038437500000000568
0 0.6560555555555555 0.7515364583333334 0.009138888888888788 0.0039791666666666005
0 0.6476666666666666 0.7400260416666666 0.0069907407407406984 0.002770833333333478
0 0.6587129629629629 0.7354218749999999 0.00778703703703706 0.005901041666666629
0 0.5765 0.7293177083333333 0.006120370370370331 0.004781249999999915
0 0.5358981481481481 0.7225468749999999 0.005009259259259283 0.003932291666666821
0 0.5195648148148148 0.7174947916666665 0.0069907407407406984 0.007239583333333322
0 0.6210462962962963 0.7097604166666667 0.01224074074074082 0.0060781249999999785
0 0.6800092592592593 0.7208697916666666 0.005879629629629493 0.007015624999999836
0 0.725824074074074 0.7267239583333333 0.012638888888889078 0.004067708333333364
0 0.42568518518518517 0.7498541666666666 0.0037499999999999053 0.0027500000000001633
0 0.4337592592592592 0.7469791666666666 0.008379629629629588 0.004078125000000021
0 0.4013703703703704 0.7264479166666666 0.01274999999999993 0.005744791666666771
0 0.36544444444444446 0.7284166666666666 0.008648148148148177 0.00486458333333335
0 0.38691666666666663 0.7108072916666666 0.011092592592592609 0.004812499999999886
0 0.4504444444444444 0.7005208333333333 0.00855555555555551 0.005057291666666686
0 0.3774074074074074 0.6717135416666666 0.010916666666666686 0.006187500000000057
0 0.3340092592592593 0.689125 0.009694444444444469 0.0042708333333331796
0 0.31157407407407406 0.6900833333333333 0.009870370370370314 0.005989583333333393
0 0.29253703703703704 0.6809479166666667 0.008120370370370326 0.005796875000000057
0 0.32912037037037034 0.6467135416666666 0.010037037037037067 0.007463541666666629
0 0.2869074074074074 0.6446770833333333 0.007333333333333295 0.0033906250000001136
0 0.2978148148148148 0.6385156249999999 0.005759259259259311 0.004812499999999886
0 0.3935092592592592 0.6552135416666667 0.006111111111111079 0.003239583333333229
0 0.5591574074074074 0.6852864583333333 0.008222222222222323 0.007359375000000057
0 0.5129444444444444 0.6468125 0.013416666666666622 0.006083333333333307
0 0.5869629629629629 0.6422604166666667 0.010814814814814926 0.004906249999999978
0 0.49705555555555553 0.6096874999999999 0.0071296296296296195 0.004578124999999922
0 0.40408333333333335 0.6035520833333333 0.009388888888888875 0.007124999999999914
0 0.3530277777777777 0.5805 0.005518518518518513 0.0035937500000001064
0 0.22249074074074074 0.6087291666666667 0.007462962962962965 0.003244791666666735
0 0.1818796296296296 0.5929479166666667 0.006925925925925943 0.006494791666666622
0 0.18792592592592594 0.592296875 0.006851851851851857 0.006583333333333208
0 0.19524074074074071 0.5768854166666666 0.012083333333333317 0.004677083333333343
0 0.15394444444444444 0.55584375 0.008620370370370386 0.005197916666666735
0 0.24726851851851853 0.5545208333333334 0.010546296296296257 0.005151041666666601
0 0.13150925925925927 0.5296041666666667 0.00777777777777777 0.006062499999999993
0 0.13242592592592592 0.5124375 0.008388888888888878 0.004979166666666579
0 0.8075648148148147 0.6921250000000001 0.006787037037036864 0.005760416666666579
0 0.8190370370370369 0.7000052083333334 0.012935185185185105 0.00454687499999995
0 0.815537037037037 0.6895781249999999 0.007222222222222285 0.007213541666666679
0 0.8205462962962963 0.6844583333333334 0.0068981481481481905 0.004729166666666629
0 0.8731388888888888 0.6642083333333333 0.012935185185185105 0.005213541666666721
0 0.8909166666666667 0.666875 0.012712962962963086 0.0044843750000000075
0 0.9084351851851851 0.643171875 0.00894444444444452 0.006302083333333286
0 0.9081666666666667 0.6247447916666666 0.007546296296296381 0.0033958333333332646
0 0.8970092592592591 0.6374739583333333 0.0070092592592592 0.00703125
0 0.8664537037037036 0.6350833333333332 0.013361111111111275 0.006125000000000114
0 0.8356388888888888 0.63575 0.007759259259259466 0.0069687500000000565
0 0.7020925925925926 0.6822552083333333 0.010574074074074088 0.005812499999999865
0 0.7087777777777777 0.6461875 0.014712962962963002 0.007109375000000107
0 0.9237685185185184 0.6161666666666666 0.011666666666666476 0.004880208333333335
0 0.9597777777777777 0.596390625 0.005361111111110972 0.0033958333333332646
0 0.9047314814814814 0.6035468749999999 0.007379629629629549 0.007453124999999972
0 0.9048425925925926 0.5784166666666666 0.007444444444444306 0.006281249999999972
0 0.9771296296296296 0.5713020833333333 0.012842592592592596 0.007802083333333343
0 0.9777685185185185 0.558375 0.011555555555555467 0.007942708333333392
0 0.893074074074074 0.5646770833333333 0.010425925925925918 0.005354166666666771
0 0.9652685185185186 0.5552135416666666 0.009027777777777777 0.003088541666666522
0 0.93875 0.5400052083333333 0.006287037037037003 0.005078125
0 0.9060092592592591 0.541484375 0.012574074074074007 0.007520833333333421
0 0.9162407407407407 0.5483541666666666 0.010824074074074019 0.00415624999999995
0 0.8397129629629628 0.5528072916666666 0.0089074074074072 0.006088541666666636
0 0.8917870370370369 0.5319791666666666 0.007851851851851974 0.006458333333333321
0 0.8566388888888888 0.534765625 0.005416666666666477 0.004453125000000035
0 0.8343148148148147 0.5257864583333334 0.006435185185185333 0.006265624999999986
0 0.7913611111111111 0.5769739583333333 0.010166666666666577 0.008354166666666708
0 0.7821944444444444 0.5501041666666666 0.008962962962963021 0.005947916666666764
0 0.806888888888889 0.538703125 0.00749074074074056 0.004968749999999922
0 0.991638888888889 0.5156145833333333 0.006851851851851936 0.005776041666666565
0 0.9639074074074074 0.49206770833333324 0.006166666666666426 0.007223958333333336
0 0.9835925925925925 0.48503645833333325 0.011296296296296127 0.00703125
0 0.9539722222222221 0.479984375 0.01163888888888904 0.005776041666666565
0 0.9745277777777778 0.46941145833333325 0.00786111111111091 0.0020208333333334495
0 0.9733333333333333 0.4647916666666666 0.008527777777777917 0.0035729166666666145
0 0.8752592592592592 0.4729270833333333 0.007824074074074221 0.004255208333333371
0 0.7849351851851851 0.49406249999999996 0.0054537037037037965 0.005557291666666764
0 0.7294351851851851 0.496625 0.007314814814814794 0.005916666666666614
0 0.6292777777777777 0.5446510416666667 0.009879629629629644 0.005703124999999964
0 0.5878148148148148 0.5491666666666667 0.0060370370370370725 0.0028906250000000355
0 0.4583425925925926 0.5570520833333333 0.01086111111111118 0.00411979166666665
0 0.35755555555555557 0.5408541666666666 0.008842592592592563 0.004973958333333428
0 0.2975 0.5486302083333332 0.007953703703703734 0.00546875
0 0.4919351851851851 0.5130052083333333 0.012879629629629758 0.0049739583333332504
0 0.34732407407407406 0.5081354166666666 0.011620370370370302 0.00575520833333325
0 0.25999074074074074 0.4969479166666666 0.004166666666666667 0.0044062500000000785
0 0.13999999999999999 0.4702708333333333 0.008712962962962973 0.007317708333333251
0 0.3017314814814815 0.45620312499999993 0.009851851851851813 0.00546875
0 0.26402777777777775 0.45048437499999994 0.006944444444444444 0.006395833333333378
0 0.1819351851851852 0.4584791666666666 0.006185185185185165 0.0040468750000000496
0 0.35162037037037036 0.4560625 0.011620370370370302 0.00532812499999995
0 0.19563888888888886 0.4268645833333333 0.007324074074074123 0.0074583333333333
0 0.10918518518518518 0.4438802083333333 0.009222222222222243 0.0082395833333333
0 0.1262314814814815 0.425015625 0.011490740740740751 0.00802604166666665
0 0.13962037037037037 0.4139322916666666 0.008962962962962982 0.007744791666666551
0 0.25373148148148145 0.4087135416666666 0.006314814814814835 0.0044062500000000785
0 0.27097222222222217 0.4131145833333333 0.007453703703703635 0.0035520833333333003
0 0.18698148148148147 0.40828645833333327 0.007703703703703724 0.00411979166666665
0 0.12187962962962963 0.4067604166666666 0.010361111111111123 0.0050416666666666995
0 0.11935185185185186 0.3973072916666666 0.008333333333333333 0.007458333333333256
0 0.9552685185185185 0.44836979166666663 0.006490740740740838 0.003770833333333279
0 0.9279722222222222 0.44581770833333334 0.006592592592592597 0.005958333333333421
0 0.9197037037037036 0.44219791666666663 0.007564814814814882 0.0055364583333334496
0 0.9308981481481482 0.4418645833333333 0.006592592592592597 0.0031614583333333
0 0.9393796296296295 0.43615104166666663 0.009731481481481473 0.0075416666666667355
0 0.9228425925925925 0.43207291666666664 0.009083333333333284 0.005473958333333329
0 0.8686203703703703 0.45363020833333334 0.009620370370370463 0.007479166666666615
0 0.8797037037037037 0.42970312499999996 0.010592592592592749 0.007296874999999936
0 0.8702407407407406 0.4315572916666667 0.0076759259259258925 0.005776041666666565
0 0.8646759259259258 0.4354479166666666 0.005620370370370311 0.005411458333333385
0 0.8442962962962963 0.4427447916666667 0.005509259259259301 0.004682291666666671
0 0.856185185185185 0.4256875 0.006814814814814617 0.003406249999999922
0 0.8400833333333332 0.41915104166666667 0.004888888888888864 0.004140624999999965
0 0.7857314814814815 0.42384374999999996 0.007185185185185282 0.005833333333333357
0 0.8148055555555556 0.405859375 0.008546296296296418 0.005270833333333336
0 0.7816944444444444 0.4090572916666666 0.01019444444444433 0.005437500000000028
0 0.7254537037037037 0.41232291666666665 0.008722222222222185 0.006661458333333314
0 0.55625 0.42673958333333334 0.007601851851851886 0.0034114583333332503
0 0.5977685185185185 0.44821875 0.005777777777777733 0.0048697916666666785
0 0.5531574074074074 0.45310937500000004 0.009194444444444451 0.005369791666666579
0 0.4925092592592592 0.45997916666666666 0.006472222222222178 0.007213541666666679
0 0.4556388888888888 0.4266354166666666 0.0071666666666666224 0.005916666666666614
0 0.4802037037037037 0.40391666666666665 0.010981481481481441 0.00728124999999995
0 0.42299999999999993 0.42913541666666666 0.013981481481481555 0.005458333333333343
0 0.4336851851851852 0.41841145833333326 0.009009259259259276 0.003770833333333279
0 0.4432777777777777 0.37840624999999994 0.010629629629629593 0.006953124999999982
0 0.6046574074074074 0.39786979166666664 0.007509259259259219 0.0029895833333333675
0 0.5663518518518518 0.38913020833333334 0.009472222222222292 0.003963541666666614
0 0.592462962962963 0.36829687499999997 0.013638888888888959 0.004421874999999975
0 0.7142592592592593 0.36033333333333334 0.005777777777777891 0.005005208333333311
0 0.7726759259259258 0.37765624999999997 0.009361111111111124 0.0070208333333333425
0 0.756212962962963 0.3630625 0.0069351851851851935 0.004484374999999918
0 0.6994166666666667 0.35158854166666664 0.009361111111110966 0.0035104166666666712
0 0.6468333333333334 0.33794270833333334 0.01005555555555541 0.004031249999999975
0 0.7245462962962962 0.33433333333333326 0.009240740740740864 0.004614583333333311
0 0.7371388888888889 0.33036979166666663 0.009009259259259276 0.006307291666666615
0 0.6557314814814815 0.32409374999999996 0.009361111111110966 0.007281250000000039
0 0.6817314814814814 0.32149479166666667 0.007277777777777632 0.005718750000000039
0 0.5984722222222222 0.3233177083333333 0.013638888888888959 0.005458333333333343
0 0.7949166666666666 0.31814583333333335 0.014101851851851975 0.0048749999999999185
0 0.9103611111111112 0.39786979166666664 0.01201851851851864 0.005848958333333343
0 0.8177962962962962 0.39273437499999997 0.00716666666666678 0.005718750000000039
0 0.8315555555555556 0.3887395833333333 0.00877777777777769 0.006567708333333311
0 0.8779444444444443 0.374015625 0.00635185185185176 0.006500000000000039
0 0.8497499999999999 0.3560104166666666 0.009592592592592394 0.0037708333333333678
0 0.8525833333333332 0.3453177083333333 0.007861111111111225 0.007083333333333286
0 0.836 0.33329166666666665 0.00889814814814795 0.004614583333333311
0 0.7728518518518518 0.30966666666666665 0.0069351851851851935 0.007541666666666646
0 0.793824074074074 0.31073958333333335 0.00635185185185176 0.00682291666666659
0 0.74725 0.30547395833333335 0.004740740740740534 0.004354166666666615
0 0.7725555555555556 0.29162499999999997 0.00727777777777779 0.005526041666666615
0 0.7380092592592591 0.3006302083333333 0.007046296296296203 0.005588541666666646
0 0.761462962962963 0.2890260416666666 0.010518518518518425 0.0051354166666666146
0 0.7341388888888888 0.28980729166666663 0.012712962962963086 0.003963541666666614
0 0.690861111111111 0.28509375 0.01722222222222219 0.004682291666666671
0 0.7358703703703703 0.27007812499999995 0.011555555555555467 0.005848958333333343
0 0.5967962962962962 0.2865260416666667 0.011675925925925887 0.005458333333333343
0 0.5293703703703704 0.330984375 0.01225000000000007 0.005197916666666647
0 0.538962962962963 0.2621145833333333 0.007861111111111067 0.006307291666666703
0 0.526537037037037 0.2572395833333333 0.009361111111110966 0.005265625000000007
0 0.5174074074074073 0.2590625 0.00635185185185176 0.0034427083333333107
0 0.6637037037037037 0.24551041666666668 0.005435185185185137 0.006630208333333343
0 0.6283425925925925 0.23303124999999997 0.01005555555555541 0.004291666666666671
0 0.6150555555555555 0.24352604166666664 0.008203703703703664 0.008124999999999983
0 0.5279259259259259 0.2343958333333333 0.011675925925925887 0.006500000000000039
0 0.5237685185185185 0.23185937499999998 0.012592592592592508 0.004031249999999975
0 0.49614814814814817 0.22965104166666667 0.009592592592592552 0.004552083333333368
0 0.5015185185185185 0.25171875 0.012481481481481498 0.005005208333333311
0 0.47609259259259257 0.24664583333333331 0.010166666666666737 0.004614583333333311
0 0.4752314814814814 0.23419791666666664 0.01212962962962965 0.004812499999999975
0 0.4373888888888888 0.27641666666666664 0.01086111111111118 0.005526041666666615
0 0.4475555555555556 0.2947135416666667 0.0053148148148148755 0.004161458333333368
0 0.46546296296296297 0.31460416666666663 0.007398148148148209 0.005718750000000039
0 0.4359444444444444 0.3129166666666666 0.014444444444444413 0.005197916666666647
0 0.4050833333333333 0.32152604166666665 0.011675925925925887 0.006046874999999919
0 0.39798148148148144 0.304984375 0.012018518518518482 0.005458333333333343
0 0.38792592592592584 0.28977604166666665 0.008092592592592653 0.004161458333333368
0 0.34325925925925926 0.29510416666666667 0.015370370370370366 0.004682291666666671
0 0.3057037037037037 0.30023958333333334 0.009592592592592632 0.006630208333333343
0 0.2741574074074074 0.2954635416666666 0.00982407407407406 0.006046874999999919
0 0.2773981481481481 0.3072604166666667 0.007046296296296282 0.0050677083333333425
0 0.3025277777777778 0.3116822916666666 0.011555555555555546 0.005588541666666646
0 0.3229259259259259 0.3254583333333333 0.006351851851851839 0.008192708333333344
0 0.4243240740740741 0.35715104166666667 0.007861111111111067 0.007864583333333286
0 0.30530555555555555 0.3407708333333333 0.012944444444444436 0.005395833333333311
0 0.28132407407407406 0.3544531249999999 0.010287037037037075 0.005588541666666646
0 0.23313888888888887 0.3200677083333333 0.00727777777777779 0.006239583333333343
0 0.22787962962962963 0.3109010416666666 0.006472222222222257 0.0050677083333333425
0 0.22198148148148147 0.32458333333333333 0.006240740740740749 0.005656249999999918
0 0.20054629629629628 0.328515625 0.005435185185185216 0.005197916666666647
0 0.17957407407407405 0.35607812499999997 0.0069351851851851935 0.005197916666666647
0 0.1661111111111111 0.34301041666666665 0.006814814814814814 0.0035104166666666712
0 0.16669444444444445 0.34869791666666666 0.007046296296296322 0.0042239583333333105
0 0.16571296296296295 0.3550364583333333 0.007398148148148169 0.0059791666666666465
0 0.1867407407407407 0.3632916666666667 0.007861111111111145 0.004812499999999975
0 0.18078703703703702 0.3777552083333333 0.007972222222222235 0.0037031249999999183
0 0.16796296296296298 0.38064583333333335 0.008898148148148148 0.0039010416666666716
0 0.47322222222222216 0.36940104166666665 0.014972222222222184 0.004427083333333304
0 0.36103703703703705 0.25459895833333335 0.010648148148148096 0.0060781249999999785