0 0.6382777777777778 0.7020364583333334 0.01173148148148155 0.011171874999999965
0 0.6732592592592592 0.7058229166666667 0.01875 0.0056406250000000215
0 0.6451296296296296 0.7195572916666666 0.01850000000000007 0.004953125000000114
0 0.6348425925925926 0.72815625 0.013953703703703645 0.003036458333333236
0 0.598111111111111 0.735578125 0.021212962962963093 0.003942708333333478
0 0.6825185185185185 0.7374322916666666 0.006925925925925943 0.007526041666666572
0 0.6981759259259258 0.745328125 0.006638888888889009 0.007744791666666551
0 0.7099259259259258 0.7479635416666666 0.00904629629629628 0.008208333333333507
0 0.7302777777777777 0.7442916666666666 0.013009259259259111 0.005671874999999993
0 0.7358333333333332 0.7527083333333333 0.009935185185185307 0.005192708333333229
0 0.7617870370370371 0.7403020833333334 0.007592592592592635 0.007427083333333506
0 0.773398148148148 0.7389479166666666 0.010490740740740674 0.003942708333333478
0 0.7788703703703703 0.7496927083333333 0.01920370370370361 0.006614583333333179
0 0.6831574074074074 0.761671875 0.010129629629629733 0.007890625000000106
0 0.6912222222222222 0.7679479166666667 0.00955555555555555 0.0035989583333332575
0 0.6609074074074074 0.7733281249999999 0.013981481481481397 0.003921875000000163
0 0.6342037037037037 0.7547708333333334 0.014620370370370337 0.002432291666666764
0 0.6153333333333333 0.756296875 0.008129629629629657 0.007411458333333343
0 0.6080648148148148 0.7650989583333333 0.008416666666666591 0.005203124999999887
0 0.5900185185185185 0.7623489583333333 0.0071296296296296195 0.005083333333333506
0 0.5927685185185185 0.77121875 0.007629629629629638 0.006927083333333428
0 0.5984351851851851 0.7808437500000001 0.014981481481481594 0.004302083333333507
0 0.5604259259259259 0.7620677083333334 0.016546296296296246 0.004598958333333236
0 0.5509722222222221 0.7383802083333333 0.01889814814814817 0.006083333333333307
0 0.555324074074074 0.779359375 0.013055555555555523 0.005078125
0 0.5651666666666666 0.7227135416666666 0.007916666666666572 0.007406249999999837
0 0.578324074074074 0.7115989583333333 0.007842592592592566 0.00756250000000005
0 0.5888055555555555 0.68803125 0.010268518518518495 0.00447395833333335
0 0.5360277777777777 0.6899791666666666 0.012120370370370242 0.005479166666666657
0 0.6212222222222222 0.6728072916666666 0.014620370370370337 0.0069947916666665225
0 0.7063055555555555 0.6812552083333333 0.009481481481481542 0.004395833333333421
0 0.7832499999999999 0.6720520833333332 0.009796296296296228 0.007453124999999972
0 0.8261666666666666 0.6660833333333334 0.010694444444444508 0.005421874999999865
0 0.8158796296296296 0.68471875 0.008805555555555442 0.004114583333333322
0 0.8587962962962962 0.6824166666666667 0.015277777777777777 0.003958333333333286
0 0.8633796296296297 0.6742239583333334 0.0061111111111109215 0.004213541666666742
0 0.8892037037037037 0.6847395833333334 0.012175925925925904 0.004010416666666572
0 0.867611111111111 0.6708593749999999 0.011324074074074196 0.0021874999999999646
0 0.8721944444444445 0.6688854166666667 0.013305555555555454 0.004588541666666579
0 0.7851388888888888 0.7012864583333334 0.013861111111111137 0.005499999999999972
0 0.8067685185185184 0.6995729166666667 0.01453703703703708 0.0039791666666666005
0 0.8238796296296296 0.708296875 0.014787037037037168 0.0040312499999998865
0 0.8398425925925925 0.702140625 0.00921296296296311 0.007973958333333364
0 0.8534907407407407 0.7031354166666667 0.011657407407407226 0.004265625000000028
0 0.8645185185185185 0.70515625 0.012416666666666742 0.003958333333333286
0 0.8693796296296296 0.7005208333333333 0.012000000000000139 0.0035989583333332575
0 0.9073611111111111 0.6579114583333333 0.009379629629629625 0.005635416666666693
0 0.8606296296296296 0.6429791666666667 0.018333333333333396 0.0037239583333333213
0 0.8126851851851852 0.7353802083333333 0.017240740740740536 0.0051614583333332575
0 0.9087129629629629 0.6285364583333333 0.0066296296296296 0.004526041666666636
0 0.9032592592592591 0.62525 0.011231481481481688 0.0036875000000000215
0 0.9262962962962962 0.6181875 0.01212962962962965 0.0037135416666666645
0 0.9038518518518518 0.6188958333333333 0.007361111111111048 0.0030468749999998934
0 0.9143888888888887 0.6164166666666666 0.007861111111111225 0.004343750000000135
0 0.9266018518518518 0.6118020833333333 0.006685185185185105 0.004593750000000086
0 0.9188796296296295 0.6066822916666667 0.01314814814814819 0.002697916666666522
0 0.9073611111111111 0.595953125 0.007861111111111225 0.003666666666666707
0 0.9236851851851852 0.60134375 0.009379629629629625 0.005661458333333336
0 0.8634351851851851 0.6220729166666666 0.015842592592592394 0.0037135416666666645
0 0.8457499999999999 0.6070677083333333 0.008425925925925842 0.005552083333333258
0 0.8666944444444444 0.5850416666666666 0.003148148148148127 0.004333333333333478
0 0.8030555555555554 0.60234375 0.012240740740740661 0.004255208333333371
0 0.8446759259259259 0.6025989583333333 0.010000000000000063 0.002682291666666714
0 0.8559722222222221 0.5738125000000001 0.008990740740740775 0.0036822916666666926
0 0.8954351851851853 0.5344374999999999 0.016398148148148075 0.005708333333333293
0 0.9188518518518518 0.5305677083333333 0.013490740740740787 0.009203124999999979
0 0.9381574074074075 0.5405208333333332 0.009787037037036978 0.007161458333333393
0 0.9138518518518519 0.5230729166666667 0.01315740740740744 0.003958333333333286
0 0.911935185185185 0.5113697916666666 0.009592592592592394 0.005927083333333449
0 0.9113703703703703 0.50465625 0.013361111111111275 0.0032812500000000354
0 0.8641851851851853 0.4947239583333333 0.014611111111111085 0.004401041666666749
0 0.8305925925925925 0.504546875 0.007074074074074272 0.005598958333333392
0 0.8043055555555554 0.5043072916666667 0.005953703703703657 0.006828125000000007
0 0.7731203703703703 0.5255729166666667 0.008268518518518578 0.008057291666666622
0 0.7560925925925925 0.5164166666666666 0.01071296296296301 0.005380208333333236
0 0.7383055555555554 0.4687604166666667 0.006481481481481587 0.006260416666666657
0 0.7582129629629629 0.45969791666666665 0.009518518518518388 0.006291666666666629
0 0.673037037037037 0.47184895833333335 0.011907407407407315 0.004927083333333293
0 0.6243888888888889 0.4673072916666666 0.01607407407407398 0.008942708333333372
0 0.5380555555555555 0.7267812499999999 0.007314814814814952 0.0037499999999999643
0 0.49753703703703706 0.7415052083333333 0.012870370370370508 0.0035781249999999433
0 0.5013333333333334 0.7620260416666665 0.012287037037037072 0.005671874999999993
0 0.48773148148148143 0.769859375 0.016675925925925917 0.005036458333333371
0 0.4947314814814814 0.7806666666666666 0.013407407407407371 0.0037239583333333213
0 0.4338981481481481 0.7714322916666667 0.009074074074074031 0.0048437500000000355
0 0.44988888888888884 0.7578437499999999 0.007703703703703803 0.004375000000000106
0 0.4070277777777777 0.7623541666666667 0.010046296296296317 0.0044583333333333645
0 0.4378240740740741 0.7414114583333333 0.005805555555555486 0.00475520833333345
0 0.38637962962962963 0.7737916666666667 0.007944444444444483 0.004625000000000057
0 0.4359814814814814 0.7180520833333334 0.008361111111111087 0.003968749999999943
0 0.4117314814814815 0.7228177083333333 0.0106851851851851 0.004276041666666686
0 0.34246296296296297 0.7246354166666666 0.006796296296296352 0.007239583333333322
0 0.3161388888888889 0.7251510416666667 0.008740740740740764 0.005843749999999837
0 0.35662037037037037 0.6986979166666666 0.008879629629629645 0.0059843749999998865
0 0.3190740740740741 0.6870885416666667 0.0141759259259259 0.0042291666666665504
0 0.25122222222222224 0.742671875 0.013083333333333355 0.005593749999999886
0 0.25745370370370374 0.7298072916666667 0.008722222222222185 0.0034374999999998933
0 0.2451018518518518 0.7051875 0.009675925925925968 0.0040729166666666925
0 0.26131481481481483 0.7415260416666667 0.006555555555555593 0.004109374999999993
0 0.2464537037037037 0.7257291666666668 0.006148148148148162 0.005604166666666721
0 0.2335648148148148 0.7221822916666666 0.007120370370370368 0.0019739583333333146
0 0.2464537037037037 0.6968333333333334 0.004916666666666616 0.005406250000000057
0 0.23848148148148146 0.699640625 0.009583333333333381 0.0022083333333332788
0 0.18144444444444444 0.6859322916666667 0.007944444444444422 0.002640625000000085
0 0.2059444444444444 0.6750624999999999 0.005074074074074117 0.003614583333333421
0 0.17921296296296296 0.6748489583333332 0.007583333333333325 0.004854166666666692
0 0.16899074074074072 0.66153125 0.006509259259259221 0.007453124999999972
0 0.24409259259259258 0.6625989583333334 0.0125 0.006125000000000114
0 0.14013888888888887 0.65971875 0.006712962962962976 0.007515624999999915
0 0.1481111111111111 0.6540937499999999 0.006351851851851878 0.004307291666666657
0 0.19102777777777777 0.646109375 0.005175925925925876 0.005093750000000163
0 0.13058333333333333 0.6456197916666666 0.009638888888888926 0.005265625000000007
0 0.1366574074074074 0.6329791666666666 0.010407407407407416 0.005406250000000057
0 0.15627777777777777 0.6201927083333333 0.007842592592592604 0.0053750000000000854
0 0.12827777777777777 0.6203802083333334 0.009638888888888926 0.005578125000000078
0 0.18608333333333332 0.6141666666666666 0.015370370370370366 0.009062500000000107
0 0.24688888888888888 0.6076354166666667 0.009481481481481464 0.00603645833333335
0 0.2564722222222222 0.6058802083333333 0.006203703703703746 0.005057291666666686
0 0.23569444444444443 0.5931093749999999 0.003999999999999994 0.004307291666666657
0 0.1559722222222222 0.5989895833333333 0.01122222222222224 0.002927083333333336
0 0.3680277777777778 0.6203593749999999 0.011324074074074039 0.0046979166666666575
0 0.3527777777777778 0.5972239583333334 0.006027777777777783 0.0067968750000000355
0 0.39038888888888884 0.5978385416666666 0.021000000000000005 0.004328124999999972
0 0.27097222222222217 0.6231666666666666 0.006203703703703746 0.0050677083333333425
0 0.2123796296296296 0.6429218750000001 0.005462962962962968 0.0029427083333333215
0 0.30599074074074073 0.6608072916666666 0.007407407407407381 0.008656249999999944
0 0.4291111111111111 0.6755104166666667 0.009879629629629644 0.005583333333333229
0 0.4777962962962963 0.6319010416666666 0.007574074074074133 0.006494791666666622
0 0.6049907407407407 0.584984375 0.011481481481481618 0.006671874999999971
0 0.6521851851851852 0.604046875 0.010249999999999993 0.006937500000000085
0 0.6374166666666666 0.5657395833333333 0.01125000000000003 0.0050416666666665225
0 0.34924074074074074 0.5893385416666665 0.006462962962963006 0.004447916666666707
0 0.2592314814814815 0.5972552083333333 0.004703703703703768 0.004192708333333428
0 0.1602685185185185 0.5720624999999999 0.011592592592592588 0.011057291666666736
0 0.10805555555555556 0.5576666666666666 0.01592592592592593 0.006083333333333307
0 0.1505462962962963 0.5520885416666667 0.010240740740740743 0.004192708333333428
0 0.1820462962962963 0.5317604166666666 0.005953703703703736 0.0046718750000000146
0 0.10648148148148147 0.5289479166666666 0.008120370370370366 0.0048958333333333215
0 0.11710185185185185 0.5198229166666666 0.009638888888888886 0.0032135416666667638
0 0.1243611111111111 0.5182343749999999 0.013111111111111108 0.002635416666666579
0 0.12105555555555556 0.5055729166666667 0.01364814814814817 0.004760416666666778
0 0.10968518518518518 0.4893958333333333 0.00931481481481483 0.006041666666666679
0 0.13795370370370372 0.4603020833333333 0.01083333333333331 0.006046875000000007
0 0.15512037037037038 0.4540885416666667 0.00574074074074073 0.007630208333333321
0 0.18775925925925926 0.4599375 0.009907407407407396 0.0069010416666666075
0 0.23588888888888884 0.5650364583333333 0.010296296296296328 0.0029947916666666075
0 0.25536111111111115 0.532046875 0.008768518518518518 0.009817708333333286
0 0.21863888888888888 0.5088072916666666 0.01516666666666669 0.0033854166666666074
0 0.20696296296296296 0.5066302083333334 0.007583333333333305 0.006687499999999957
0 0.24125925925925923 0.489640625 0.006240740740740749 0.00560937500000005
0 0.22212037037037036 0.489265625 0.008203703703703743 0.003463541666666714
0 0.8821018518518517 0.45367187499999995 0.011898148148148064 0.004593749999999908
0 0.8811018518518519 0.44632812499999996 0.007888888888888976 0.0027916666666666146
0 0.9102314814814814 0.45864062499999997 0.008222222222222323 0.002328125000000014
0 0.8989166666666667 0.42846874999999995 0.010907407407407277 0.00337499999999995
0 0.9008518518518517 0.41167187499999996 0.010231481481481335 0.0038906250000000143
0 0.8472962962962962 0.42804166666666665 0.004564814814814768 0.0033437499999999787
0 0.8286759259259259 0.4055260416666666 0.007638888888888889 0.007546875000000064
0 0.7613148148148148 0.4155989583333334 0.008749999999999937 0.00806770833333328
0 0.7833796296296296 0.3838697916666666 0.012453703703703746 0.0035520833333333003
0 0.8686203703703703 0.36597916666666663 0.006657407407407352 0.007989583333333262
0 0.857435185185185 0.363515625 0.013009259259259111 0.0038958333333333427
0 0.9112685185185184 0.3811354166666666 0.009981481481481562 0.004739583333333286
0 0.8991944444444444 0.36478124999999995 0.012694444444444583 0.0037239583333334102
0 0.9047407407407407 0.3617135416666667 0.008009259259259239 0.003453125000000057
0 0.9090185185185186 0.35846875 0.006722222222222109 0.002661458333333311
0 0.8995925925925925 0.3541875 0.009185185185185359 0.002296875000000043
0 0.8450462962962962 0.36343229166666663 0.0070925925925927735 0.005734375000000025
0 0.8501944444444445 0.3523854166666667 0.008629629629629676 0.004510416666666739
0 0.8400185185185184 0.35597395833333334 0.009240740740740864 0.004963541666666682
0 0.8482222222222222 0.3578125 0.00640740740740758 0.0028697916666666325
0 0.8212222222222222 0.353703125 0.012083333333333397 0.005072916666666672
0 0.7712592592592592 0.4487916666666666 0.014851851851851923 0.0030572916666665507
0 0.5265462962962962 0.44498437499999993 0.02143518518518527 0.005416666666666714
0 0.49169444444444443 0.5051927083333333 0.0054537037037037965 0.004708333333333314
0 0.46532407407407406 0.49535416666666665 0.00600925925925932 0.0056406250000000215
0 0.7054814814814814 0.44840625 0.009629629629629714 0.01151041666666668
0 0.8257407407407407 0.30589062499999997 0.007898148148148229 0.0072135416666665895
0 0.79275 0.29991666666666666 0.008370370370370337 0.009916666666666619
0 0.8327314814814814 0.29789583333333336 0.013972222222222146 0.0032968749999999327
0 0.8048240740740741 0.2867708333333333 0.005999999999999912 0.006010416666666618
0 0.7979166666666667 0.2802447916666667 0.008759259259259187 0.007869791666666615
0 0.7912870370370371 0.2911041666666666 0.018231481481481637 0.004098958333333247
0 0.7385555555555555 0.30859895833333334 0.008444444444444343 0.008104166666666668
0 0.7284166666666667 0.30344791666666665 0.011527777777777715 0.003401041666666682
0 0.7451481481481481 0.2679479166666667 0.005527777777777803 0.004322916666666643
0 0.7335092592592592 0.270125 0.011129629629629613 0.004416666666666647
0 0.7268333333333332 0.253625 0.01341666666666678 0.005161458333333346
0 0.7062777777777778 0.282140625 0.010185185185185158 0.005708333333333382
0 0.6899722222222222 0.2729895833333333 0.012157407407407561 0.0032187500000000037
0 0.6773796296296297 0.27978125 0.005444444444444545 0.005088541666666657
0 0.6788425925925926 0.2858645833333333 0.006314814814814756 0.004593749999999996
0 0.5931203703703704 0.30060937499999996 0.01404629629629631 0.007401041666666686
0 0.5856574074074073 0.31841145833333334 0.015231481481481523 0.004552083333333368
0 0.6465185185185185 0.2953177083333333 0.010027777777777658 0.004182291666666682
0 0.6145925925925926 0.35886979166666666 0.006314814814814756 0.005453125000000014
0 0.512435185185185 0.33213020833333334 0.005953703703703815 0.006265624999999986
0 0.4974537037037037 0.33516666666666667 0.016537037037036996 0.004510416666666739
0 0.4711388888888888 0.33286979166666664 0.014324074074073994 0.00649479166666671