0 0.09588888888888888 0.6685989583333333 0.008305555555555542 0.008333333333333392
0 0.9444351851851852 0.4950885416666667 0.014074074074073906 0.008536458333333385
0 0.8700092592592592 0.44261979166666665 0.008342592592592584 0.0075677083333333785
0 0.8408148148148148 0.4936614583333333 0.011027777777777853 0.008598958333333328
0 0.9441018518518518 0.6194062499999999 0.010583333333333498 0.007390625000000028
0 0.9315277777777777 0.6688802083333333 0.010750000000000013 0.007859375000000135
0 0.8352777777777778 0.5879270833333333 0.010824074074074019 0.009406249999999972
0 0.96875 0.6071718749999999 0.008833333333333195 0.006656250000000164
0 0.10837037037037038 0.6109895833333333 0.014981481481481474 0.007921875000000078
0 0.8827870370370369 0.42142187499999995 0.01147222222222221 0.006614583333333357
0 0.5326018518518519 0.8075781249999998 0.010601851851851841 0.006619791666666685
0 0.8826944444444444 0.564890625 0.008462962962963162 0.00905208333333345
0 0.5155185185185185 0.7914114583333334 0.013796296296296381 0.006296875000000135
0 0.6696759259259258 0.7924166666666667 0.008990740740740775 0.008437499999999964
0 0.042324074074074076 0.50753125 0.011666666666666665 0.007677083333333279
0 0.38552777777777775 0.81134375 0.009212962962962952 0.008723958333333216
0 0.8455555555555555 0.4813958333333333 0.009537037037036889 0.0077656250000000425
0 0.8293333333333331 0.7570677083333333 0.013027777777777614 0.005848958333333343
0 0.1603148148148148 0.4101666666666667 0.01034259259259262 0.006614583333333357
0 0.8107407407407408 0.5605729166666666 0.011601851851851721 0.009541666666666693
0 0.7854537037037037 0.43794270833333326 0.01415740740740748 0.007036458333333329
0 0.3520277777777778 0.656796875 0.011148148148148114 0.011104166666666693
0 0.9405833333333333 0.518125 0.010046296296296317 0.008010416666666664
0 0.8329444444444445 0.6793229166666667 0.01875 0.005177083333333421
0 0.33497222222222217 0.6861249999999999 0.017564814814814866 0.008322916666666735
0 0.11007407407407407 0.6630364583333332 0.010879629629629644 0.008760416666666692
0 0.7038425925925925 0.4206614583333333 0.01694444444444443 0.007015625000000014
0 0.8191851851851851 0.3925572916666667 0.013398148148148279 0.004984374999999997
0 0.929138888888889 0.48358333333333337 0.011907407407407315 0.005796875000000057
0 0.38462962962962954 0.3129739583333333 0.018018518518518552 0.005197916666666647
0 0.6618888888888889 0.8093229166666667 0.011305555555555537 0.005359375000000099
0 0.1424537037037037 0.717984375 0.013351851851851866 0.006197916666666714
0 0.026157407407407407 0.5766249999999999 0.017342592592592597 0.00852604166666655
0 0.6457592592592591 0.7701458333333333 0.017129629629629682 0.004635416666666714
0 0.09597222222222221 0.44465104166666664 0.007009259259259239 0.00625
0 0.2086111111111111 0.630578125 0.009111111111111115 0.008442708333333293
0 0.9590277777777778 0.5130729166666667 0.009342592592592623 0.008895833333333237
0 0.20677777777777778 0.3692708333333333 0.015268518518518527 0.0051354166666666146
0 0.3843981481481481 0.8181979166666666 0.009101851851851942 0.007692708333333442
0 0.8522314814814813 0.4429166666666666 0.012962962962962859 0.005020833333333386
0 0.6187962962962963 0.8106249999999999 0.013027777777777772 0.010468750000000072
0 0.5551851851851852 0.328375 0.0077129629629628955 0.009067708333333346
0 0.7325555555555555 0.3715260416666667 0.011925925925926133 0.005630208333333275
0 0.6427777777777778 0.7269583333333334 0.00904629629629628 0.012270833333333364
0 0.7084444444444444 0.7777604166666666 0.008787037037037098 0.009171875000000006
0 0.632712962962963 0.39322916666666663 0.00904629629629628 0.009177083333333247
0 0.6181203703703704 0.7272083333333332 0.01519444444444452 0.008656249999999944
0 0.34494444444444444 0.57984375 0.021518518518518527 0.006510416666666607
0 0.8168518518518518 0.4687864583333333 0.008583333333333422 0.008390625000000007
0 0.5299351851851852 0.7969270833333333 0.007990740740740894 0.008005208333333246
0 0.09621296296296296 0.6915 0.017037037037037045 0.011697916666666686
0 0.8615648148148147 0.635890625 0.011027777777777853 0.005270833333333336
0 0.9343055555555555 0.6205833333333333 0.010499999999999924 0.007098958333333449
0 0.23663888888888887 0.46119270833333326 0.013981481481481477 0.008046874999999964
0 0.8048703703703703 0.7701666666666667 0.014462962962962757 0.0055416666666666
0 0.6438518518518518 0.3521458333333333 0.009194444444444451 0.008479166666666682
0 0.9681388888888888 0.586578125 0.010527777777777676 0.007822916666666657
0 0.9570092592592592 0.5969010416666667 0.008499999999999848 0.007781250000000029
0 0.7620462962962963 0.6636093750000001 0.007962962962962984 0.007145833333333229
0 0.9631759259259259 0.5419427083333332 0.010212962962963147 0.007723958333333236
0 0.3280185185185185 0.49173437499999995 0.011296296296296365 0.012062500000000042
0 0.8408611111111111 0.6457916666666667 0.013759259259259062 0.004265625000000028
0 0.6062314814814815 0.33761458333333333 0.009157407407407447 0.006166666666666654
0 0.6265 0.32069270833333335 0.013166666666666691 0.004958333333333354
0 0.8885833333333333 0.4631666666666666 0.009351851851851873 0.006442708333333336
0 0.7834444444444444 0.37230208333333337 0.008018518518518489 0.008036458333333395
0 0.7372962962962961 0.41474479166666656 0.009787037037036978 0.008171875000000028
0 0.3925092592592593 0.7891354166666666 0.010111111111111072 0.009848958333333258
0 0.6717222222222222 0.331171875 0.008916666666666767 0.0075468749999999755
0 0.07542592592592591 0.4831302083333333 0.011898148148148142 0.007760416666666714
0 0.11135185185185185 0.50415625 0.012518518518518542 0.008187500000000014
0 0.056805555555555554 0.4834635416666666 0.010925925925925917 0.005635416666666693
0 0.7125092592592592 0.7938124999999999 0.00892592592592602 0.00603645833333335
0 0.5340555555555555 0.7330625 0.011388888888888794 0.007682291666666607
0 0.22185185185185183 0.394 0.007768518518518479 0.006546874999999996
0 0.7364722222222222 0.60915625 0.012416666666666742 0.007239583333333322
0 0.418537037037037 0.45817708333333335 0.0076944444444443936 0.010239583333333436
0 0.3369259259259259 0.36276041666666664 0.01185185185185181 0.006119791666666696
0 0.7756944444444445 0.7271822916666666 0.01147222222222221 0.007005208333333179
0 0.908037037037037 0.5538541666666668 0.013555555555555543 0.006604166666666522
0 0.816962962962963 0.6934947916666666 0.0117592592592593 0.005755208333333428
0 0.06006481481481482 0.6326302083333333 0.012231481481481489 0.008395833333333335
0 0.4022314814814815 0.8230520833333334 0.01058333333333334 0.004833333333333556
0 0.521111111111111 0.30497916666666663 0.010361111111111161 0.007432291666666657
0 0.04692592592592592 0.6490364583333333 0.009472222222222227 0.009927083333333364
0 0.5597314814814814 0.31829166666666664 0.01264814814814817 0.006328125000000018
0 0.5433796296296296 0.77771875 0.014731481481481505 0.007776041666666522
0 0.18057407407407405 0.42958333333333326 0.014916666666666679 0.007479166666666615
0 0.6761388888888888 0.5800572916666666 0.012703703703703677 0.005791666666666551
0 0.9133981481481481 0.535359375 0.0125 0.006062499999999993
0 0.6655648148148147 0.677875 0.0132592592592592 0.006609375000000028
0 0.15489814814814815 0.7413229166666666 0.0128611111111111 0.007718750000000085
0 0.7090555555555556 0.4306927083333333 0.008074074074074074 0.007166666666666721
0 0.7399722222222221 0.7139479166666666 0.011175925925925867 0.007385416666666522
0 0.6782407407407407 0.3781875 0.011277777777777784 0.007281250000000039
0 0.6043055555555555 0.345640625 0.008740740740740844 0.006906250000000025
0 0.8851296296296296 0.5765364583333333 0.013675925925925803 0.0072604166666666355
0 0.14542592592592593 0.39143229166666665 0.010694444444444468 0.005791666666666639
0 0.9270462962962963 0.5803645833333333 0.012037037037037143 0.006166666666666742
0 0.5067777777777778 0.39465104166666665 0.017009259259259106 0.004390625000000004
0 0.6420648148148148 0.46332291666666664 0.012296296296296324 0.007640624999999979
0 0.3693055555555555 0.807453125 0.008824074074074102 0.007359375000000057
0 0.13507407407407407 0.5069947916666666 0.017953703703703677 0.005817708333333371
0 0.2848148148148148 0.3537916666666666 0.0117592592592593 0.00723958333333341
0 0.17618518518518517 0.3956875 0.016740740740740733 0.0058802083333333146
0 0.6089814814814816 0.32896875 0.009083333333333284 0.007072916666666628
0 0.9119814814814815 0.6447239583333333 0.01120370370370362 0.0064635416666666504
0 0.7085925925925926 0.34093229166666666 0.007583333333333384 0.008255208333333286
0 0.672148148148148 0.6295572916666666 0.013037037037037022 0.008088541666666772
0 0.8646018518518518 0.5787968749999999 0.013814814814814882 0.005166666666666764
0 0.8087129629629629 0.7393697916666666 0.01173148148148155 0.004859375000000022
0 0.5100092592592591 0.341328125 0.013000000000000018 0.006223958333333357
0 0.22275 0.7799270833333333 0.009111111111111115 0.011031249999999914
0 0.6481018518518519 0.7836510416666667 0.012722222222222178 0.0074479166666668204
0 0.7059074074074074 0.36682812499999995 0.014925925925925851 0.008890624999999996
0 0.05592592592592593 0.5365208333333332 0.011703703703703697 0.00824479166666663
0 0.7603333333333333 0.4022916666666666 0.00889814814814795 0.008078124999999981
0 0.7878796296296297 0.7632708333333333 0.008222222222222323 0.005562499999999915
0 0.37445370370370373 0.8203437499999999 0.010249999999999993 0.009552083333333527
0 0.4634907407407407 0.7616666666666667 0.017453703703703777 0.00610937499999995
0 0.6633518518518517 0.6582239583333334 0.010749999999999855 0.012656250000000036
0 0.2624537037037037 0.7693697916666666 0.012037037037037063 0.0071145833333332575
0 0.1713611111111111 0.6530208333333333 0.015583333333333312 0.009989583333333307
0 0.6995555555555555 0.3325625 0.015527777777777708 0.0046979166666666575
0 0.8891851851851852 0.583328125 0.009370370370370374 0.007104166666666601
0 0.894898148148148 0.5483697916666666 0.008546296296296418 0.00954687500000002
0 0.6219166666666667 0.7943333333333332 0.01490740740740727 0.005432291666666522
0 0.7029351851851852 0.6186302083333333 0.012972222222222267 0.005776041666666743
0 0.07583333333333334 0.47044791666666663 0.014212962962962964 0.008557291666666699
0 0.5488981481481481 0.8187604166666667 0.014250000000000144 0.005354166666666771
0 0.8310092592592592 0.7093802083333334 0.008462962962963162 0.006140624999999922
0 0.7877962962962963 0.7198541666666666 0.013805555555555632 0.0048958333333333215
0 0.7685925925925926 0.6332395833333333 0.01033333333333341 0.00888541666666658
0 0.7369074074074073 0.36167708333333326 0.011666666666666476 0.005666666666666753
0 0.12474999999999999 0.6965260416666667 0.01686111111111109 0.008515624999999893
0 0.1885 0.4102291666666666 0.015740740740740715 0.005406250000000057
0 0.49056481481481473 0.6558333333333334 0.013537037037036884 0.006624999999999837
0 0.9079722222222222 0.5768333333333333 0.013824074074074133 0.00696354166666655
0 0.24177777777777776 0.4136875 0.012018518518518562 0.006375000000000064
0 0.35074074074074074 0.3569270833333333 0.010953703703703768 0.007302083333333353
0 0.9148148148148147 0.607234375 0.014509259259259326 0.004640624999999865
0 0.4900277777777778 0.49177604166666666 0.018379629629629492 0.008505208333333236
0 0.7789074074074074 0.40702083333333333 0.008222222222222323 0.006468749999999979
0 0.4911018518518518 0.31462500000000004 0.016148148148148148 0.00838020833333326
0 0.5907777777777777 0.330109375 0.012842592592592439 0.005171875000000004
0 0.12511111111111112 0.607 0.01274074074074072 0.008312500000000079
0 0.10691666666666665 0.707625 0.018648148148148122 0.005843749999999837
0 0.8787962962962963 0.6745416666666666 0.00932407407407412 0.007197916666666693
0 0.7028148148148148 0.5815833333333333 0.01807407407407406 0.005911458333333286
0 0.2976759259259259 0.78284375 0.01710185185185185 0.00568229166666665
0 0.2208611111111111 0.7537239583333333 0.009592592592592632 0.009406249999999972
0 0.44482407407407404 0.8100416666666665 0.008944444444444363 0.006020833333333186
0 0.7840185185185186 0.7395104166666666 0.011333333333333447 0.0059322916666666005
0 0.8975740740740741 0.4669114583333333 0.013712962962962807 0.005223958333333378
0 0.5095462962962962 0.8062968749999999 0.010259259259259244 0.0072447916666664725
0 0.42318518518518516 0.7201093749999999 0.009194444444444451 0.009765625
0 0.7114074074074075 0.39580208333333333 0.016759259259259175 0.0058229166666667
0 0.5389444444444444 0.44072916666666667 0.01909259259259244 0.005921874999999943
0 0.28652777777777777 0.6850416666666665 0.011935185185185146 0.005994791666666721
0 0.8268425925925925 0.40327604166666664 0.008601851851851923 0.005026041666666714
0 0.24425000000000002 0.7727447916666667 0.009583333333333381 0.008927083333333207
0 0.816 0.7592708333333332 0.012083333333333397 0.005572916666666572
0 0.3075833333333333 0.3514010416666667 0.011046296296296276 0.008661458333333361
0 0.8793981481481481 0.63928125 0.013694444444444306 0.005510416666666629
0 0.6410277777777778 0.8027135416666666 0.009861111111111143 0.006421874999999933
0 0.6068888888888889 0.31817708333333333 0.0099444444444444 0.005395833333333311
0 0.8814074074074073 0.48326041666666664 0.01643518518518508 0.005927083333333449
0 0.694462962962963 0.33999479166666663 0.01199074074074073 0.007755208333333386
0 0.12555555555555553 0.40725 0.01287962962962964 0.005687499999999979
0 0.6501481481481481 0.7916354166666666 0.012425925925925993 0.005968750000000078
0 0.1532037037037037 0.39518749999999997 0.010092592592592571 0.006244791666666671
0 0.7890277777777777 0.5338125 0.008268518518518578 0.008010416666666664
0 0.051037037037037034 0.6187343750000001 0.013074074074074085 0.007859375000000135
0 0.8103425925925924 0.42904687499999994 0.008620370370370426 0.008510416666666566
0 0.5446203703703704 0.8082083333333333 0.01506481481481485 0.006218750000000028
0 0.07137962962962963 0.5601875 0.00957407407407407 0.0106197916666666
0 0.5552777777777778 0.5528385416666667 0.010555555555555587 0.00951562500000005
0 0.8470462962962961 0.5776197916666665 0.0117592592592593 0.005562499999999915
0 0.8446944444444444 0.407328125 0.009240740740740864 0.006750000000000078
0 0.8070185185185185 0.5366822916666667 0.009759259259259226 0.009109374999999887
0 0.8997962962962962 0.6703697916666667 0.012462962962962997 0.005619791666666707
0 0.15044444444444444 0.72825 0.012009259259259272 0.006281249999999972
0 0.9173148148148148 0.637546875 0.010675925925926005 0.0067031249999999435
0 0.8427592592592592 0.7388645833333333 0.012935185185185105 0.006364583333333229
0 0.4904722222222222 0.6487291666666666 0.011277777777777784 0.009166666666666679
0 0.7638240740740739 0.37215624999999997 0.014351851851851746 0.005499999999999972
0 0.31443518518518515 0.6824322916666666 0.02065740740740733 0.005802083333333208
0 0.7047314814814815 0.5646458333333333 0.013074074074073946 0.008036458333333307
0 0.7969999999999999 0.6207916666666666 0.010685185185185258 0.013151041666666608
0 0.6403055555555556 0.8214322916666668 0.012333333333333326 0.006109375000000128
0 0.8773888888888889 0.4631614583333333 0.014787037037037168 0.009020833333333301
0 0.34803703703703703 0.32042187499999997 0.01159259259259255 0.0069218750000000105
0 0.592824074074074 0.3850677083333333 0.016712962962962923 0.0061510416666666675
0 0.5465277777777777 0.7456406250000001 0.008231481481481574 0.008656249999999944
0 0.28584259259259254 0.6933697916666667 0.011527777777777793 0.006630208333333343
0 0.6253703703703704 0.5550312500000001 0.012194444444444565 0.005760416666666579
0 0.804611111111111 0.7127760416666666 0.012527777777777752 0.007677083333333279
0 0.4088333333333333 0.7822031249999999 0.008898148148148108 0.007734374999999893
0 0.43546296296296294 0.3500989583333333 0.00984259259259264 0.011093749999999947
0 0.2675092592592593 0.7616041666666666 0.017787037037037046 0.007010416666666686
0 0.8197777777777778 0.4247395833333333 0.009101851851851785 0.00951562500000005
0 0.25447222222222216 0.35236979166666665 0.014361111111111076 0.005640624999999932
0 0.6521851851851852 0.803109375 0.010398148148148165 0.006927083333333428
0 0.7578611111111111 0.7854791666666665 0.014574074074074083 0.005416666666666714
0 0.3296481481481481 0.7587083333333333 0.012796296296296342 0.005453124999999837
0 0.8782777777777776 0.654 0.014824074074074172 0.006619791666666685
0 0.06425 0.619828125 0.009444444444444441 0.008671875000000107
0 0.7907870370370369 0.8134062499999999 0.010972222222222033 0.006312499999999943
0 0.9265462962962961 0.609609375 0.013749999999999811 0.0075416666666667355
0 0.8538703703703703 0.6725104166666667 0.01720370370370353 0.009416666666666629
0 0.6228981481481481 0.7830416666666666 0.011064814814814857 0.00852604166666655
0 0.12728703703703703 0.43723437499999995 0.020833333333333332 0.006317708333333449
0 0.5548703703703703 0.7038229166666665 0.022287037037036977 0.007651041666666636
0 0.5223703703703703 0.3591666666666667 0.016685185185185167 0.0056875000000000675
0 0.7731018518518519 0.7678958333333332 0.011027777777777853 0.005562499999999915
0 0.31928703703703704 0.7968541666666666 0.010935185185185109 0.009984375000000068
0 0.07101851851851852 0.6501510416666666 0.009907407407407396 0.013020833333333393
0 0.3223055555555555 0.8112708333333334 0.009342592592592623 0.0033437500000001565
0 0.3708611111111111 0.7751979166666667 0.00905555555555553 0.005416666666666714
0 0.4463055555555555 0.7882604166666667 0.007074074074074114 0.0057343750000001135
0 0.2992407407407407 0.7719374999999999 0.007361111111111127 0.005572916666666572
0 0.32952777777777775 0.7740052083333333 0.01585185185185188 0.005890624999999971
0 0.3685925925925926 0.6838749999999999 0.008490740740740755 0.008119791666666742
0 0.4031388888888889 0.6556093749999999 0.00905555555555553 0.0057343750000001135
0 0.07124074074074073 0.6639895833333332 0.0071111111111111175 0.00529166666666665
0 0.03992592592592592 0.6261041666666666 0.010092592592592596 0.004645833333333372
0 0.1005 0.5094270833333333 0.008259259259259247 0.004645833333333372
0 0.06084259259259258 0.486046875 0.009046296296296299 0.004593749999999908
0 0.05952777777777778 0.4729166666666666 0.009342592592592602 0.004927083333333293
0 0.16444444444444442 0.45108333333333334 0.010212962962962951 0.004927083333333293
0 0.3420185185185185 0.5258541666666666 0.00699999999999995 0.005416666666666714
0 0.34215740740740735 0.3524322916666666 0.009629629629629636 0.0036093750000000036
0 0.3142962962962963 0.34742187499999994 0.009925925925925977 0.0031197916666666713
0 0.2856759259259259 0.35711979166666663 0.009074074074074031 0.004661458333333357
0 0.24425000000000002 0.36044791666666665 0.011833333333333309 0.004437499999999961
0 0.36101851851851846 0.32341145833333335 0.008638888888888927 0.005005208333333311
0 0.5613518518518518 0.3084739583333333 0.009416666666666787 0.006036458333333261
0 0.5473518518518519 0.32687499999999997 0.007592592592592635 0.006036458333333261
0 0.5922314814814814 0.34063541666666663 0.01465740740740734 0.004708333333333314
0 0.5926203703703703 0.34939583333333335 0.012824074074073937 0.005151041666666689
0 0.6191851851851852 0.3610989583333333 0.011518518518518622 0.005296875000000067
0 0.6656388888888889 0.34932291666666665 0.012824074074073937 0.004416666666666647
0 0.6118611111111111 0.32083854166666664 0.008370370370370337 0.0072135416666665895
0 0.6940277777777777 0.32709374999999996 0.013611111111111206 0.0041197916666667386
0 0.7220370370370369 0.3378385416666666 0.007851851851851974 0.007359375000000057
0 0.7343333333333334 0.35042708333333333 0.012564814814814756 0.006916666666666682
0 0.7641666666666665 0.34946875 0.011518518518518464 0.007359375000000057
0 0.6945555555555555 0.37478645833333335 0.013083333333333435 0.008536458333333385
0 0.7516018518518518 0.36934374999999997 0.0073240740740740445 0.004416666666666647
0 0.7387777777777778 0.37670312499999997 0.00575925925925939 0.005890624999999971
0 0.8044722222222223 0.37559895833333334 0.011518518518518464 0.005447916666666686
0 0.8108796296296296 0.3783958333333333 0.008638888888888927 0.0066250000000000146
0 0.8185462962962962 0.38809375 0.00893518518518527 0.0032968749999999327
0 0.8145092592592592 0.3978229166666667 0.010555555555555745 0.0036249999999999893
0 0.7495185185185185 0.399390625 0.006888888888888939 0.004614583333333267
0 0.8287962962962964 0.41031249999999997 0.00893518518518527 0.003380208333333279
0 0.8277777777777777 0.4070937499999999 0.013046296296296115 0.0037083333333333356
0 0.8496851851851852 0.39390624999999996 0.005861111111111149 0.0045312500000000535
0 0.855037037037037 0.39959375 0.007472222222222058 0.005687500000000023
0 0.8615555555555555 0.40284895833333334 0.006157407407407492 0.005276041666666664
0 0.8379629629629629 0.42448958333333325 0.009379629629629625 0.005026041666666714
0 0.8488055555555556 0.4257239583333333 0.007037037037036953 0.0066770833333333005
0 0.8600185185185185 0.42696354166666667 0.006009259259259162 0.005026041666666714
0 0.8849999999999999 0.44736458333333334 0.0073240740740740445 0.006098958333333293
0 0.8357592592592593 0.4508697916666666 0.009675925925925968 0.005192708333333407
0 0.8982685185185185 0.4618749999999999 0.00893518518518527 0.006098958333333293
0 0.9117500000000001 0.4731666666666666 0.00893518518518527 0.007583333333333364
0 0.9119629629629629 0.4945989583333333 0.0073240740740740445 0.005937500000000107
0 0.8229351851851852 0.49950520833333323 0.007472222222222058 0.003052083333333222
0 0.930212962962963 0.49867708333333327 0.009231481481481611 0.006348958333333421
0 0.9405462962962962 0.48507812499999997 0.009675925925925968 0.004041666666666721
0 0.9482407407407406 0.5205624999999999 0.00893518518518527 0.007255208333333307
0 0.9374629629629629 0.5478072916666666 0.008203703703703507 0.0046979166666666575
0 0.9658981481481482 0.5489635416666666 0.00791666666666673 0.0053593749999999215
0 0.8487314814814814 0.5361874999999999 0.008648148148148177 0.005687499999999979
0 0.8970185185185184 0.5999895833333333 0.011722222222222299 0.007994791666666678
0 0.8682962962962962 0.6240572916666667 0.011435185185185206 0.004203125000000085
0 0.8960648148148148 0.6278125 0.01187037037037031 0.003958333333333286
0 0.926111111111111 0.6405729166666667 0.009074074074074031 0.005208333333333393
0 0.9207870370370371 0.644296875 0.006388888888889078 0.004218749999999894
0 0.9339351851851851 0.6574739583333333 0.008425925925925842 0.002447916666666572
0 0.9233796296296295 0.6630208333333333 0.008611111111111173 0.003854166666666714
0 0.917787037037037 0.6725 0.010425925925925918 0.0038229166666667426
0 0.8705555555555555 0.67275 0.008379629629629588 0.0038229166666667426
0 0.7629537037037036 0.6713697916666665 0.006027777777777664 0.00532812499999995
0 0.8621203703703704 0.6896197916666666 0.009120370370370286 0.0034843750000000282
0 0.9055092592592593 0.7016770833333333 0.010499999999999924 0.004552083333333279
0 0.877962962962963 0.7005677083333333 0.009120370370370286 0.004260416666666522
0 0.8640185185185184 0.6989166666666666 0.008435185185185093 0.004453125000000035
0 0.8717592592592592 0.6973697916666667 0.00877777777777769 0.004260416666666522
0 0.8619537037037036 0.7096197916666667 0.006027777777777664 0.0035833333333334496
0 0.8639259259259259 0.7149479166666667 0.0065462962962963426 0.0037760416666666073
0 0.8521388888888889 0.7141249999999999 0.009472222222222134 0.006583333333333208
0 0.847574074074074 0.7218697916666666 0.011018518518518603 0.004453125000000035
0 0.8360370370370369 0.7260833333333332 0.00791666666666673 0.007067708333333478
0 0.861 0.7325729166666666 0.009981481481481562 0.0037760416666666073
0 0.8440462962962964 0.735140625 0.007407407407407302 0.004651041666666522
0 0.8086666666666666 0.7345572916666666 0.01033333333333341 0.004067708333333364
0 0.8343148148148147 0.747 0.011018518518518603 0.004359374999999943
0 0.8014351851851852 0.7648697916666667 0.01033333333333341 0.004260416666666522
0 0.7849074074074074 0.7759114583333333 0.0113611111111112 0.0034843750000000282
0 0.7211203703703702 0.7907760416666666 0.00877777777777769 0.0037760416666666073
0 0.7051018518518518 0.7981822916666667 0.011879629629629563 0.004651041666666522
0 0.7004537037037036 0.7865156249999999 0.009120370370370286 0.006682291666666629
0 0.6488888888888888 0.7488489583333333 0.009722222222222222 0.007770833333333371
0 0.7795925925925925 0.7137447916666667 0.015342592592592534 0.008343750000000049
0 0.5658518518518518 0.7602760416666666 0.004296296296296336 0.005953124999999915
0 0.43678703703703703 0.598484375 0.01723148148148144 0.008723958333333393
0 0.7831203703703703 0.550265625 0.012064814814814894 0.007270833333333293
0 0.7117962962962963 0.502203125 0.011638888888888803 0.0039270833333333146
0 0.5709537037037037 0.5545833333333332 0.011638888888888883 0.007203125000000021
0 0.6236203703703703 0.5606354166666667 0.011055555555555607 0.005567708333333421
0 0.3957685185185185 0.5681666666666667 0.011638888888888883 0.005567708333333421
0 0.20199999999999999 0.6349583333333333 0.006537037037037013 0.009140625000000036
0 0.14450925925925923 0.424125 0.014740740740740756 0.004223958333333222
0 0.17525000000000002 0.3896197916666667 0.011685185185185196 0.004380208333333346
0 0.2237962962962963 0.39971354166666667 0.007509259259259298 0.005161458333333391
0 0.5828888888888888 0.4486822916666666 0.017361111111111112 0.006869791666666636
0 0.6127962962962964 0.4202916666666667 0.01414814814814807 0.005062500000000014