0 0.49329629629629623 0.22387499999999996 0.012009259259259232 0.012265624999999947
0 0.5403518518518519 0.2226770833333333 0.020064814814814882 0.006442708333333336
0 0.5400555555555555 0.23559374999999996 0.014592592592592584 0.007062499999999972
0 0.5227222222222222 0.23546354166666666 0.011555555555555624 0.008932291666666625
0 0.5447685185185185 0.24727083333333333 0.026453703703703646 0.008510416666666654
0 0.5741851851851851 0.26344270833333333 0.020833333333333332 0.015281250000000047
0 0.6029166666666667 0.254796875 0.0150555555555556 0.013984374999999983
0 0.5431666666666667 0.26814583333333336 0.01596296296296297 0.009296874999999982
0 0.5068333333333332 0.27182291666666664 0.023870370370370292 0.011520833333333336
0 0.47209259259259256 0.2449583333333333 0.025842592592592615 0.005687499999999979
0 0.4491111111111111 0.2252395833333333 0.012574074074074165 0.006244791666666671
0 0.46832407407407406 0.23688541666666665 0.01608333333333339 0.00596354166666666
0 0.4346388888888889 0.23732291666666666 0.011657407407407384 0.0032812499999999465
0 0.439287037037037 0.24121874999999998 0.014990740740740844 0.005578124999999989
0 0.4053518518518518 0.2229895833333333 0.015101851851851854 0.006322916666666689
0 0.42366666666666664 0.2428489583333333 0.016370370370370323 0.009578124999999993
0 0.3926296296296296 0.23689062499999997 0.009416666666666629 0.013718750000000047
0 0.46274999999999994 0.2553697916666667 0.017574074074074037 0.009333333333333282
0 0.4537962962962963 0.26173437499999996 0.018722222222222248 0.004427083333333304
0 0.3426666666666666 0.2738802083333333 0.01056481481481476 0.012442708333333385
0 0.3562222222222223 0.27984374999999995 0.012407407407407374 0.00723958333333341
0 0.37207407407407406 0.29464583333333333 0.014240740740740736 0.014874999999999972
0 0.43280555555555555 0.29553124999999997 0.017629629629629544 0.007927083333333317
0 0.4215185185185185 0.29138020833333333 0.017805555555555626 0.0051145833333333
0 0.38539814814814816 0.3079375 0.015620370370370375 0.008192708333333344
0 0.47724999999999995 0.28893749999999996 0.009249999999999956 0.010250000000000004
0 0.4703888888888888 0.30633854166666663 0.021129629629629675 0.00596354166666666
0 0.49436111111111103 0.31078125 0.009361111111110966 0.006796874999999947
0 0.6224259259259259 0.22435937499999997 0.025444444444444513 0.006500000000000039
0 0.6209629629629629 0.23332812499999997 0.007805555555555562 0.009177083333333336
0 0.6296018518518518 0.24143749999999997 0.00993518518518515 0.00795312499999996
0 0.6379907407407407 0.24229166666666666 0.011546296296296374 0.006166666666666654
0 0.6528888888888889 0.2330520833333333 0.008731481481481593 0.006364583333333318
0 0.6781574074074074 0.24009375 0.017916666666666636 0.011411458333333346
0 0.682787037037037 0.24644270833333332 0.018435185185185315 0.006989583333333283
0 0.6748333333333333 0.26206770833333326 0.019981481481481468 0.011427083333333332
0 0.7326018518518519 0.25631770833333334 0.023888888888888953 0.005088541666666657
0 0.7586759259259259 0.25954687499999995 0.012175925925925904 0.007677083333333367
0 0.6989166666666667 0.2694947916666666 0.019472222222222196 0.004739583333333286
0 0.7207407407407407 0.2746927083333333 0.010277777777777589 0.007901041666666674
0 0.7506018518518518 0.272484375 0.014870370370370424 0.012552083333333287
0 0.794425925925926 0.2714322916666666 0.011083333333333358 0.008187500000000014
0 0.7981851851851851 0.2656145833333333 0.016768518518518426 0.004739583333333286
0 0.6587222222222222 0.27493229166666666 0.008101851851851905 0.008723958333333304
0 0.6519722222222222 0.28158854166666664 0.007805555555555562 0.010411458333333368
0 0.7483333333333333 0.30288541666666663 0.019064814814814843 0.009713541666666714
0 0.7767037037037038 0.2967916666666667 0.01608333333333323 0.007322916666666668
0 0.78475 0.3042395833333333 0.013787037037037129 0.005666666666666753
0 0.806888888888889 0.29386979166666666 0.010277777777777589 0.007833333333333314
0 0.8180277777777778 0.28780729166666663 0.00867592592592593 0.008489583333333339
0 0.8306574074074073 0.28829166666666667 0.01326851851851845 0.007343749999999982
0 0.8275277777777776 0.29562499999999997 0.018953703703703834 0.005770833333333325
0 0.8281018518518519 0.3004114583333333 0.017805555555555467 0.003958333333333286
0 0.8348518518518517 0.30533854166666663 0.012916666666666604 0.006057291666666753
0 0.853712962962963 0.3148854166666667 0.01481481481481492 0.013770833333333333
0 0.7976666666666665 0.3272864583333333 0.015509259259259365 0.009093749999999989
0 0.6852777777777778 0.312953125 0.005509259259259301 0.008531250000000056
0 0.6622222222222223 0.3049375 0.011314814814814788 0.006718750000000018
0 0.6743425925925925 0.32167708333333334 0.011194444444444368 0.007890625000000017
0 0.729074074074074 0.32353645833333333 0.01544444444444461 0.011932291666666739
0 0.7578148148148148 0.33465104166666665 0.013666666666666553 0.016072916666666614
0 0.7807222222222221 0.3394479166666667 0.014935185185185182 0.0072552083333333964
0 0.8042407407407407 0.3444583333333333 0.010972222222222033 0.009218750000000053
0 0.8289907407407406 0.34318229166666664 0.008555555555555669 0.007291666666666696
0 0.8432037037037036 0.345703125 0.011712962962963046 0.009750000000000014
0 0.8260925925925926 0.35096875 0.006888888888888939 0.007505208333333346
0 0.8333333333333334 0.3549427083333333 0.010796296296296267 0.005369791666666668
0 0.6472407407407407 0.33416666666666667 0.005796296296296235 0.00799479166666659
0 0.6102222222222221 0.327796875 0.015388888888888787 0.0066770833333333005
0 0.8788703703703703 0.32979166666666665 0.011601851851851721 0.005921874999999943
0 0.8892314814814815 0.33829166666666666 0.009824074074073982 0.006369791666666647
0 0.901898148148148 0.34090624999999997 0.00803703703703699 0.0069479166666666535
0 0.8666666666666667 0.3426875 0.012462962962962997 0.005333333333333368
0 0.8703981481481481 0.34924479166666667 0.0176296296296297 0.008364583333333276
0 0.8630185185185184 0.36494791666666665 0.007231481481481537 0.007541666666666646
0 0.8650833333333332 0.37349479166666666 0.011601851851851721 0.009286458333333325
0 0.8198888888888888 0.36155729166666667 0.015851851851851645 0.006354166666666661
0 0.84625 0.36588020833333335 0.005629629629629563 0.0070677083333333
0 0.8495833333333332 0.38738541666666665 0.015046296296296191 0.007838541666666643
0 0.8190555555555556 0.3940416666666666 0.01694444444444451 0.005989583333333303
0 0.8897222222222221 0.3954791666666667 0.02090740740740734 0.005614583333333289
0 0.8932592592592592 0.40351041666666665 0.02015740740740739 0.008427083333333352
0 0.9111111111111111 0.39903125 0.008555555555555669 0.007953125000000005
0 0.9093611111111112 0.4095208333333333 0.009185185185185359 0.008619791666666644
0 0.929462962962963 0.41643749999999996 0.01033333333333341 0.010296875000000049
0 0.8969629629629629 0.4228854166666666 0.013324074074074273 0.013265625000000014
0 0.7354722222222222 0.3877708333333333 0.012407407407407492 0.012062500000000042
0 0.8055925925925925 0.3794583333333333 0.007231481481481537 0.009739583333333357
0 0.6684537037037036 0.42084374999999996 0.028138888888889033 0.010203124999999957
0 0.606287037037037 0.40845833333333326 0.015796296296296298 0.0086302083333333
0 0.8561018518518518 0.4555364583333333 0.011194444444444368 0.004776041666666763
0 0.8917314814814814 0.4561197916666666 0.011712962962963046 0.00802083333333332
0 0.9194166666666667 0.4858802083333333 0.01608333333333323 0.006765625000000064
0 0.8685925925925926 0.47575 0.009759259259259226 0.011421875000000092
0 0.6941574074074074 0.5080989583333333 0.008324074074074083 0.009489583333333407
0 0.8110462962962962 0.5276302083333333 0.01745370370370362 0.005635416666666693
0 0.8345092592592591 0.5262083333333333 0.019351851851851936 0.007187500000000036
0 0.8328703703703704 0.53515625 0.012407407407407492 0.006729166666666763
0 0.7739814814814815 0.4749010416666666 0.014074074074074221 0.006489583333333293
0 0.8124537037037037 0.565328125 0.014074074074074221 0.007760416666666714
0 0.8404537037037036 0.5815677083333333 0.01033333333333341 0.013083333333333336
0 0.8359166666666665 0.5945260416666667 0.02515740740740758 0.008317708333333229
0 0.8946666666666666 0.5686458333333333 0.023657407407407367 0.0050052083333334
0 0.9266203703703704 0.5706822916666667 0.010851851851851772 0.011015625000000107
0 0.9129259259259258 0.554328125 0.01700000000000001 0.0035989583333332575
0 0.9064907407407407 0.5620520833333333 0.009185185185185359 0.00603645833333335
0 0.9222592592592592 0.5599010416666667 0.017287037037037104 0.005937500000000107
0 0.8888611111111111 0.6155520833333332 0.014009259259259466 0.007401041666666686
0 0.9058611111111111 0.6148385416666666 0.016768518518518426 0.005979166666666735
0 0.9131574074074075 0.6247395833333333 0.010222222222222084 0.008135416666666551
0 0.8992037037037036 0.6257604166666667 0.009416666666666629 0.0044843750000000075
0 0.9060925925925926 0.624984375 0.009416666666666629 0.011208333333333265
0 0.9001203703703703 0.6410416666666666 0.012175925925925904 0.008161458333333371
0 0.8811111111111111 0.6561770833333332 0.011712962962963046 0.007249999999999979
0 0.8626203703703703 0.6548489583333332 0.011944444444444634 0.010270833333333229
0 0.8367500000000001 0.6582343749999999 0.012574074074074007 0.007041666666666657
0 0.8667499999999999 0.6697916666666666 0.0128611111111111 0.008635416666666628
0 0.826037037037037 0.6635520833333333 0.015046296296296191 0.004489583333333336
0 0.8026666666666666 0.6340364583333333 0.01975925925925929 0.008286458333333257
0 0.7427962962962962 0.6531979166666667 0.021305555555555442 0.007427083333333506
0 0.762898148148148 0.6617604166666666 0.017861111111110974 0.008401041666666664
0 0.7454907407407407 0.6760572916666666 0.019351851851851936 0.005968750000000078
0 0.7059537037037037 0.6855729166666666 0.019296296296296193 0.006640625
0 0.8416018518518518 0.7059739583333333 0.017231481481481285 0.006541666666666579
0 0.8564722222222222 0.6876822916666666 0.01389814814814814 0.0043541666666667925
0 0.8508703703703704 0.69209375 0.014185185185185231 0.011364583333333478
0 0.8352777777777778 0.6921614583333333 0.009185185185185359 0.008651041666666793
0 0.8201203703703703 0.6903177083333334 0.011944444444444634 0.0078125
0 0.8139722222222221 0.6976354166666667 0.018490740740740662 0.003921875000000163
0 0.7953703703703703 0.6897239583333332 0.019527777777777703 0.005213541666666721
0 0.7976666666666665 0.70528125 0.02641666666666664 0.00728124999999995
0 0.7786574074074074 0.7052135416666666 0.00792592592592598 0.008703125000000079
0 0.6970555555555555 0.7024947916666666 0.015731481481481544 0.009619791666666622
0 0.7875 0.6976666666666667 0.008268518518518578 0.006244791666666494
0 0.7860648148148148 0.7220312499999999 0.014583333333333334 0.007052083333333315
0 0.7638981481481482 0.7200885416666666 0.008388888888888838 0.012223958333333229
0 0.7047777777777777 0.7161770833333333 0.01694444444444443 0.005520833333333286
0 0.7583333333333333 0.73984375 0.01148148148148146 0.010192708333333477
0 0.7307037037037035 0.734046875 0.015046296296296191 0.005026041666666714
0 0.7083703703703703 0.7307343749999999 0.00803703703703707 0.007770833333333371
0 0.7032037037037037 0.7344947916666666 0.011481481481481618 0.009578124999999993
0 0.6960185185185185 0.7378229166666666 0.008611111111111016 0.008739583333333379
0 0.6998703703703704 0.7509322916666666 0.011259259259259283 0.009005208333333315
0 0.7466759259259258 0.7462812499999999 0.017574074074074197 0.005385416666666742
0 0.6731666666666666 0.7437604166666667 0.009990740740740654 0.009135416666666707
0 0.6492129629629629 0.7638229166666666 0.013787037037037129 0.008427083333333307
0 0.6388796296296296 0.7545 0.006888888888888939 0.008145833333333208
0 0.6251296296296296 0.70740625 0.025046296296296254 0.010901041666666523
0 0.6248055555555555 0.6665729166666666 0.025203703703703676 0.011989583333333265
0 0.535574074074074 0.71465625 0.016407407407407485 0.0112552083333334
0 0.5133333333333333 0.7216145833333333 0.022490740740740655 0.006791666666666707
0 0.5332962962962964 0.7531354166666666 0.020166666666666642 0.004973958333333428
0 0.4833611111111111 0.761484375 0.014407407407407409 0.009427083333333286
0 0.5144074074074073 0.7027187500000001 0.009925925925925899 0.007666666666666622
0 0.45247222222222216 0.7667447916666668 0.01376851851851847 0.008359375000000035
0 0.40121296296296294 0.7445 0.012564814814814914 0.007833333333333314
0 0.34507407407407403 0.7484166666666667 0.020324074074074144 0.006302083333333286
0 0.33402777777777776 0.7419322916666666 0.014240740740740736 0.006666666666666821
0 0.32983333333333337 0.7528541666666666 0.009361111111111124 0.006885416666666621
0 0.3162685185185185 0.7321875 0.017129629629629602 0.007703124999999922
0 0.3265092592592592 0.71584375 0.008805555555555521 0.010932291666666493
0 0.3046203703703704 0.7275260416666666 0.01224074074074074 0.006671874999999971
0 0.2989351851851852 0.7162447916666667 0.012083333333333317 0.008973958333333342
0 0.2800092592592593 0.723859375 0.010240740740740663 0.012557291666666793
0 0.2542407407407407 0.7356093749999999 0.009925925925925977 0.00806249999999995
0 0.29057407407407404 0.7040520833333332 0.015361111111111114 0.0067968750000000355
0 0.2831759259259259 0.6946666666666667 0.017370370370370362 0.007119791666666764
0 0.2523611111111111 0.7068489583333333 0.018962962962963008 0.006895833333333279
0 0.23015740740740737 0.7288020833333333 0.015361111111111114 0.006234374999999836
0 0.20794444444444443 0.7112604166666665 0.014962962962963013 0.009494791666666735
0 0.23639814814814814 0.6937083333333334 0.01824999999999998 0.0049218749999999645
0 0.21514814814814814 0.6933958333333333 0.016564814814814827 0.006989583333333371
0 0.17262037037037037 0.6955729166666667 0.01808333333333331 0.010703125000000036
0 0.214787037037037 0.6798593749999999 0.013444444444444453 0.0124270833333334
0 0.27097222222222217 0.657546875 0.02464814814814815 0.007078125000000135
0 0.17858333333333332 0.6782395833333333 0.006962962962962946 0.007744791666666551
0 0.18546296296296297 0.6743645833333333 0.015601851851851874 0.009005208333333315
0 0.20326851851851852 0.6692552083333333 0.016009259259259303 0.005270833333333336
0 0.20375 0.6559322916666667 0.023370370370370354 0.005885416666666821
0 0.15721296296296294 0.65053125 0.01352777777777779 0.008510416666666742
0 0.14012962962962963 0.661921875 0.01376851851851851 0.010036458333333265
0 0.1294074074074074 0.647921875 0.014722222222222215 0.006531249999999922
0 0.12739814814814815 0.6566822916666666 0.012324074074074076 0.006937500000000085
0 0.1873425925925926 0.6483020833333333 0.008962962962962943 0.004593750000000086
0 0.1736574074074074 0.6371145833333334 0.021611111111111095 0.007869791666666792
0 0.14468518518518517 0.6393229166666666 0.011685185185185177 0.004182291666666771
0 0.14516666666666667 0.634640625 0.022250000000000013 0.0038177083333332364
0 0.1929074074074074 0.6229322916666666 0.014481481481481494 0.0056145833333333785
0 0.19910185185185184 0.63725 0.008481481481481505 0.007239583333333322
0 0.4341851851851852 0.6361874999999999 0.018490740740740818 0.008260416666666793
0 0.4717129629629629 0.613421875 0.016888888888888846 0.007302083333333265
0 0.4165 0.5900989583333333 0.015287037037037028 0.008739583333333379
0 0.3259907407407407 0.6071197916666666 0.01864814814814816 0.007302083333333265
0 0.3149074074074074 0.5988333333333333 0.007999999999999988 0.010536458333333342
0 0.2894537037037037 0.6029114583333333 0.017925925925925963 0.01103645833333342
0 0.29289814814814813 0.6305364583333334 0.010407407407407416 0.010916666666666686
0 0.25104629629629627 0.5916302083333334 0.014722222222222175 0.015937499999999893
0 0.2413611111111111 0.5784583333333334 0.009759259259259226 0.009848958333333258
0 0.15425 0.5985833333333332 0.022009259259259256 0.006619791666666685
0 0.13740740740740742 0.6082864583333334 0.011527777777777755 0.010171875000000163
0 0.11012037037037037 0.5980000000000001 0.016166666666666687 0.009322916666666714
0 0.12975925925925924 0.5809375 0.011444444444444457 0.012104166666666494
0 0.10835185185185184 0.5848489583333334 0.02704629629629629 0.0061770833333334
0 0.2328796296296296 0.5665729166666666 0.010407407407407416 0.011281249999999864
0 0.21030555555555555 0.5600416666666665 0.009120370370370365 0.011687500000000028
0 0.18606481481481477 0.5530625 0.011203703703703698 0.009473958333333421
0 0.2801296296296296 0.539109375 0.011120370370370362 0.008536458333333208
0 0.2102314814814815 0.5459531249999999 0.014083333333333314 0.010562500000000164
0 0.13532407407407407 0.5649114583333333 0.019842592592592585 0.006161458333333236
0 0.14649074074074073 0.5570989583333333 0.02552777777777777 0.008093749999999922
0 0.1257222222222222 0.5550260416666667 0.012166666666666654 0.009354166666666686
0 0.10591666666666666 0.5460989583333333 0.010166666666666657 0.008052083333333293
0 0.18510185185185182 0.5350677083333333 0.012481481481481498 0.0067968750000000355
0 0.13672222222222222 0.524421875 0.0098425925925926 0.011161458333333308
0 0.12148148148148147 0.522078125 0.008481481481481505 0.008276041666666779
0 0.10859259259259259 0.5242864583333333 0.01632407407407407 0.009989583333333307
0 0.20094444444444445 0.5052187499999999 0.019842592592592627 0.004286458333333343
0 0.2867314814814815 0.5135520833333332 0.024324074074074057 0.00607291666666665
0 0.23800000000000002 0.5003802083333333 0.014564814814814833 0.012161458333333286
0 0.15149074074074076 0.498625 0.012481481481481498 0.006671874999999971
0 0.14252777777777778 0.5038958333333333 0.01824999999999998 0.007838541666666643
0 0.11687962962962961 0.49601562499999996 0.007925925925925902 0.007916666666666749
0 0.1119537037037037 0.48642708333333334 0.00944444444444442 0.008114583333333236
0 0.24155555555555555 0.48514583333333333 0.01976851851851854 0.01498437500000005
0 0.22699074074074074 0.46823958333333326 0.013046296296296273 0.01853125000000002
0 0.28697222222222224 0.47411458333333323 0.005759259259259311 0.010026041666666607
0 0.14656481481481481 0.4778489583333333 0.017046296296296306 0.010416666666666607
0 0.13364814814814813 0.47742187499999994 0.009601851851851842 0.011692708333333357
0 0.11203703703703702 0.47239062499999995 0.011203703703703698 0.007484374999999943
0 0.14192592592592593 0.457375 0.011444444444444457 0.007609375000000007
0 0.12215740740740741 0.46264062499999997 0.01096296296296294 0.00824479166666663
0 0.10535185185185184 0.449 0.009361111111111124 0.007062499999999972
0 0.19302777777777777 0.4414791666666666 0.022083333333333382 0.005526041666666615
0 0.21662962962962962 0.4442239583333333 0.021287037037037018 0.011489583333333364
0 0.26921296296296293 0.446296875 0.01376851851851855 0.005546875000000106
0 0.3656851851851851 0.4680208333333333 0.008879629629629607 0.012963541666666778
0 0.45562962962962955 0.506765625 0.014648148148148247 0.007942708333333392
0 0.37196296296296294 0.42646354166666656 0.009925925925925899 0.009255208333333265
0 0.3991759259259259 0.40613020833333324 0.029129629629629665 0.005958333333333421
0 0.23512037037037037 0.4315260416666666 0.014722222222222175 0.0063333333333334355
0 0.23936111111111108 0.42027083333333326 0.01136111111111112 0.010828124999999921
0 0.25624074074074077 0.4137604166666666 0.007685185185185143 0.008942708333333372
0 0.17225925925925922 0.4153645833333333 0.015601851851851853 0.010916666666666686
0 0.17425925925925922 0.43963541666666667 0.021203703703703662 0.004536458333333293
0 0.13252777777777777 0.44134375 0.020166666666666642 0.006161458333333236
0 0.10187037037037036 0.43456770833333336 0.013925925925925932 0.010552083333333328
0 0.12668518518518518 0.43146874999999996 0.011527777777777755 0.007739583333333222
0 0.16849999999999998 0.4331145833333333 0.010481481481481461 0.009505208333333393
0 0.17153703703703702 0.39936979166666664 0.021842592592592563 0.008921875000000056
0 0.14416666666666664 0.38913020833333334 0.019444444444444445 0.009140624999999947
0 0.17310185185185184 0.3881875 0.010879629629629623 0.00788020833333336
0 0.11879629629629629 0.37515104166666663 0.016888888888888884 0.006041666666666589
0 0.14204629629629628 0.36905208333333334 0.022407407407407397 0.008317708333333318
0 0.1411296296296296 0.38066666666666665 0.01656481481481479 0.006343750000000004
0 0.13068518518518515 0.3823333333333333 0.012481481481481498 0.005171875000000004
0 0.19310185185185186 0.37940625 0.01952777777777778 0.005624999999999947
0 0.18137962962962959 0.37353125 0.015444444444444452 0.006927083333333339
0 0.17089814814814813 0.3573385416666667 0.01032407407407404 0.0060989583333333815
0 0.20074999999999998 0.36267708333333337 0.016240740740740733 0.0030781250000000426
0 0.1577685185185185 0.3716354166666666 0.007759259259259268 0.004062499999999946
0 0.13199999999999998 0.34843229166666667 0.011287037037037035 0.007713541666666668
0 0.16489814814814813 0.3740989583333333 0.00792592592592594 0.007614583333333247
0 0.16417592592592592 0.3682447916666666 0.011444444444444457 0.00670833333333336
0 0.14044444444444446 0.3288072916666666 0.016009259259259265 0.00390625
0 0.1919074074074074 0.3345260416666666 0.023527777777777776 0.005442708333333357
0 0.22683333333333333 0.3554166666666666 0.012083333333333317 0.009416666666666629
0 0.24263888888888888 0.342609375 0.030888888888888903 0.005848958333333343
0 0.28385185185185186 0.34260416666666665 0.010879629629629604 0.010359375000000082
0 0.31246296296296294 0.3428541666666666 0.023287037037037016 0.006796874999999947
0 0.3202222222222222 0.32819791666666664 0.015768518518518466 0.00944270833333336
0 0.3529537037037037 0.35646875 0.01592592592592597 0.006567708333333311
0 0.3545185185185185 0.3870208333333333 0.012000000000000021 0.009598958333333397
0 0.19018518518518518 0.31725 0.014962962962963013 0.006906250000000025
0 0.2576018518518518 0.29421875 0.028166666666666628 0.005401041666666639
0 0.20559259259259255 0.298875 0.036175925925925945 0.004635416666666714
0 0.19518518518518518 0.30887499999999996 0.024972222222222246 0.008161458333333371
0 0.1608888888888889 0.3106510416666667 0.028731481481481445 0.004041666666666633
0 0.16333333333333333 0.3178802083333333 0.01824999999999998 0.0026406249999999963
0 0.16033333333333333 0.31995312499999995 0.021842592592592584 0.005703125000000054
0 0.14652777777777778 0.31835416666666666 0.012166666666666654 0.008661458333333361
0 0.1765 0.28989583333333335 0.018324074074074107 0.005046875000000029
0 0.20335185185185184 0.2791979166666666 0.008638888888888847 0.0052760416666667535
0 0.23343518518518516 0.27780208333333334 0.022083333333333382 0.003567708333333286
0 0.21314814814814811 0.2741145833333333 0.010166666666666657 0.014265625000000082
0 0.2587685185185185 0.264453125 0.010638888888888923 0.01001041666666671
0 0.28913888888888883 0.26008333333333333 0.009925925925925977 0.012447916666666625
0 0.3268240740740741 0.2880468749999999 0.009759259259259226 0.007838541666666643
0 0.3528333333333333 0.3031770833333333 0.01696296296296297 0.01179166666666669
0 0.27009259259259255 0.2533333333333333 0.012805555555555594 0.008260416666666704
0 0.2840185185185185 0.25088020833333335 0.01376851851851855 0.01100520833333336
0 0.30594444444444446 0.24930208333333334 0.011527777777777793 0.012859375000000029
0 0.32306481481481486 0.24790625 0.028490740740740723 0.009348958333333357
0 0.3531574074074074 0.24865104166666666 0.006722222222222188 0.0060989583333333815
0 0.3764444444444444 0.24569791666666668 0.009759259259259226 0.009260416666666682
0 0.3529537037037037 0.22984895833333333 0.009685185185185219 0.009463541666666676
0 0.34255555555555556 0.23304687499999996 0.011287037037037114 0.011359374999999972
0 0.3202222222222222 0.2385208333333333 0.015768518518518466 0.00834374999999996
0 0.38588888888888884 0.3741979166666667 0.03488888888888889 0.006906250000000025
0 0.5683055555555555 0.38594791666666667 0.02664814814814807 0.006505208333333368
0 0.5997962962962963 0.3715833333333333 0.01840740740740756 0.012729166666666725
0 0.5472222222222223 0.613046875 0.015685185185185288 0.013307291666666821
0 0.6428518518518518 0.6417760416666667 0.026092592592592705 0.0077395833333333995
0 0.32887037037037037 0.6737499999999998 0.008722222222222185 0.010463541666666742
0 0.8979537037037036 0.5141979166666666 0.011518518518518464 0.008052083333333293
0 0.9262685185185184 0.5103072916666667 0.021601851851851785 0.005979166666666735
0 0.5721296296296295 0.51828125 0.023907407407407297 0.006557291666666565