0 0.40499999999999997 0.138015873015873 0.023461199294532598 0.010124007936507917
0 0.4549338624338624 0.15170882936507937 0.02159171075837744 0.012859623015872979
0 0.477389770723104 0.15128968253968253 0.021415343915343974 0.016721230158730192
0 0.4257627865961199 0.158062996031746 0.02386243386243384 0.007033730158730123
0 0.39514550264550263 0.15289186507936509 0.025141093474426807 0.012003968253968277
0 0.4105379188712522 0.16782986111111112 0.01225749559082898 0.011659226190476168
0 0.4622089947089947 0.17234623015873013 0.021353615520282036 0.00643353174603174
0 0.44603174603174606 0.1808531746031746 0.016432980599647352 0.005074404761904771
0 0.417799823633157 0.18111359126984125 0.029647266313932934 0.0057266865079364845
0 0.5085582010582012 0.17383680555555553 0.010974426807760078 0.009709821428571441
0 0.5193430335097001 0.15977430555555555 0.02490299823633156 0.007636408730158717
0 0.5251410934744268 0.1712549603174603 0.012407407407407334 0.005930059523809561
0 0.5232936507936508 0.1782862103174603 0.01133597883597888 0.0062351190476190865
0 0.5489153439153439 0.16224206349206347 0.020044091710758334 0.00991319444444443
0 0.5541798941798942 0.1817311507936508 0.020551146384479718 0.00784722222222225
0 0.5881040564373897 0.16846974206349205 0.010855379188712454 0.006686507936507935
0 0.5149999999999999 0.14523561507936508 0.014497354497354484 0.0073561507936508175
0 0.5306305114638448 0.14614335317460317 0.011988536155202843 0.00385416666666667
0 0.5317328042328042 0.14108382936507938 0.017178130511463822 0.007661210317460343
0 0.5198941798941799 0.13178571428571428 0.021534391534391597 0.007187499999999991
0 0.5210273368606703 0.11912698412698412 0.030661375661375702 0.006192956349206335
0 0.5528968253968254 0.10803323412698411 0.012976190476190336 0.010515873015873024
0 0.5718342151675485 0.10866815476190475 0.01416666666666673 0.006334325396825369
0 0.5958465608465608 0.13160218253968253 0.01565696649029999 0.006269841269841247
0 0.6197354497354497 0.10979166666666666 0.01589506172839508 0.011803075396825412
0 0.6327116402116402 0.1349826388888889 0.01917989417989424 0.007390873015873023
0 0.6844708994708995 0.14901537698412698 0.029290123456790065 0.007006448412698418
0 0.6834126984126984 0.15698660714285714 0.016194885361552103 0.007504960317460308
0 0.6720194003527337 0.16229414682539683 0.03379188712522042 0.011999007936507943
0 0.6953880070546737 0.17240575396825394 0.00865079365079361 0.011349206349206354
0 0.7143298059964726 0.13455853174603175 0.013721340388006967 0.014114583333333375
0 0.7196384479717813 0.12289930555555555 0.015987654320987747 0.012562003968253998
0 0.7501940035273369 0.13543898809523808 0.026992945326278713 0.015203373015873023
0 0.7744400352733686 0.1142063492063492 0.024126984126983882 0.011197916666666651
0 0.7293474426807761 0.09793154761904763 0.01828483245149894 0.015726686507936505
0 0.8103086419753086 0.11481150793650793 0.01592592592592597 0.010815972222222215
0 0.827336860670194 0.11476438492063493 0.011093474426807701 0.011924603174603199
0 0.8451895943562611 0.1019047619047619 0.022222222222222223 0.007485119047619027
0 0.8707936507936508 0.12115575396825395 0.012764550264550204 0.012227182539682514
0 0.8852292768959436 0.11975446428571428 0.014911816578483202 0.011842757936507953
0 0.9122530864197529 0.10163194444444443 0.009783950617283684 0.011180555555555572
0 0.9158906525573192 0.12137896825396824 0.01801587301587296 0.007341269841269859
0 0.9142195767195767 0.12924603174603172 0.018968253968254266 0.0054414682539682515
0 0.9273456790123455 0.12905257936507936 0.013002645502645451 0.008680555555555535
0 0.9312081128747796 0.11428571428571428 0.008558201058200944 0.012718253968253945
0 0.9445238095238094 0.11768601190476188 0.013240740740740699 0.010694444444444428
0 0.9473104056437389 0.1197891865079365 0.021684303350970265 0.014459325396825396
0 0.9662962962962962 0.11885912698412697 0.015030864197530984 0.008435019841269842
0 0.9744708994708995 0.1000719246031746 0.010617283950617206 0.004156746031746028
0 0.9575881834215167 0.09721230158730158 0.015749559082892498 0.005984623015873025
0 0.9375 0.10066964285714283 0.02013227513227491 0.0075297619047619
0 0.8806657848324515 0.14321676587301588 0.011640211640211836 0.011478174603174596
0 0.8122486772486772 0.14035218253968254 0.02689153439153434 0.009503968253968242
0 0.8246781305114638 0.15004712301587303 0.011071428571428517 0.009813988095238058
0 0.7890299823633157 0.1610143849206349 0.022486772486772427 0.012668650793650782
0 0.8994797178130511 0.1605704365079365 0.0219223985890652 0.013559027777777777
0 0.954453262786596 0.16963045634920634 0.014801587301587284 0.012601686507936494
0 0.9157539682539682 0.18249751984126986 0.011975308641975364 0.013561507936507945
0 0.8837742504409172 0.1759325396825397 0.012654320987654287 0.014933035714285703
0 0.8793386243386242 0.1781125992063492 0.026494708994709033 0.00817956349206348
0 0.8467989417989418 0.1829439484126984 0.01146825396825414 0.008945932539682521
0 0.7394532627865961 0.194625496031746 0.02468694885361534 0.015463789682539674
0 0.7090035273368607 0.20645833333333333 0.021410934744268043 0.017123015873015856
0 0.8529541446208112 0.23339533730158726 0.017795414462081126 0.013554067460317487
0 0.801626984126984 0.26421874999999995 0.034576719576719483 0.007827380952380914
0 0.73423721340388 0.29968998015873016 0.02265432098765435 0.01683283730158731
0 0.9891887125220458 0.25333085317460313 0.015101410934744309 0.018343253968253936
0 0.6976851851851851 0.31392857142857145 0.028544973544973432 0.017291666666666573
0 0.6299338624338624 0.3239236111111111 0.023813932980599695 0.008298611111111142
0 0.7196340388007055 0.25872271825396825 0.015352733686067191 0.005319940476190421
0 0.9327645502645503 0.3399082341269841 0.021741622574955953 0.0248635912698413
0 0.8540608465608466 0.35265128968253967 0.02198853615520275 0.006475694444444446
0 0.6858201058201058 0.34966517857142854 0.03734126984126994 0.015438988095238049
0 0.7097574955908289 0.36783730158730155 0.02016313932980596 0.01542906746031747
0 0.9218121693121692 0.39131200396825394 0.023399470899470823 0.01191468253968253
0 0.9082451499118166 0.3980109126984127 0.02165784832451499 0.010843253968253919
0 0.9522663139329804 0.4087227182539682 0.017257495590829168 0.013940972222222214
0 0.8108289241622575 0.4220808531746031 0.037089947089947055 0.018375496031746152
0 0.6324647266313933 0.42162202380952374 0.029541446208112946 0.009526289682539612
0 0.6185670194003527 0.45042658730158724 0.028293650793650867 0.006612103174603057
0 0.8640564373897707 0.47981894841269845 0.02605379188712536 0.008975694444444394
0 0.732495590828924 0.5041617063492063 0.021159611992945315 0.01404017857142854
0 0.8787037037037037 0.5090848214285714 0.0374250440917109 0.011123511904761862
0 0.9433024691358024 0.5429241071428572 0.03451940035273379 0.015949900793650863
0 0.7537786596119929 0.5506249999999999 0.009294532627865868 0.012524801587301581
0 0.6403042328042328 0.5359399801587301 0.04123897707231047 0.007817460317460423
0 0.6270282186948853 0.5529737103174603 0.038417107583774326 0.012495039682539755
0 0.6518386243386243 0.5903546626984126 0.013192239858906558 0.0133482142857142
0 0.6554100529100529 0.6015848214285715 0.030952380952380863 0.006289682539682495
0 0.7769312169312169 0.5994122023809523 0.01775573192239853 0.015768849206349245
0 0.7992107583774251 0.5876240079365079 0.010537918871252334 0.010875496031746045
0 0.7649382716049383 0.6136284722222223 0.037588183421516735 0.006470734126984112
0 0.820163139329806 0.6281026785714287 0.022570546737213388 0.01486607142857128
0 0.9484082892416223 0.5895163690476191 0.03078483245149894 0.01298363095238102
0 0.9883289241622576 0.6459250992063492 0.02333774250440936 0.010493551587301652
0 0.9676984126984125 0.659766865079365 0.020246913580246922 0.018750000000000176
0 0.9639241622574954 0.6822941468253968 0.028461199294532787 0.009632936507936484
0 0.7320811287477953 0.6609151785714286 0.01701058201058206 0.012951388888888892
0 0.697147266313933 0.6514831349206349 0.024312169312169216 0.009025297619047735
0 0.6893871252204585 0.6647420634920633 0.017923280423280452 0.011274801587301653
0 0.6824162257495591 0.6748710317460317 0.013941798941798962 0.012343750000000143
0 0.6450352733686067 0.6392013888888889 0.02348324514991194 0.012738095238095149
0 0.5576587301587301 0.570047123015873 0.014854497354497356 0.009050099206349138
0 0.512310405643739 0.5557638888888888 0.02837742504409183 0.00848958333333325
0 0.46248236331569664 0.5826116071428571 0.014356261022927677 0.020178571428571424
0 0.4607804232804232 0.6366344246031745 0.026887125220458566 0.00853670634920629
0 0.4971252204585538 0.6683804563492063 0.027217813051146324 0.019724702380952232
0 0.5677821869488535 0.6982490079365079 0.03775573192239866 0.012261904761904674
0 0.5988977072310405 0.6909424603174603 0.023650793650793547 0.01520833333333318
0 0.6386067019400352 0.7017509920634921 0.03468694885361556 0.01366071428571427
0 0.517579365079365 0.7166840277777777 0.02281746031746034 0.012001488095238244
0 0.5022707231040565 0.7232390873015873 0.016926807760141098 0.01642857142857146
0 0.519863315696649 0.7333010912698412 0.014938271604938318 0.018244047619047698
0 0.5313139329805996 0.748452380952381 0.015268959435626072 0.018281250000000072
0 0.5582804232804233 0.7485962301587301 0.03932980599647256 0.009079861111110966
0 0.6086067019400352 0.7471478174603174 0.03725749559082898 0.012720734126984112
0 0.662336860670194 0.7491716269841269 0.027879188712521992 0.014506448412698348
0 0.696358024691358 0.7628993055555556 0.019581128747795322 0.013191964285714165
0 0.6766093474426808 0.7728893849206349 0.029206349206349104 0.017480158730158558
0 0.6124250440917107 0.7674503968253968 0.007552910052910041 0.012956349206349138
0 0.6086067019400352 0.7780257936507936 0.020000000000000125 0.014677579365079473
0 0.5817239858906524 0.784000496031746 0.014025573192239765 0.017661210317460353
0 0.5612698412698413 0.7808258928571428 0.014272486772486716 0.02027777777777775
0 0.5453350970017635 0.7787499999999999 0.020246913580246922 0.00902777777777768
0 0.5211463844797178 0.7627802579365079 0.015683421516754947 0.014826388888888787
0 0.4926455026455026 0.7826860119047618 0.036014109347442674 0.018893849206349244
0 0.44074074074074077 0.7400148809523809 0.032111992945326365 0.009655257936507945
0 0.43895943562610223 0.6783035714285715 0.019916225749559164 0.020416666666666573
0 0.41618165784832445 0.7350620039682539 0.011701940035273297 0.0207514880952381
0 0.39215608465608465 0.7461483134920635 0.020577601410934836 0.013521825396825449
0 0.3792151675485008 0.729642857142857 0.01327601410934736 0.015518353174603127
0 0.37597883597883597 0.7639186507936507 0.01809082892416222 0.015815972222222287
0 0.4219885361552028 0.7809375 0.019832451499118203 0.015853174603174657
0 0.43812610229276894 0.7759895833333333 0.018253968253968366 0.010813492063492091
0 0.45314814814814813 0.7650198412698412 0.02970458553791878 0.007388392857142811
0 0.47451499118165785 0.7992633928571429 0.019334215167548525 0.017008928571428505
0 0.46559523809523806 0.8116319444444444 0.02472663139329809 0.010942460317460245
0 0.4221957671957672 0.8160441468253967 0.016926807760141098 0.017522321428571176
0 0.3732407407407407 0.7958333333333333 0.01460317460317463 0.023273809523809596
0 0.35880070546737214 0.7970014880952381 0.022239858906525634 0.024675099206349138
0 0.47480599647266303 0.8235838293650793 0.025224867724867768 0.015042162698412654
0 0.5031834215167549 0.8212301587301587 0.030868606701940058 0.012455357142857082
0 0.5500264550264551 0.8062375992063492 0.030952380952380863 0.020329861111111215
0 0.5787786596119929 0.8184523809523808 0.03402116402116396 0.01016617063492049
0 0.5280379188712522 0.835109126984127 0.03343915343915348 0.00893849206349202
0 0.5347971781305115 0.8431597222222221 0.03236331569664909 0.01090029761904745
0 0.5287389770723104 0.8504662698412698 0.04281746031746031 0.017291666666666573
0 0.6229232804232804 0.8325372023809523 0.03866843033509689 0.015808531746031564
0 0.6398104056437389 0.792609126984127 0.026468253968254078 0.013045634920634975
0 0.6198941798941799 0.790344742063492 0.026635802469135682 0.00963789682539673
0 0.6934126984126985 0.7948735119047619 0.012195767195767203 0.010850694444444465
0 0.7377645502645502 0.7895510912698411 0.027217813051146324 0.014027777777777927
0 0.7155687830687831 0.7331299603174604 0.019334215167548525 0.013621031746031775
0 0.7400044091710757 0.744796626984127 0.014440035273368481 0.02092013888888893
0 0.7610008818342152 0.7646155753968253 0.017257495590828852 0.0209573412698413
0 0.7772619047619047 0.8209672619047618 0.018589065255731736 0.01561011904761891
0 0.8227777777777777 0.864141865079365 0.035599647266313796 0.013745039682539683
0 0.8721472663139329 0.8573958333333334 0.041406525573192236 0.009967757936507837
0 0.8387918871252205 0.8418229166666666 0.011366843033509768 0.01170386904761891
0 0.8229850088183421 0.8479637896825396 0.02273809523809531 0.013893849206349174
0 0.9341358024691356 0.8418328373015873 0.013690476190476236 0.014454365079365062
0 0.9896384479717812 0.8568948412698413 0.020723104056437416 0.010416666666666786
0 0.9838403880070545 0.8315327380952381 0.01767636684303366 0.018747519841269877
0 0.9652513227513226 0.815032242063492 0.030286596119929263 0.011262400793650684
0 0.993337742504409 0.8012152777777777 0.012614638447971692 0.019099702380952356
0 0.886626984126984 0.8335912698412697 0.014938271604938476 0.005905257936507979
0 0.869537037037037 0.8269618055555554 0.020577601410934676 0.009449404761904746
0 0.8714021164021163 0.8205431547619046 0.023483245149911784 0.009211309523809774
0 0.8820634920634921 0.8081001984126985 0.0207451499118166 0.009064980158730052
0 0.858747795414462 0.8017038690476189 0.012279541446208162 0.02334821428571443
0 0.8374647266313932 0.785828373015873 0.020330687830687883 0.015868055555555392
0 0.8289153439153439 0.7950272817460318 0.03145061728395054 0.018395337301587312
0 0.7851455026455026 0.7757217261904762 0.03369047619047605 0.01665674603174594
0 0.8189594356261023 0.7649776785714285 0.028293650793650867 0.012296626984126924
0 0.792200176366843 0.7485664682539681 0.011283068783068808 0.010114087301587204
0 0.786225749559083 0.7432242063492063 0.016596119929453344 0.007673611111111001
0 0.81576278659612 0.7299057539682539 0.0238977072310405 0.010096726190476168
0 0.9142592592592592 0.7329166666666665 0.026887125220458566 0.006406250000000035
0 0.9495282186948855 0.7124255952380951 0.024395943562610177 0.020753968253968403
0 0.9371208112874778 0.744546130952381 0.03012345679012343 0.0065798611111111075
0 0.9466225749559083 0.7511979166666667 0.028544973544973432 0.004484126984126924
0 0.9943474426807758 0.7416046626984126 0.01130511463844799 0.009099702380952302
0 0.5547134038800705 0.4228100198412698 0.024065255731922423 0.006768353174603092
0 0.5741710758377425 0.4016170634920635 0.019166666666666603 0.012455357142857082
0 0.4705731922398589 0.4119345238095238 0.02638888888888889 0.011622023809523796
0 0.47032186948853616 0.46245039682539674 0.025224867724867768 0.006837797619047592
0 0.33307760141093473 0.7132862103174602 0.025176366843033468 0.010014880952381056
0 0.3239417989417989 0.7021056547619047 0.022971781305114625 0.00913442460317455
0 0.31144620811287477 0.7247395833333333 0.014642857142857145 0.015230654761904638
0 0.3030555555555555 0.7248735119047619 0.010952380952380894 0.012284226190476134
0 0.30004850088183416 0.7192509920634921 0.017438271604938254 0.005930059523809561
0 0.28719135802469137 0.7275843253968254 0.01077160493827165 0.014223710317460458
0 0.27582451499118166 0.7148759920634921 0.010652557319224027 0.015873015873015817
0 0.3135273368606702 0.68703125 0.010952380952380894 0.012976190476190474
0 0.332663139329806 0.6719494047619048 0.01970017636684302 0.013437500000000036
0 0.25722663139329804 0.706845238095238 0.03368606701940043 0.014930555555555535
0 0.22550264550264548 0.6900074404761904 0.012619047619047623 0.017413194444444537
0 0.2592813051146384 0.6937251984126983 0.023033509700176404 0.009446924603174622
0 0.2670767195767196 0.684312996031746 0.018152557319223994 0.010044642857142882
0 0.2649647266313933 0.6720758928571428 0.01583333333333338 0.0133506944444445
0 0.19848324514991184 0.6965550595238096 0.011904761904761882 0.014771825396825556
0 0.19556878306878306 0.6834449404761904 0.01416666666666665 0.012321428571428683
0 0.23032627865961197 0.6680580357142858 0.0125 0.012423115079365133
0 0.19366402116402115 0.6607762896825397 0.029876543209876556 0.013933531746031846
0 0.2310978835978836 0.6485416666666667 0.019995590828924117 0.013628472222222143
0 0.3360846560846561 0.6402876984126984 0.017614638447971804 0.01775297619047613
0 0.31570105820105815 0.6486235119047619 0.012557319223985924 0.020493551587301616
0 0.25276455026455025 0.6397867063492063 0.019995590828924117 0.008710317460317363
0 0.24169312169312165 0.6335218253968253 0.015000000000000015 0.01253224206349195
0 0.2867768959435626 0.6220882936507937 0.032314814814814796 0.008955853174603057
0 0.35536596119929453 0.6025148809523809 0.031424162257495586 0.010272817460317541
0 0.24508377425044092 0.611532738095238 0.024043209876543237 0.011111111111111072
0 0.1678042328042328 0.6155505952380953 0.024343033509700185 0.013792162698412547
0 0.16387566137566137 0.6336805555555556 0.03350529100529103 0.011212797619047699
0 0.2634744268077601 0.5880853174603173 0.017019400352733607 0.015104166666666608
0 0.28650793650793643 0.5854241071428571 0.015000000000000015 0.020158730158730088
0 0.3166225749559083 0.5645436507936508 0.011904761904761882 0.016897321428571387
0 0.21330246913580245 0.581922123015873 0.02809082892416228 0.009474206349206326
0 0.20402116402116402 0.5730456349206349 0.022376543209876507 0.012968749999999928
0 0.1851543209876543 0.5853174603174602 0.014404761904761898 0.016879960317460353
0 0.16581128747795415 0.573095238095238 0.03404320987654324 0.007175099206349245
0 0.2555291005291005 0.5436235119047619 0.02362874779541444 0.011547619047619228
0 0.3064153439153439 0.5395039682539683 0.01862874779541449 0.01737103174603174
0 0.4033377425044092 0.5494965277777778 0.008690476190476203 0.012527281746031882
0 0.41696649029982363 0.5454985119047618 0.017376543209876635 0.01395833333333325
0 0.34197530864197534 0.5297891865079365 0.01594797178130515 0.011433531746031811
0 0.29317460317460314 0.5193080357142856 0.030233686067019348 0.00896081349206348
0 0.15679453262786594 0.5590228174603175 0.013628747795414458 0.012554563492063409
0 0.1666137566137566 0.5412301587301587 0.013033509700176341 0.014459325396825484
0 0.14742063492063492 0.5416641865079364 0.02999559082892414 0.010642361111111142
0 0.14473985890652555 0.5534523809523809 0.018686067019400336 0.012792658730158734
0 0.15170634920634918 0.5246205357142857 0.021900352733686054 0.016413690476190547
0 0.2113712522045855 0.5164335317460318 0.02160493827160492 0.008348214285714306
0 0.25918871252204584 0.5021924603174603 0.020233686067019443 0.0056994047619047805
0 0.28192680776014106 0.5031448412698413 0.006190476190476188 0.013501984126984112
0 0.24341710758377424 0.5052901785714285 0.02082892416225748 0.006535218253968367
0 0.22824074074074072 0.5088417658730159 0.03213844797178132 0.012621527777777785
0 0.2015784832451499 0.5015575396825397 0.014523809523809522 0.011111111111111072
0 0.20809523809523808 0.49223214285714284 0.0162477954144621 0.011540178571428684
0 0.2308333333333333 0.4861706349206349 0.021247795414462128 0.012140376984126889
0 0.2506481481481482 0.4784350198412698 0.026009700176366835 0.008050595238095325
0 0.1669400352733686 0.4788368055555556 0.04047178130511462 0.008854166666666607
0 0.3529585537918871 0.4622693452380952 0.011843033509700104 0.0155555555555555
0 0.3709611992945326 0.46938492063492065 0.019281305114638454 0.014722222222222215
0 0.38792328042328034 0.4671577380952381 0.017495590828924257 0.014620535714285588
0 0.3752160493827161 0.43673859126984127 0.020771604938271557 0.02344990079365079
0 0.329537037037037 0.4437896825396825 0.03594797178130512 0.012361111111111179
0 0.22931216931216933 0.4415674603174603 0.03368606701940035 0.00762896825396826
0 0.18881393298059962 0.4379340277777778 0.024700176366843036 0.006051587301587347
0 0.1610185185185185 0.43414930555555553 0.015533509700176355 0.004508928571428506
0 0.1397442680776014 0.4432217261904762 0.015238095238095262 0.011490575396825343
0 0.14492063492063492 0.43555555555555553 0.017257495590828932 0.007323908730158734
0 0.15492063492063493 0.42924355158730154 0.027019400352733668 0.008425099206349174
0 0.18271164021164019 0.4192609126984127 0.04642416225749558 0.0155580357142858
0 0.2349074074074074 0.4008928571428571 0.02761463844797179 0.011984126984127031
0 0.20744268077601413 0.39166666666666666 0.01970017636684302 0.013283730158730123
0 0.19529982363315695 0.3829265873015873 0.028390652557319228 0.012542162698412707
0 0.1731305114638448 0.40007192460317453 0.027852733686067013 0.010677083333333393
0 0.14384920634920634 0.4071552579365079 0.031186067019400375 0.009107142857142847
0 0.11995149911816579 0.41135912698412697 0.020890652557319218 0.01383184523809522
0 0.12295855379188712 0.39722470238095237 0.02868606701940036 0.006991567460317505
0 0.12986331569664902 0.38676091269841273 0.011547619047619051 0.009164186507936467
0 0.14545414462081127 0.38675843253968256 0.016781305114638437 0.013608630952380896
0 0.15798500881834215 0.3800124007936508 0.02327160493827161 0.004670138888888875
0 0.1675352733686067 0.3861210317460317 0.014285714285714275 0.011532738095238138
0 0.20872134038800705 0.37099702380952376 0.022852733686067002 0.017810019841269842
0 0.19339506172839505 0.3581200396825397 0.010652557319223948 0.01247767857142854
0 0.16238977072310407 0.3545709325396825 0.023628747795414483 0.009394841269841336
0 0.1706922398589065 0.35020089285714284 0.02178130511463843 0.013043154761904763
0 0.17964726631393296 0.34765376984126983 0.013271604938271607 0.006783234126984094
0 0.20375220458553792 0.3488095238095238 0.01470017636684307 0.007247023809523778
0 0.2136596119929453 0.3432688492063492 0.02201940035273364 0.010560515873015852
0 0.1882495590828924 0.3414930555555556 0.022376543209876528 0.0076785714285714235
0 0.14042768959435625 0.34121031746031744 0.01660493827160493 0.011463293650793637
0 0.3017460317460317 0.3794866071428571 0.014880952380952392 0.015034722222222196
0 0.3514109347442681 0.3667609126984127 0.035052910052910016 0.011009424603174533
0 0.3890828924162258 0.3854637896825397 0.013985890652557328 0.013263888888888875
0 0.3595326278659612 0.34405505952380955 0.025471781305114603 0.00978918650793643
0 0.2990079365079365 0.3435813492063492 0.024876543209876603 0.014196428571428488
0 0.2806172839506173 0.3240749007936508 0.01785273368606705 0.017031250000000053
0 0.317336860670194 0.31977182539682536 0.03297178130511461 0.012775297619047698
0 0.3542063492063492 0.30041170634920633 0.023985890652557393 0.01790922619047617
0 0.181494708994709 0.32690476190476186 0.02386684303350969 0.016999007936507927
0 0.15298500881834215 0.3220138888888889 0.027319223985890654 0.013916170634920632
0 0.2395502645502645 0.3054365079365079 0.03332892416225748 0.007539682539682601
0 0.2407980599647266 0.2967460317460317 0.02273368606701938 0.007232142857142865
0 0.23648589065255732 0.28627728174603173 0.02184303350970017 0.0147073412698413
0 0.21261904761904762 0.292375992063492 0.01100970017636682 0.009541170634920614
0 0.1652469135802469 0.2941344246031746 0.011485890652557312 0.011383928571428559
0 0.19235449735449733 0.2789310515873016 0.028209876543209906 0.009097222222222178
0 0.20595238095238094 0.2653893849206349 0.009581128747795415 0.01181299603174608
0 0.202173721340388 0.26570932539682535 0.02761463844797179 0.011443452380952391
0 0.18229717813051147 0.2578397817460317 0.014523809523809501 0.013782242063492055
0 0.20312610229276895 0.2431547619047619 0.015238095238095262 0.007512400793650809
0 0.2211596119929453 0.2569518849206349 0.01916225749559083 0.011001984126984166
0 0.22107142857142853 0.24797371031746032 0.024462081128747808 0.005612599206349244
0 0.2242857142857143 0.24231646825396824 0.020414462081128765 0.00784722222222225
0 0.2740079365079365 0.25447420634920637 0.032019400352733624 0.014082341269841248
0 0.29552469135802467 0.26840277777777777 0.018509700176366866 0.01114335317460311
0 0.26448853615520285 0.24382440476190476 0.017733686067019427 0.011530257936507925
0 0.27546737213403877 0.24147817460317458 0.020414462081128765 0.005213293650793638
0 0.32037037037037036 0.23985119047619047 0.03356701940035265 0.01616567460317464
0 0.3381393298059964 0.23740823412698414 0.022438271604938286 0.011009424603174622
0 0.3571516754850088 0.2308110119047619 0.0195194003527337 0.010143849206349208
0 0.36926366843033503 0.2468551587301587 0.02327160493827165 0.009221230158730175
0 0.43997354497354496 0.33492559523809523 0.04809964726631395 0.013010912698412725
0 0.46042768959435626 0.2886359126984127 0.04213844797178139 0.01581845238095241
0 0.46612874779541447 0.2456820436507936 0.0245634920634921 0.020374503968253955
0 0.48961199294532626 0.22662698412698412 0.01151234567901235 0.017435515873015905
0 0.5296428571428572 0.21705605158730154 0.03730599647266312 0.023281250000000052
0 0.549426807760141 0.2119990079365079 0.027544091710758303 0.010853174603174587
0 0.5698809523809524 0.23796378968253967 0.04624779541446205 0.006326884920634957
0 0.6180291005291005 0.24172123015873015 0.029082892416225706 0.016155753968253972
0 0.604616402116402 0.2527083333333333 0.010895061728395048 0.014992559523809578
0 0.5941358024691358 0.20233134920634915 0.030626102292769037 0.01259176587301587
0 0.6044135802469135 0.18637152777777777 0.022402998236331625 0.013045634920634885
0 0.4572398589065255 0.2131175595238095 0.016238977072310312 0.008149801587301563
0 0.44598765432098764 0.21236607142857142 0.01325837742504411 0.010116567460317416
0 0.43817460317460316 0.20131944444444444 0.009969135802469017 0.009992559523809508
0 0.42167989417989415 0.20490575396825395 0.015004409171075869 0.010225694444444433
0 0.38226631393298055 0.19559275793650793 0.01962962962962962 0.011867559523809513
0 0.3991710758377425 0.20987847222222222 0.02548941798941797 0.008611111111111125
0 0.381494708994709 0.21268353174603175 0.014801587301587284 0.01595734126984123
0 0.35837301587301584 0.21658730158730158 0.019938271604938308 0.010463789682539738
0 0.32122134038800704 0.2040079365079365 0.03093474426807761 0.007854662698412706
0 0.33170194003527337 0.2103670634920635 0.026208112874779567 0.007175099206349245
0 0.3682363315696649 0.1711359126984127 0.015004409171075869 0.018995535714285694
0 0.32584215167548497 0.16491815476190477 0.013461199294532615 0.019861111111111107
0 0.3285670194003527 0.16812748015873014 0.03843915343915343 0.008355654761904762
0 0.32913139329805996 0.17786706349206347 0.03339947089947089 0.012053571428571396
0 0.3028218694885361 0.17648313492063492 0.024973544973545043 0.015240575396825395
0 0.3070899470899471 0.19224206349206346 0.0304188712522046 0.009179067460317469
0 0.2874559082892416 0.1875 0.01788359788359786 0.015882936507936485
0 0.28016313932980597 0.1974751984126984 0.03412257495590833 0.012130456349206353
0 0.30518518518518517 0.21170138888888887 0.019422398589065262 0.010520833333333358
0 0.2896693121693122 0.2083457341269841 0.031552028218694836 0.008435019841269842