0 0.27455555555555555 0.20527604166666666 0.014749999999999928 0.004875000000000007
0 0.3532314814814815 0.187234375 0.01147222222222221 0.003557291666666673
0 0.39749074074074076 0.18578645833333332 0.010537037037037086 0.007505208333333302
0 0.4888888888888889 0.18559374999999997 0.010870370370370431 0.004567708333333309
0 0.5443888888888889 0.179421875 0.010268518518518495 0.00495312499999998
0 0.6873703703703703 0.19365625 0.012657407407407423 0.006395833333333334
0 0.7089259259259258 0.21609895833333334 0.012842592592592518 0.00546875
0 0.7465277777777778 0.224765625 0.013203703703703695 0.0058802083333333146
0 0.5020925925925925 0.23536458333333332 0.01097222222222219 0.004739583333333375
0 0.3237777777777778 0.24341666666666667 0.011296296296296365 0.006890625000000039
0 0.18194444444444444 0.24554166666666663 0.012712962962962987 0.005229166666666618
0 0.16703703703703704 0.26621354166666666 0.005481481481481509 0.003083333333333371
0 0.20600925925925925 0.26254687499999996 0.010814814814814848 0.007583333333333275
0 0.2273425925925926 0.27250520833333336 0.007851851851851895 0.006166666666666654
0 0.1831944444444444 0.281546875 0.011111111111111112 0.006083333333333396
0 0.1605925925925926 0.29101041666666666 0.012444444444444456 0.005833333333333357
0 0.21408333333333332 0.29046875 0.008888888888888936 0.0065833333333333854
0 0.3630648148148148 0.27539583333333334 0.013574074074074044 0.00501041666666664
0 0.23968518518518517 0.37057291666666664 0.006444444444444425 0.0033385416666667387
0 0.20679629629629628 0.37753125 0.004407407407407425 0.0031458333333333143
0 0.10127777777777776 0.39435937499999996 0.01136111111111112 0.008010416666666752
0 0.11594444444444443 0.40737499999999993 0.004064814814814789 0.0033385416666666503
0 0.41605555555555546 0.4135416666666666 0.003148148148148127 0.0036718750000000354
0 0.19521296296296298 0.4206875 0.009268518518518537 0.007531250000000078
0 0.1272222222222222 0.45161458333333326 0.009268518518518497 0.005651041666666678
0 0.1495 0.4625520833333333 0.008500000000000006 0.00724479166666665
0 0.8887407407407407 0.5040208333333334 0.009916666666666806 0.006354166666666749
0 0.9353518518518518 0.6455781249999999 0.009768518518518477 0.007583333333333364
0 0.7924907407407407 0.641234375 0.007037037037036953 0.007473958333333286
0 0.7957592592592592 0.7330989583333333 0.0036944444444445583 0.0026770833333332076
0 0.7747592592592591 0.7568020833333333 0.003435185185185219 0.0025260416666666786
0 0.7307685185185184 0.7739635416666666 0.004759259259259352 0.003567708333333286
0 0.6873055555555555 0.7709166666666667 0.009777777777777727 0.00728124999999995
0 0.6600925925925926 0.7761197916666667 0.004490740740740604 0.0025260416666666786
0 0.6449074074074074 0.7730729166666667 0.004231481481481423 0.002973958333333293
0 0.6331481481481481 0.7533072916666665 0.004490740740740604 0.0026770833333332076
0 0.6335462962962962 0.7625208333333333 0.004759259259259352 0.003270833333333378
0 0.5814999999999999 0.7930625 0.005814814814814737 0.003416666666666579
0 0.5658333333333333 0.7144999999999999 0.010546296296296337 0.003958333333333286
0 0.49074999999999996 0.7444218749999999 0.012657407407407423 0.005833333333333179
0 0.4755462962962963 0.7603437499999999 0.013185185185185194 0.005635416666666693
0 0.45754629629629623 0.7822604166666667 0.007685185185185143 0.006687500000000135
0 0.4387037037037037 0.7831458333333334 0.011601851851851879 0.0055364583333334496
0 0.34156481481481477 0.7801041666666666 0.013805555555555552 0.005083333333333506
0 0.32073148148148145 0.7777083333333333 0.008287037037037079 0.007624999999999993
0 0.3218611111111111 0.7519322916666666 0.005018518518518454 0.004093750000000007
0 0.21452777777777776 0.6671979166666666 0.012805555555555515 0.006635416666666494
0 0.23825925925925923 0.6689635416666666 0.011046296296296276 0.008192708333333344
0 0.29675 0.626671875 0.004018518518518574 0.0032499999999998862
0 0.1900925925925926 0.7366927083333333 0.003537037037037057 0.002828124999999915
0 0.4194907407407407 0.6226666666666667 0.015212962962962864 0.0055885416666667355
0 0.13194444444444445 0.686421875 0.011555555555555586 0.004401041666666572
0 0.13847222222222222 0.6683385416666667 0.00447222222222222 0.002828124999999915
0 0.11554629629629629 0.6636770833333333 0.00522222222222221 0.003354166666666636
0 0.10529629629629629 0.659484375 0.00484259259259257 0.0031458333333333143
0 0.11273148148148147 0.6248229166666667 0.00993518518518519 0.009171875000000006
0 0.12381481481481481 0.6194479166666665 0.009685185185185179 0.008739583333333379
0 0.12662037037037036 0.605546875 0.01274074074074072 0.009890624999999886
0 0.09108333333333334 0.6082708333333333 0.011972222222222228 0.007880208333333449
0 0.09400925925925926 0.617296875 0.00458333333333331 0.0038697916666665224
0 0.3342222222222222 0.5486041666666666 0.004657407407407356 0.0028385416666665718
0 0.26687037037037037 0.575078125 0.009703703703703721 0.007098958333333449
0 0.07905555555555555 0.5838177083333334 0.017064814814814828 0.007036458333333506
0 0.16724074074074075 0.5246770833333333 0.007546296296296262 0.006369791666666735
0 0.1579537037037037 0.5253333333333333 0.005805555555555526 0.00408333333333335
0 0.18481481481481482 0.505 0.007842592592592644 0.006531249999999922
0 0.14619444444444443 0.5187968749999999 0.013064814814814814 0.007348958333333222
0 0.10815740740740741 0.52590625 0.00841666666666667 0.004244791666666714
0 0.09248148148148147 0.5062239583333333 0.006675925925925933 0.004411458333333407
0 0.07244444444444444 0.5000989583333333 0.005518518518518533 0.004244791666666714
0 0.12329629629629629 0.48205729166666667 0.00752777777777776 0.006020833333333364
0 0.1809814814814815 0.4915572916666666 0.009527777777777796 0.0065833333333333854
0 0.8684351851851851 0.639046875 0.009972222222222311 0.005463541666666493
0 0.9256666666666666 0.5976614583333333 0.009453703703703633 0.0049479166666666075