0 0.2648090277777778 0.15272376543209878 0.019012586805555554 0.027361111111111096
0 0.31335069444444447 0.09983024691358025 0.010657552083333322 0.0265625
0 0.32458550347222226 0.10513888888888889 0.011234809027777803 0.017874228395061722
0 0.37236762152777775 0.07440972222222222 0.024557291666666627 0.01796682098765431
0 0.30168185763888894 0.14753086419753086 0.013828124999999946 0.017592592592592618
0 0.29120442708333333 0.17250385802469137 0.01245876736111109 0.016296296296296316
0 0.29037543402777777 0.164633487654321 0.009073350694444393 0.023016975308641975
0 0.31140625 0.16987654320987658 0.01022569444444441 0.025389660493827196
0 0.3328298611111111 0.16148919753086421 0.015627170138888945 0.012716049382716064
0 0.23125 0.2063773148148148 0.01930121527777775 0.01640432098765435
0 0.22779296875000005 0.23013503086419754 0.011809895833333339 0.01882330246913576
0 0.2554470486111111 0.2319328703703704 0.014114583333333286 0.020621141975308652
0 0.2795008680555556 0.2030478395061728 0.012098524305555535 0.02819058641975308
0 0.29174479166666667 0.1965817901234568 0.010657552083333322 0.024479166666666666
0 0.29397786458333336 0.2265470679012346 0.013396267361111125 0.020875771604938205
0 0.27438802083333336 0.2364814814814815 0.015123697916666679 0.025875771604938237
0 0.3412934027777778 0.20663580246913582 0.015266927083333303 0.021014660493827206
0 0.3448936631944445 0.14715277777777777 0.013828124999999946 0.020057870370370365
0 0.36642578125 0.13363425925925926 0.021174045138888965 0.018495370370370405
0 0.4006358506944445 0.09054398148148148 0.008930121527777812 0.019513888888888904
0 0.42216796875 0.08317515432098767 0.01627604166666661 0.022114197530864202
0 0.431171875 0.1555979938271605 0.014114583333333286 0.014259259259259277
0 0.40484809027777774 0.19324845679012345 0.018509114583333285 0.026018518518518538
0 0.3899045138888889 0.2544753086419753 0.014548611111111142 0.024733796296296223
0 0.4084483506944445 0.26957947530864196 0.014188368055555501 0.021875
0 0.3816232638888889 0.27912037037037035 0.015266927083333303 0.02967978395061732
0 0.33682725694444443 0.2674112654320988 0.018437500000000016 0.022434413580246983
0 0.30776909722222223 0.2686882716049383 0.023550347222222177 0.01987654320987657
0 0.29037543402777777 0.3005748456790124 0.01771701388888882 0.011099537037037048
0 0.32343315972222225 0.3044791666666667 0.01353949652777775 0.009687499999999953
0 0.2540060763888889 0.31210648148148146 0.011809895833333339 0.022206790123456777
0 0.27006727430555555 0.3363734567901235 0.010802951388888893 0.01569058641975308
0 0.2770876736111111 0.37486111111111114 0.009001736111111125 0.02480324074074076
0 0.2634765625 0.3782523148148148 0.0088585069444445 0.020069444444444508
0 0.2356423611111111 0.2947530864197531 0.013971354166666661 0.01694444444444451
0 0.22692925347222226 0.264008487654321 0.018148871527777822 0.024054783950617224
0 0.20723090277777775 0.2793132716049383 0.009722222222222233 0.012646604938271603
0 0.1831423611111111 0.3018557098765432 0.014691840277777767 0.01878086419753089
0 0.18270833333333333 0.32311342592592596 0.00979383680555559 0.02235725308641976
0 0.17349175347222223 0.3349035493827161 0.009218750000000008 0.0268287037037037
0 0.2036306423611111 0.3380979938271605 0.017645399305555552 0.010308641975308635
0 0.19819227430555558 0.3701157407407408 0.014835069444444415 0.012851080246913523
0 0.18177300347222222 0.3699266975308642 0.007345920138888884 0.016219135802469174
0 0.17565104166666667 0.37978780864197537 0.016419270833333367 0.012897376543209936
0 0.16520833333333335 0.354945987654321 0.011378038194444473 0.02466435185185184
0 0.18382595486111114 0.3550038580246913 0.012604166666666661 0.007226080246913548
0 0.19491536458333333 0.3489853395061729 0.016347656249999964 0.006458333333333302
0 0.25638454861111115 0.403070987654321 0.010802951388888893 0.027600308641975366
0 0.19408854166666667 0.3921875 0.010082465277777786 0.016080246913580253
0 0.18256510416666666 0.42068287037037044 0.012962239583333358 0.021824845679012442
0 0.18976779513888892 0.4129976851851852 0.010082465277777786 0.021828703703703746
0 0.20028211805555557 0.4064043209876544 0.009218749999999987 0.020937500000000064
0 0.20604383680555557 0.42593364197530864 0.014980468749999986 0.013881172839506127
0 0.2155490451388889 0.43900462962962966 0.016132812499999982 0.022496141975308602
0 0.19099175347222225 0.4551967592592593 0.014835069444444437 0.012966820987654318
0 0.17684027777777778 0.46702546296296293 0.007849392361111106 0.017476851851851903
0 0.1747873263888889 0.48066743827160496 0.01123480902777776 0.01708719135802473
0 0.22206597222222224 0.48924768518518524 0.008138020833333304 0.02312114197530851
0 0.19016276041666666 0.5271952160493828 0.010010850694444472 0.01707947530864197
0 0.1524609375 0.5149691358024692 0.01123480902777776 0.03231095679012349
0 0.14353081597222223 0.5163117283950618 0.01123480902777776 0.033722993827160506
0 0.15130859375 0.5825231481481482 0.009507378472222206 0.025308641975308573
0 0.14151475694444446 0.5866203703703704 0.010082465277777786 0.028383487654321016
0 0.17590277777777777 0.5697106481481482 0.012604166666666661 0.015682870370370475
0 0.1930447048611111 0.5598495370370371 0.010010850694444472 0.012357253086419778
0 0.22545138888888894 0.5848842592592592 0.011595052083333357 0.022461419753086413
0 0.2775217013888889 0.5303163580246913 0.01922960069444448 0.026608796296296255
0 0.34518229166666664 0.3965509259259259 0.008930121527777769 0.016315586419753142
0 0.3125217013888889 0.442854938271605 0.008713107638888929 0.021234567901234572
0 0.3526714409722222 0.35608024691358026 0.016996527777777805 0.020435956790123437
0 0.42105251736111116 0.3430902777777778 0.01490668402777775 0.02911651234567903
0 0.4212326388888889 0.3670949074074074 0.00950737847222225 0.013769290123456793
0 0.4011024305555556 0.39937500000000004 0.01303602430555557 0.030304783950617302
0 0.39300130208333334 0.5010609567901235 0.011234809027777803 0.02370370370370378
0 0.47409288194444443 0.45546296296296296 0.019012586805555464 0.02652777777777781
0 0.4612738715277779 0.6355285493827161 0.010082465277777786 0.024884259259259207
0 0.29217664930555554 0.5995447530864197 0.01757161458333325 0.018383487654320952
0 0.2500455729166667 0.6155478395061729 0.010514322916666607 0.0187461419753087
0 0.24997395833333336 0.6282291666666666 0.012098524305555535 0.01643518518518508
0 0.1713302951388889 0.6262075617283951 0.009218750000000008 0.03200231481481476
0 0.17608289930555557 0.6705825617283951 0.01872395833333331 0.021346450617283904
0 0.16117621527777778 0.6885841049382716 0.010514322916666697 0.02873842592592584
0 0.20305338541666668 0.6741705246913581 0.011451822916666642 0.019293981481481617
0 0.21216362847222223 0.6641820987654321 0.01137803819444443 0.013665123456790221
0 0.22159939236111112 0.6803163580246915 0.011234809027777803 0.03261188271604946
0 0.25472656250000003 0.6511149691358025 0.011809895833333339 0.024432870370370414
0 0.2596245659722222 0.6696219135802469 0.010082465277777786 0.03479552469135806
0 0.270859375 0.6579050925925926 0.010657552083333322 0.028780864197530794
0 0.23268880208333337 0.7218132716049384 0.009218749999999965 0.021315586419753015
0 0.24291666666666667 0.7042013888888891 0.014691840277777767 0.01684413580246916
0 0.25386284722222224 0.7373726851851852 0.018723958333333356 0.01964120370370368
0 0.27258680555555553 0.7222608024691358 0.010082465277777786 0.019139660493827173
0 0.18717447916666669 0.7384606481481483 0.00633680555555558 0.028989197530864253
0 0.15977213541666668 0.7480092592592593 0.007417534722222241 0.024675925925925903
0 0.1588715277777778 0.7250192901234568 0.011666666666666669 0.023510802469135682
0 0.14655598958333335 0.7321875 0.0115234375 0.018491512345678984
0 0.16337239583333335 0.7759413580246914 0.026141493055555555 0.015478395061728318
0 0.24676866319444443 0.7777970679012346 0.012026909722222267 0.02329089506172832
0 0.29530815972222224 0.7965586419753087 0.010154079861111142 0.02801697530864197
0 0.37009982638888894 0.7058873456790125 0.012098524305555535 0.035243055555555555
0 0.2982269965277778 0.8876041666666667 0.00993923611111116 0.03115740740740749
0 0.25822048611111115 0.8869637345679013 0.010010850694444429 0.03243827160493835
0 0.22948567708333334 0.8617322530864199 0.01706814236111116 0.010138888888888826
0 0.19128038194444444 0.8308680555555555 0.014980468750000009 0.022673611111111176
0 0.16452473958333333 0.8195910493827161 0.020236545138888885 0.020366512345678857
0 0.17385199652777777 0.8550077160493826 0.00777777777777775 0.02358410493827168
0 0.16283203125 0.8598109567901235 0.01022569444444441 0.02934799382716038
0 0.18530164930555557 0.911033950617284 0.016851128472222233 0.011601080246913397
0 0.20283854166666665 0.9142978395061729 0.01562717013888888 0.01403549382716057
0 0.24097222222222223 0.9323572530864197 0.01353949652777775 0.02145061728395079
0 0.24165581597222224 0.985119598765432 0.008569878472222214 0.02346836419753073
0 0.22156250000000002 0.988641975308642 0.009865451388888858 0.015142746913580318
0 0.4018598090277778 0.8567361111111111 0.00864149305555557 0.007831790123456825
0 0.3819835069444445 0.9869830246913581 0.009218749999999965 0.02506944444444438
0 0.41042968750000003 0.9909529320987656 0.018869357638888928 0.015084876543210158
0 0.47236545138888886 0.9882021604938273 0.009218749999999965 0.01853780864197524
0 0.5356684027777778 0.7804243827160494 0.01973307291666675 0.023155864197530858
0 0.5729730902777779 0.8113001543209876 0.020308159722222285 0.03603009259259282
0 0.5473893229166666 0.9902391975308641 0.008899739583333321 0.019517746913580443
0 0.6657248263888889 0.9552121913580246 0.015043402777777715 0.013495370370370097
0 0.6245138888888889 0.7544714506172839 0.014830729166666678 0.0433294753086421
0 0.6889778645833333 0.7387461419753086 0.018326822916666607 0.016396604938271744
0 0.7340017361111112 0.8657253086419754 0.010911458333333356 0.01909336419753092
0 0.7757421875 0.8103395061728396 0.022777777777777786 0.028858024691358095
0 0.744806857638889 0.8448148148148149 0.011759982638888822 0.026242283950617524
0 0.756408420138889 0.9417476851851853 0.01059461805555557 0.03741512345679009
0 0.7727864583333334 0.9920910493827161 0.015625 0.015817901234567937
0 0.7964539930555555 0.9826157407407408 0.011017795138888963 0.027746913580247046
0 0.81419921875 0.9678356481481482 0.016844618055555573 0.027445987654321078
0 0.83046875 0.9861111111111112 0.0234375 0.027777777777777776
0 0.8253754340277778 0.9377893518518519 0.010381944444444357 0.025729166666666477
0 0.8379817708333335 0.9234722222222221 0.012712673611111214 0.027229938271605015
0 0.8624001736111111 0.9390123456790125 0.020021701388888858 0.02629629629629638
0 0.8632486979166666 0.9185648148148148 0.0140907118055555 0.020246913580246606
0 0.8398893229166667 0.8772222222222225 0.013135850694444428 0.030783179012345525
0 0.8644661458333334 0.8988850308641975 0.01059461805555557 0.01760802469135822
0 0.873576388888889 0.8814506172839506 0.0135611979166665 0.02290895061728406
0 0.8504817708333334 0.8403819444444445 0.013135850694444428 0.029714506172839744
0 0.8184895833333334 0.7815162037037038 0.017797309027777784 0.027712191358024697
0 0.8485221354166667 0.7870679012345678 0.01599609374999993 0.02710648148148146
0 0.8611284722222223 0.7747337962962962 0.0140907118055555 0.02921296296296292
0 0.8742122395833334 0.8150501543209878 0.01652560763888893 0.01944058641975314
0 0.8916427951388888 0.8109606481481483 0.007966579861111 0.01977623456790146
0 0.897677951388889 0.8106597222222223 0.007823350694444287 0.02577546296296305
0 0.8897113715277778 0.7404668209876544 0.011354166666666643 0.022959104938271618
0 0.906095920138889 0.6771913580246913 0.010542534722222285 0.02387345679012343
0 0.7858854166666667 0.6887345679012346 0.01006510416666675 0.01871527777777781
0 0.7929448784722222 0.6453009259259259 0.005486111111111036 0.02344135802469146
0 0.8838910590277778 0.6110609567901235 0.011067708333333214 0.025536265432098856
0 0.7969509548611111 0.6087345679012346 0.014644097222222107 0.01984567901234568
0 0.7665407986111111 0.5822260802469137 0.015646701388888927 0.0355246913580247
0 0.8405533854166667 0.5677199074074074 0.0075846354166667854 0.014984567901234572
0 0.8659787326388889 0.5722993827160494 0.007298177083333357 0.02075617283950619
0 0.9058333333333334 0.5896913580246914 0.009157986111111427 0.023314043209876446
0 0.9069314236111111 0.5633487654320988 0.011163194444444713 0.015578703703703746
0 0.9007769097222222 0.5185108024691358 0.007441406250000071 0.029155092592592604
0 0.8854166666666667 0.5125308641975309 0.007250434027777785 0.02669753086419746
0 0.8779991319444445 0.4916280864197531 0.00996961805555543 0.023935185185185205
0 0.8466102430555555 0.4802314814814815 0.006916232638888786 0.029131944444444478
0 0.8727994791666667 0.4623726851851852 0.014644097222222286 0.014614197530864221
0 0.8913324652777778 0.4659375 0.008587239583333428 0.02513503086419762
0 0.8159136284722223 0.5053433641975309 0.0094444444444445 0.02846836419753092
0 0.8012456597222222 0.5089814814814815 0.010828993055555448 0.023618827160493714
0 0.799123263888889 0.5205632716049382 0.006963975694444536 0.014872685185185237
0 0.6889756944444445 0.46929398148148155 0.01450086805555557 0.041080246913580254
0 0.7145203993055557 0.44500000000000006 0.012259114583333286 0.019726080246913587
0 0.6196397569444445 0.4661188271604939 0.012450086805555571 0.021149691358024823
0 0.7572634548611111 0.40039737654320984 0.014835069444444394 0.02368055555555565
0 0.82111328125 0.3806828703703704 0.011640625000000071 0.022538580246913555
0 0.8206358506944443 0.41398148148148145 0.006488715277777857 0.027226080246913715
0 0.7939236111111111 0.34695601851851854 0.014500868055555482 0.015227623456790143
0 0.8032725694444445 0.32473765432098767 0.009157986111111072 0.018348765432098763
0 0.8091167534722222 0.3311844135802469 0.013213975694444357 0.0244637345679013
0 0.8129318576388889 0.30658179012345677 0.015121527777778 0.01596450617283954
0 0.8016753472222222 0.2907291666666667 0.015789930555555644 0.015640432098765443
0 0.7721940104166667 0.30218364197530867 0.015980902777777927 0.030065586419753113
0 0.7512044270833333 0.3634760802469136 0.008348524305555572 0.029679783950617277
0 0.7373697916666667 0.30701774691358025 0.01359592013888875 0.014290123456790127
0 0.7259461805555556 0.3429822530864198 0.014596354166666714 0.015547839506172858
0 0.7102517361111111 0.309945987654321 0.010876736111111108 0.02608410493827154
0 0.7091775173611111 0.34442515432098764 0.007966579861111179 0.017750771604938285
0 0.6955360243055556 0.3576581790123457 0.014262152777777893 0.018422067901234605
0 0.6288693576388888 0.3665625 0.006486545138888999 0.02265817901234565
0 0.5766818576388889 0.3632638888888889 0.008969184027777822 0.026709104938271642
0 0.6686306423611111 0.3079513888888889 0.013977864583333322 0.028036265432098792
0 0.6768120659722222 0.28440972222222227 0.015551215277777785 0.01402391975308635
0 0.699279513888889 0.26961033950617286 0.011829427083333321 0.01918981481481481
0 0.7137586805555556 0.2494367283950617 0.006916232638888786 0.02125385802469132
0 0.7328624131944446 0.24519675925925924 0.006488715277777679 0.019552469135802476
0 0.7217947048611112 0.23289351851851853 0.009921875000000035 0.013607253086419746
0 0.7367751736111111 0.2276350308641975 0.004769965277777644 0.02005015432098768
0 0.775390625 0.24850694444444446 0.011877170138888716 0.024475308641975366
0 0.7917274305555557 0.2626273148148148 0.00973090277777775 0.017951388888888906
0 0.7956879340277778 0.2427777777777778 0.007154947916666643 0.022349537037037077
0 0.807209201388889 0.2431597222222222 0.01512152777777791 0.012087191358024699
0 0.8036545138888889 0.21525077160493827 0.016028645833333233 0.012241512345678985
0 0.7904644097222222 0.19947145061728394 0.009587673611111213 0.021392746913580236
0 0.7530642361111111 0.2071064814814815 0.007298177083333357 0.02309413580246908
0 0.7070551215277778 0.20049382716049383 0.02452039930555543 0.033607253086419715
0 0.60017578125 0.2591280864197531 0.010828993055555536 0.010100308641975333
0 0.5487760416666667 0.28236882716049383 0.015646701388888927 0.009093364197530858
0 0.5371137152777778 0.3019675925925926 0.008062065972222143 0.029633487654320983
0 0.5268576388888889 0.2433912037037037 0.019129774305555534 0.015096450617283983
0 0.5493728298611111 0.21446373456790124 0.014453125 0.013209876543209889
0 0.5969574652777778 0.16331404320987655 0.0177452256944445 0.021157407407407427
0 0.6552018229166667 0.19211033950617284 0.01574218750000007 0.0185416666666667
0 0.6831315104166666 0.16513503086419754 0.011019965277777644 0.018865740740740714
0 0.6669618055555556 0.14146990740740742 0.017792968749999895 0.020717592592592617
0 0.6638368055555556 0.17077546296296298 0.015646701388888927 0.01572916666666667
0 0.6497873263888889 0.17340663580246915 0.007011718750000106 0.015902777777777783
0 0.6419878472222222 0.17284722222222224 0.007441406250000071 0.025073302469135802
0 0.6358832465277778 0.14541280864197534 0.010494791666666536 0.024367283950617293
0 0.6108854166666667 0.13527391975308642 0.012020399305555606 0.01341820987654319
0 0.8906163194444445 0.4243248456790123 0.014309895833333286 0.01653935185185181
0 0.8861328125 0.36749614197530867 0.007250434027777785 0.029236111111111088
0 0.8688650173611112 0.3477276234567901 0.010112847222222143 0.025324074074074096
0 0.8561284722222222 0.3278780864197531 0.00791883680555543 0.02293595679012349
0 0.8647374131944445 0.3017939814814815 0.010256076388888858 0.02419367283950622
0 0.8463476562500001 0.25071373456790125 0.013166232638888786 0.012777777777777761
0 0.8326106770833335 0.22547839506172843 0.006297743055555571 0.022519290123456732
0 0.8252647569444445 0.22229552469135808 0.005724826388889071 0.02209104938271606
0 0.8281011284722222 0.21266589506172842 0.006154513888888857 0.012160493827160461
0 0.8333962673611112 0.20740740740740743 0.008157552083333287 0.018607253086419778
0 0.7918467881944444 0.16137345679012344 0.007107204861111072 0.017276234567901207
0 0.7843815104166667 0.15980324074074076 0.006011284722222144 0.01837577160493827
0 0.7636306423611111 0.1630246913580247 0.00973090277777775 0.01464506172839507
0 0.7563324652777778 0.1830902777777778 0.005247395833333357 0.01660879629629627
0 0.7523980034722223 0.18207175925925925 0.005486111111111036 0.01457175925925927
0 0.7413064236111111 0.16455246913580246 0.00858723958333325 0.02109567901234565
0 0.7557595486111112 0.1513618827160494 0.016885850694444572 0.007426697530864206
0 0.7571918402777778 0.14309027777777777 0.012688802083333428 0.013784722222222238
0 0.73376953125 0.14462191358024692 0.013643663194444499 0.01345293209876542
0 0.7230598958333334 0.14114197530864198 0.009301215277777785 0.018371913580246927
0 0.7117057291666666 0.14457947530864199 0.011497395833333179 0.014216820987654326
0 0.7099891493055556 0.12643132716049382 0.01302300347222225 0.022870370370370374
0 0.69625 0.12579475308641974 0.0072026909722222145 0.02074845679012343
0 0.6906922743055556 0.11815972222222222 0.006106770833333464 0.019047067901234588
0 0.6815104166666667 0.12435185185185185 0.009874131944444465 0.022955246913580238
0 0.7000434027777779 0.09169367283950618 0.017172309027777822 0.016998456790123455
0 0.6645768229166666 0.10306712962962962 0.01369140625000007 0.02278935185185185
0 0.6484526909722222 0.08037037037037037 0.015407986111111072 0.01667052469135803
0 0.6305164930555556 0.11426311728395062 0.01121093749999993 0.011257716049382714
0 0.6102907986111111 0.07589506172839507 0.012068142361111001 0.01423611111111111
0 0.5934505208333334 0.08721836419753087 0.012450086805555571 0.013985339506172837
0 0.5780425347222222 0.0813233024691358 0.011686197916666785 0.011523919753086413
0 0.5731532118055556 0.10028549382716051 0.005724826388888893 0.016369598765432078
0 0.5549305555555556 0.14963348765432102 0.01927300347222225 0.020084876543209874
0 0.5393315972222222 0.14369598765432098 0.009635416666666608 0.03195987654320989
0 0.5369943576388889 0.1713425925925926 0.01507378472222225 0.017905092592592573
0 0.5429730902777778 0.43032021604938275 0.014127604166666785 0.036635802469135746
0 0.5253125 0.431045524691358 0.016844618055555573 0.033256172839506035
0 0.49135199652777783 0.24744984567901235 0.023908420138888963 0.033148148148148156
0 0.45494574652777775 0.18983410493827163 0.015214843749999929 0.02658950617283951
0 0.4730946180555556 0.15951774691358026 0.005837673611111071 0.020810185185185206
0 0.47751085069444443 0.10370370370370371 0.015468749999999965 0.020952932098765427
0 0.4850434027777778 0.07961419753086421 0.01337239583333325 0.018009259259259263
0 0.4956228298611111 0.0557445987654321 0.015768229166666713 0.021724537037037035
0 0.5148828125 0.08484953703703704 0.0123741319444445 0.02315972222222221
0 0.50939453125 0.09194830246913582 0.011375868055555571 0.01606481481481482
0 0.4999631076388889 0.10667824074074074 0.00948133680555543 0.017141203703703707
0 0.49761718750000006 0.12828317901234568 0.009778645833333498 0.01511188271604935
0 0.4876388888888889 0.13236496913580248 0.009778645833333498 0.012627314814814817
0 0.48963541666666666 0.15357253086419753 0.011775173611111179 0.021338734567901262