0 0.292287037037037 0.22584895833333332 0.012805555555555594 0.005932291666666689
0 0.2846759259259259 0.23744791666666662 0.014898148148148178 0.007802083333333343
0 0.28102777777777777 0.23146354166666666 0.013916666666666641 0.0068229166666666785
0 0.32940740740740737 0.226921875 0.014046296296296232 0.005859375
0 0.36049074074074067 0.22185937500000003 0.014638888888888838 0.00681770833333335
0 0.36085185185185187 0.2307239583333333 0.010768518518518514 0.00795312499999996
0 0.36033333333333334 0.2173177083333333 0.016546296296296288 0.007333333333333325
0 0.33112037037037034 0.235546875 0.010638888888888923 0.00575520833333334
0 0.338537037037037 0.2460364583333333 0.016018518518518477 0.006057291666666664
0 0.32714814814814813 0.25251562499999997 0.02054629629629632 0.008677083333333346
0 0.40208333333333335 0.25561979166666665 0.01706481481481477 0.006901041666666696
0 0.40746296296296297 0.23804166666666665 0.01208333333333324 0.006677083333333389
0 0.4259722222222222 0.23661979166666666 0.013916666666666641 0.011588541666666697
0 0.4703518518518518 0.20952604166666666 0.022324074074073982 0.010208333333333375
0 0.44232407407407404 0.23595312499999999 0.016675925925925917 0.005989583333333303
0 0.45768518518518514 0.24188020833333335 0.009583333333333301 0.007796875000000014
0 0.44251851851851853 0.24572395833333333 0.013916666666666641 0.005796874999999968
0 0.4539722222222222 0.2515572916666667 0.020416666666666573 0.0076458333333333075
0 0.28930555555555554 0.26265625 0.01733333333333336 0.008281250000000018
0 0.2697407407407407 0.26738541666666665 0.012342592592592657 0.01182812499999999
0 0.3133888888888889 0.2674947916666667 0.014574074074074083 0.008359374999999947
0 0.3717222222222222 0.2690833333333333 0.01674074074074083 0.009885416666666647
0 0.38563888888888886 0.26882291666666663 0.01516666666666661 0.009666666666666667
0 0.3898425925925925 0.26005208333333335 0.02475000000000007 0.007875000000000031
0 0.48594444444444446 0.26982291666666663 0.017398148148148114 0.006932291666666668
0 0.4685185185185185 0.2878489583333333 0.010768518518518514 0.009286458333333325
0 0.49549074074074073 0.21041145833333333 0.010768518518518672 0.00607291666666665
0 0.5280555555555555 0.23086979166666666 0.013916666666666641 0.009135416666666618
0 0.5175833333333333 0.24357812499999998 0.011879629629629563 0.004401041666666661
0 0.5230648148148147 0.2179114583333333 0.010768518518518672 0.005557291666666675
0 0.5353055555555555 0.22151041666666665 0.007944444444444325 0.008703124999999989
0 0.5709537037037037 0.22040104166666669 0.016740740740740674 0.009437500000000033
0 0.5979351851851852 0.23582291666666663 0.019231481481481516 0.005140625000000032
0 0.6047592592592592 0.22778645833333333 0.01608333333333323 0.006807291666666692
0 0.6386018518518519 0.23979166666666663 0.02651851851851856 0.014557291666666661
0 0.6449074074074074 0.21944270833333332 0.009712962962962972 0.01047395833333331
0 0.6360740740740741 0.22594270833333333 0.011092592592592609 0.007223958333333336
0 0.6566574074074074 0.2286927083333333 0.010898148148148185 0.007927083333333317
0 0.6625 0.23572916666666668 0.010768518518518672 0.009390624999999986
0 0.7156759259259259 0.24660937499999996 0.011555555555555546 0.006093750000000053
0 0.7392407407407408 0.25800520833333335 0.018509259259259163 0.009312499999999968
0 0.706287037037037 0.2603125 0.007749999999999899 0.007651041666666724
0 0.6780555555555554 0.26079166666666664 0.011685185185185137 0.007875000000000031
0 0.6835092592592592 0.2732395833333333 0.01338888888888887 0.011354166666666643
0 0.6628888888888889 0.274515625 0.01208333333333324 0.009098958333333318
0 0.6893796296296296 0.283765625 0.018842592592592508 0.0052604166666665895
0 0.7187222222222223 0.29640104166666664 0.022777777777777668 0.008192708333333344
0 0.6182222222222221 0.2799583333333333 0.014768518518518507 0.009177083333333247
0 0.6002962962962963 0.26686979166666663 0.009259259259259207 0.009317708333333386
0 0.5855 0.280515625 0.010370370370370412 0.011874999999999946
0 0.5632777777777778 0.2858385416666666 0.017657407407407295 0.006265624999999986
0 0.7604444444444444 0.283453125 0.018509259259259163 0.005520833333333286
0 0.7622499999999999 0.24524479166666663 0.0168703703703705 0.005572916666666661
0 0.7639166666666667 0.24811979166666664 0.01287037037037035 0.0034374999999999822
0 0.7825 0.256234375 0.008537037037037168 0.011677083333333282
0 0.8131851851851852 0.2841927083333333 0.014768518518518665 0.004041666666666633
0 0.8567129629629628 0.29167187499999997 0.018444444444444406 0.012031249999999983
0 0.8599629629629629 0.31035416666666665 0.015101851851851696 0.009880208333333317
0 0.7758981481481482 0.32058333333333333 0.017129629629629526 0.007447916666666643
0 0.7294537037037035 0.315265625 0.010111111111111072 0.011583333333333367
0 0.7992685185185185 0.3258802083333333 0.018314814814814895 0.008552083333333372
0 0.8511666666666665 0.3368645833333333 0.017592592592592698 0.005406250000000057
0 0.8752222222222221 0.337015625 0.012148148148148153 0.00670833333333336
0 0.910935185185185 0.3461875 0.011620370370370224 0.010031250000000025
0 0.8053148148148147 0.34339583333333334 0.019361111111111187 0.007114583333333346
0 0.8698055555555555 0.35270833333333335 0.014444444444444255 0.007078124999999958
0 0.8591388888888888 0.35544270833333336 0.014768518518518665 0.005156250000000018
0 0.8568055555555555 0.3623854166666666 0.01733333333333336 0.00606770833333341
0 0.8711203703703703 0.375640625 0.011814814814814806 0.013802083333333303
0 0.8131851851851852 0.39384374999999994 0.022648148148148077 0.016604166666666753
0 0.7705833333333333 0.3846822916666667 0.01923148148148136 0.013541666666666697
0 0.9119166666666666 0.412609375 0.03367592592592593 0.008343750000000049
0 0.8232037037037035 0.3727239583333333 0.013787037037037129 0.006114583333333368
0 0.7154444444444443 0.40129166666666666 0.02474999999999999 0.007276041666666666
0 0.7643148148148148 0.4138333333333333 0.019435185185185194 0.008411458333333321
0 0.8689259259259259 0.4239010416666666 0.012277777777777664 0.008401041666666664
0 0.9055833333333333 0.44766666666666666 0.018379629629629652 0.0072083333333333496
0 0.8208333333333333 0.4571666666666666 0.018509259259259163 0.00884374999999995
0 0.7052314814814815 0.43749479166666666 0.014703703703703832 0.012406249999999907
0 0.9206851851851852 0.48607812499999997 0.011157407407407366 0.00795312500000005
0 0.93125 0.48336458333333326 0.020222222222222145 0.005234375000000036
0 0.9358148148148148 0.477453125 0.015824074074073893 0.011010416666666778
0 0.938212962962963 0.49024999999999996 0.01470370370370391 0.006598958333333372
0 0.8855648148148146 0.5104010416666667 0.011814814814814806 0.01044270833333325
0 0.9310185185185185 0.5060416666666667 0.01083333333333327 0.007145833333333407
0 0.9262314814814815 0.5136666666666667 0.016481481481481333 0.005552083333333435
0 0.851324074074074 0.5040833333333333 0.005712962962963136 0.007406250000000014
0 0.9060462962962962 0.4925572916666667 0.010240740740740585 0.0038281249999998932
0 0.8456203703703703 0.4991197916666666 0.009648148148148215 0.005223958333333378
0 0.7104814814814815 0.4766562499999999 0.011555555555555624 0.011630208333333236
0 0.7876851851851852 0.5065052083333332 0.015231481481481523 0.005229166666666707
0 0.7242037037037037 0.5505052083333333 0.01404629629629647 0.011640624999999894
0 0.7692685185185184 0.5722968749999999 0.019499999999999948 0.005364583333333428
0 0.7791481481481481 0.5595208333333332 0.01654629629629609 0.00639062500000005
0 0.8244814814814815 0.5487708333333334 0.013194444444444444 0.004833333333333379
0 0.8664629629629629 0.5685520833333333 0.02311111111111125 0.0063593750000000785
0 0.8905185185185185 0.5692708333333333 0.017657407407407455 0.006687500000000135
0 0.8902222222222222 0.5605364583333333 0.02179629629629637 0.005833333333333179
0 0.9336203703703703 0.55921875 0.016148148148148304 0.010453125000000086
0 0.8447962962962963 0.6110260416666666 0.032296296296296295 0.007651041666666636
0 0.8478518518518517 0.6230677083333334 0.024222222222222298 0.005723958333333279
0 0.8723055555555554 0.6306927083333334 0.010111111111111072 0.010041666666666772
0 0.8616388888888888 0.6448958333333333 0.01503703703703694 0.011546874999999979
0 0.9090925925925926 0.6495885416666667 0.012935185185185105 0.011765625000000135
0 0.876898148148148 0.6548177083333333 0.016675925925925917 0.004968749999999922
0 0.8905833333333334 0.6582291666666666 0.008333333333333333 0.0048177083333333925
0 0.8961666666666667 0.6655989583333334 0.008990740740740775 0.0089114583333334
0 0.8510648148148148 0.6638802083333333 0.008601851851851923 0.009770833333333506
0 0.885824074074074 0.677609375 0.011944444444444634 0.010744791666666665
0 0.8294351851851851 0.6859010416666667 0.008537037037037168 0.009536458333333364
0 0.8461759259259259 0.69059375 0.014444444444444255 0.006364583333333229
0 0.8563148148148148 0.6935260416666666 0.007944444444444483 0.00955729166666668
0 0.8701388888888889 0.6916979166666666 0.012472222222222247 0.006197916666666714
0 0.8200462962962962 0.705546875 0.00892592592592602 0.011729166666666657
0 0.8357407407407408 0.7096874999999999 0.007749999999999899 0.009359374999999837
0 0.8462037037037037 0.7075416666666666 0.01503703703703694 0.0077395833333333995
0 0.8087222222222222 0.72365625 0.012537037037037003 0.005052083333333179
0 0.7758703703703703 0.7019010416666667 0.016935185185185258 0.007947916666666721
0 0.7875833333333333 0.7380781249999999 0.015425925925926107 0.004640624999999865
0 0.734712962962963 0.7243385416666667 0.019953703703703557 0.008489583333333429
0 0.7334629629629629 0.7134635416666666 0.015361111111111036 0.010010416666666622
0 0.764212962962963 0.7463697916666666 0.009648148148148215 0.004671874999999837
0 0.6956481481481481 0.720515625 0.012731481481481429 0.007640624999999979
0 0.66775 0.7143437499999999 0.011555555555555624 0.009281250000000085
0 0.6944722222222222 0.754453125 0.011685185185185137 0.007338541666666742
0 0.6811388888888888 0.7659062499999999 0.01627777777777766 0.0067031249999999435
0 0.6573333333333333 0.7545885416666666 0.003592592592592641 0.0074947916666666
0 0.6321759259259259 0.7394999999999999 0.01009259259259273 0.003968749999999943
0 0.6416759259259259 0.7717291666666666 0.009120370370370286 0.006187500000000057
0 0.6110185185185184 0.776671875 0.013740740740740718 0.005437500000000028
0 0.6111851851851852 0.7535364583333333 0.00864814814814802 0.004057291666666707
0 0.60275 0.7337343749999999 0.010537037037037086 0.007369791666666714
0 0.5637685185185185 0.7439114583333333 0.0073055555555557004 0.008781250000000008
0 0.5735833333333333 0.7242395833333333 0.00870370370370384 0.004291666666666494
0 0.5496574074074074 0.7200989583333333 0.013944444444444395 0.007921875000000078
0 0.589787037037037 0.7068854166666666 0.015287037037037028 0.00891666666666655
0 0.6504629629629629 0.7097291666666667 0.007157407407407372 0.004468750000000021
0 0.5546481481481481 0.7499270833333332 0.006333333333333258 0.010005208333333293
0 0.5551481481481481 0.7615416666666667 0.008000000000000146 0.01041145833333328
0 0.5666203703703704 0.7647864583333334 0.014407407407407409 0.005796875000000057
0 0.5503148148148148 0.7743958333333333 0.009666666666666717 0.009093750000000077
0 0.5284814814814814 0.7680885416666666 0.015999999999999976 0.008192708333333344
0 0.5367129629629629 0.7741145833333333 0.014870370370370267 0.005526041666666792
0 0.5218148148148147 0.7817864583333333 0.015999999999999976 0.0034427083333333996
0 0.5128055555555556 0.7766458333333334 0.009999999999999905 0.007416666666666493
0 0.5017037037037038 0.7711666666666667 0.00713888888888887 0.005463541666666493
0 0.5051388888888888 0.7651302083333332 0.01734259259259261 0.004635416666666714
0 0.4961388888888889 0.7425208333333334 0.016666666666666666 0.006312499999999943
0 0.47056481481481477 0.7565364583333333 0.0075370370370369715 0.007708333333333428
0 0.4633611111111111 0.7564583333333333 0.009138888888888946 0.0090572916666666
0 0.4479537037037037 0.7578697916666666 0.011666666666666634 0.006244791666666494
0 0.39574074074074067 0.7662083333333333 0.010740740740740762 0.007458333333333478
0 0.38734259259259257 0.7397916666666667 0.015138888888888858 0.004770833333333257
0 0.3552685185185185 0.7481979166666666 0.007666666666666602 0.004468750000000021
0 0.3499629629629629 0.7545781249999999 0.008268518518518498 0.005213541666666721
0 0.34446296296296297 0.77478125 0.01060185185185192 0.005687499999999979
0 0.30498148148148146 0.7697187499999999 0.015138888888888936 0.007442708333333314
0 0.3028518518518518 0.76234375 0.01620370370370373 0.006572916666666551
0 0.3162222222222222 0.7634270833333333 0.005759259259259311 0.007104166666666601
0 0.3261666666666666 0.7403229166666667 0.017796296296296296 0.008781250000000008
0 0.3275092592592592 0.7310989583333333 0.005861111111111149 0.004281249999999836
0 0.3247222222222222 0.7251510416666667 0.006194444444444495 0.00919791666666665
0 0.2865833333333333 0.7396510416666666 0.01148148148148146 0.006364583333333229
0 0.26257407407407407 0.7438125 0.01606481481481481 0.004093750000000007
0 0.2646666666666666 0.726609375 0.008444444444444423 0.005765625000000085
0 0.28412037037037036 0.7189427083333333 0.012277777777777743 0.006697916666666792
0 0.2666388888888889 0.7083906249999999 0.027138888888888837 0.003755208333333293
0 0.2433888888888889 0.715671875 0.007333333333333295 0.00642708333333335
0 0.2147685185185185 0.7296822916666666 0.005898148148148152 0.008901041666666743
0 0.23059259259259257 0.740828125 0.011240740740740702 0.0029427083333333215
0 0.19250925925925924 0.7295729166666666 0.0187685185185185 0.004640624999999865
0 0.18171296296296294 0.7176197916666667 0.02347222222222225 0.004468750000000021
0 0.16389814814814813 0.7148854166666666 0.009361111111111124 0.004562500000000113
0 0.20199999999999999 0.7051666666666667 0.014064814814814813 0.006286458333333478
0 0.31 0.6843177083333334 0.012074074074074067 0.0053750000000000854
0 0.2844351851851852 0.6795625 0.009722222222222222 0.0068229166666666785
0 0.1986481481481481 0.681359375 0.01350925925925921 0.0057343750000001135
0 0.1866111111111111 0.681078125 0.006972222222222197 0.006296875000000135
0 0.1788796296296296 0.6812343750000001 0.007453703703703714 0.007057291666666821
0 0.15473148148148147 0.6849479166666665 0.013351851851851866 0.004838541666666707
0 0.14080555555555554 0.678515625 0.012194444444444445 0.00475520833333345
0 0.13900925925925925 0.6738645833333333 0.014185185185185191 0.005088541666666657
0 0.15088888888888888 0.6701927083333332 0.01785185185185188 0.006062499999999993
0 0.13771296296296295 0.6639062499999999 0.007212962962962995 0.007656249999999964
0 0.22320370370370368 0.6542291666666665 0.008407407407407419 0.011093750000000036
0 0.1872314814814815 0.6534791666666667 0.014981481481481514 0.0078125
0 0.12832407407407406 0.6654270833333332 0.007175925925925913 0.006374999999999886
0 0.11300925925925925 0.66259375 0.00880555555555556 0.007203125000000021
0 0.12769444444444444 0.6488072916666667 0.008444444444444461 0.010270833333333229
0 0.13655555555555554 0.6424322916666666 0.011833333333333309 0.005770833333333236
0 0.15825925925925924 0.6392343749999999 0.012037037037037023 0.007453124999999972
0 0.18205555555555553 0.635828125 0.015777777777777797 0.003666666666666707
0 0.13833333333333334 0.6321770833333333 0.018814814814814795 0.0028645833333333925
0 0.12173148148148147 0.6350677083333333 0.011518518518518503 0.007307291666666771
0 0.11123148148148147 0.6354947916666667 0.009249999999999996 0.006812500000000022
0 0.10441666666666666 0.6381979166666666 0.005981481481481489 0.007734374999999893
0 0.09841666666666667 0.6345416666666666 0.008731481481481475 0.008718749999999886
0 0.09299999999999999 0.6243802083333333 0.010638888888888894 0.006666666666666821
0 0.1371574074074074 0.6172187499999999 0.00649999999999997 0.004786458333333421
0 0.1550925925925926 0.621703125 0.012074074074074107 0.005687499999999979
0 0.1680185185185185 0.60834375 0.011240740740740742 0.004968749999999922
0 0.12095370370370369 0.6008072916666667 0.008768518518518518 0.005619791666666707
0 0.1122037037037037 0.6034895833333334 0.00752777777777776 0.006312499999999943
0 0.10424074074074073 0.5901822916666667 0.011601851851851839 0.0027187499999998367
0 0.08263888888888889 0.5998333333333333 0.008249999999999997 0.006895833333333279
0 0.07584259259259259 0.603765625 0.0062129629629629765 0.007770833333333371
0 0.09552777777777778 0.581609375 0.012111111111111109 0.0061302083333332645
0 0.08239814814814814 0.5771927083333332 0.010962962962962959 0.004317708333333314
0 0.08564814814814814 0.5650625 0.00828703703703702 0.0056145833333333785
0 0.10437962962962963 0.539484375 0.019444444444444445 0.009010416666666821
0 0.13864814814814816 0.5557395833333333 0.022638888888888865 0.008328124999999886
0 0.17557407407407408 0.5536770833333333 0.00752777777777778 0.007968750000000035
0 0.19878703703703704 0.55 0.012518518518518502 0.006354166666666572
0 0.22083333333333333 0.5862343749999999 0.011638888888888883 0.010072916666666742
0 0.23884259259259255 0.5932395833333333 0.009407407407407378 0.009322916666666714
0 0.24322222222222223 0.609578125 0.010203703703703661 0.012369791666666607
0 0.24621296296296297 0.5561927083333333 0.018574074074074076 0.009166666666666679
0 0.25316666666666665 0.5418072916666666 0.009768518518518477 0.00886979166666677
0 0.19368518518518515 0.5274427083333333 0.00916666666666662 0.012421874999999893
0 0.1090185185185185 0.5007708333333334 0.009203703703703702 0.012229166666666735
0 0.09967592592592592 0.5228697916666667 0.005259259259259253 0.005463541666666671
0 0.07034259259259258 0.4890052083333333 0.005583333333333328 0.007958333333333378
0 0.13 0.4870885416666667 0.017296296296296317 0.006588541666666714
0 0.06237037037037037 0.47286979166666665 0.010361111111111102 0.010208333333333286
0 0.13241666666666665 0.4713802083333333 0.007370370370370338 0.005109374999999972
0 0.1192037037037037 0.455078125 0.025185185185185175 0.0066770833333333005
0 0.09201851851851851 0.4550677083333333 0.009083333333333332 0.006880208333333293
0 0.07987037037037037 0.4542239583333333 0.011083333333333339 0.007583333333333364
0 0.07335185185185185 0.43963541666666667 0.012 0.005604166666666721
0 0.06721296296296296 0.43557291666666664 0.012472222222222228 0.006552083333333236
0 0.11453703703703703 0.4275364583333333 0.007249999999999999 0.006265624999999986
0 0.10676851851851853 0.424453125 0.006694444444444435 0.0025937499999999503
0 0.11150925925925925 0.4218385416666666 0.015379629629629656 0.004765625000000107
0 0.09189814814814813 0.42056249999999995 0.019212962962962966 0.004453125000000035
0 0.09616666666666666 0.41060937499999994 0.012592592592592588 0.0027031250000000284
0 0.08227777777777777 0.41273958333333327 0.012314814814814825 0.00830729166666675
0 0.07674074074074073 0.4064583333333333 0.01160185185185186 0.0049218749999999645
0 0.10738888888888888 0.4004843749999999 0.011518518518518503 0.005770833333333281
0 0.08708333333333333 0.39468749999999997 0.010361111111111102 0.005161458333333346
0 0.13062037037037036 0.40097916666666666 0.012555555555555544 0.004963541666666638
0 0.11567592592592592 0.39693229166666666 0.012157407407407403 0.006062500000000082
0 0.1075462962962963 0.388640625 0.010240740740740743 0.007411458333333343
0 0.11561111111111111 0.38053125 0.010685185185185178 0.008010416666666752
0 0.09054629629629629 0.380375 0.00892592592592594 0.0034374999999999822
0 0.08502777777777777 0.38269791666666664 0.00944444444444443 0.0065104166666666964
0 0.08712037037037038 0.3698489583333333 0.014824074074074073 0.005281250000000082
0 0.16766666666666666 0.38208333333333333 0.009805555555555519 0.006598958333333372
0 0.20694444444444443 0.3779427083333333 0.01812962962962964 0.004786458333333332
0 0.1746574074074074 0.360390625 0.00498148148148149 0.0058385416666666854
0 0.12721296296296294 0.36504166666666665 0.016898148148148134 0.004359374999999943
0 0.10097222222222221 0.35784895833333336 0.01262962962962963 0.00411458333333341
0 0.10097222222222221 0.35410416666666666 0.01900925925925926 0.004244791666666714
0 0.09917592592592593 0.34110937499999994 0.013027777777777772 0.008958333333333356
0 0.13137962962962962 0.3371875 0.010481481481481461 0.005598958333333304
0 0.14072222222222222 0.33771874999999996 0.007888888888888859 0.007343749999999982
0 0.15768518518518518 0.3420989583333333 0.015268518518518527 0.0033958333333333536
0 0.12687037037037036 0.3296354166666666 0.011833333333333309 0.008890624999999996
0 0.13622222222222222 0.32857291666666666 0.009722222222222222 0.008328124999999974
0 0.11848148148148147 0.3202395833333333 0.012990740740740728 0.0040000000000000036
0 0.2057037037037037 0.33278645833333337 0.006101851851851829 0.005999999999999961
0 0.23922222222222222 0.352640625 0.013750000000000047 0.0046875
0 0.2768055555555555 0.3469895833333333 0.017499999999999953 0.003249999999999975
0 0.2777777777777778 0.317234375 0.011157407407407366 0.008296875000000004
0 0.23972222222222217 0.31721875 0.010759259259259264 0.0075989583333332614
0 0.27177777777777773 0.30759895833333334 0.012314814814814747 0.0040520833333332895
0 0.21696296296296294 0.31105208333333334 0.005898148148148152 0.006473958333333396
0 0.17318518518518516 0.30791666666666667 0.017574074074074096 0.005578124999999989
0 0.17377777777777778 0.29919270833333333 0.0107222222222222 0.004718749999999971
0 0.11762962962962963 0.31596874999999996 0.01964814814814816 0.0030781250000000426
0 0.15419444444444444 0.290453125 0.005657407407407433 0.01122395833333334
0 0.22933333333333333 0.29380208333333335 0.012796296296296264 0.011874999999999946
0 0.23109259259259257 0.283015625 0.011435185185185206 0.006890625000000039
0 0.19121296296296295 0.28822916666666665 0.01338888888888887 0.003645833333333304
0 0.18579629629629626 0.283890625 0.010518518518518505 0.005499999999999972
0 0.19131481481481483 0.277734375 0.02116666666666668 0.004177083333333354
0 0.17246296296296293 0.27071354166666667 0.015740740740740736 0.01366666666666667
0 0.2003611111111111 0.26983854166666665 0.012953703703703686 0.008781250000000008
0 0.1996296296296296 0.26288541666666665 0.01824999999999998 0.003843749999999968
0 0.1991111111111111 0.25901562499999997 0.019611111111111117 0.005296874999999979
0 0.32239814814814816 0.3071822916666666 0.028787037037037066 0.012244791666666633
0 0.3196944444444444 0.34996875000000005 0.02383333333333337 0.01101041666666669
0 0.3596203703703703 0.37160937499999996 0.03683333333333331 0.005161458333333346
0 0.3057962962962963 0.37951562499999997 0.025 0.013296874999999986
0 0.3204259259259259 0.3889166666666667 0.02159259259259261 0.017125000000000057
0 0.38423148148148145 0.34808333333333336 0.01315740740740744 0.00781770833333333
0 0.49544444444444447 0.34599479166666663 0.012694444444444425 0.011994791666666681
0 0.6282037037037037 0.3793385416666667 0.01044444444444442 0.010291666666666633
0 0.8440370370370369 0.6977447916666667 0.00905555555555553 0.0032499999999998862
0 0.7021481481481482 0.6544635416666666 0.011916666666666565 0.006234374999999836
0 0.6945833333333333 0.6613072916666667 0.008981481481481524 0.006468749999999979
0 0.566861111111111 0.6712239583333333 0.017490740740740782 0.01497916666666672
0 0.6741296296296295 0.620265625 0.020740740740740823 0.008760416666666692
0 0.6679444444444443 0.60390625 0.011685185185185137 0.008697916666666573
0 0.6377592592592591 0.59803125 0.013277777777777703 0.013171874999999921
0 0.6240370370370371 0.567609375 0.02205555555555555 0.007265624999999965
0 0.5866666666666667 0.56603125 0.01313888888888894 0.00639062500000005
0 0.43766666666666665 0.5639895833333333 0.020055555555555472 0.013578125000000085
0 0.37799999999999995 0.5688541666666667 0.015490740740740704 0.012411458333333236
0 0.33882407407407406 0.6060520833333333 0.009749999999999974 0.0168697916666666
0 0.3206759259259259 0.5728437499999999 0.018388888888888903 0.007932291666666735
0 0.3905462962962963 0.527078125 0.025101851851851917 0.013124999999999965
0 0.4162685185185185 0.49880208333333337 0.018046296296296303 0.008999999999999985
0 0.4843333333333334 0.48821875 0.020740740740740823 0.014604166666666706
0 0.5185648148148148 0.4813020833333333 0.015898148148148217 0.01044270833333325
0 0.46636111111111106 0.46402083333333327 0.02627777777777772 0.013218750000000057
0 0.5205648148148149 0.49865104166666663 0.017425925925925866 0.007807291666666672
0 0.5181851851851852 0.5108645833333333 0.021500000000000026 0.011322916666666672
0 0.37052777777777773 0.4997604166666666 0.010509259259259333 0.008083333333333265
0 0.3840833333333333 0.4539583333333333 0.01936111111111103 0.017989583333333316
0 0.2950277777777778 0.4809166666666666 0.023787037037037113 0.013567708333333251
0 0.21917592592592594 0.484765625 0.015898148148148137 0.004401041666666749
0 0.3112407407407407 0.4207864583333333 0.021222222222222184 0.007911458333333421
0 0.39943518518518517 0.703328125 0.02859259259259264 0.01920833333333345
0 0.37396296296296294 0.7192395833333334 0.007629629629629638 0.004052083333333378
0 0.37994444444444436 0.7173177083333333 0.011620370370370382 0.008124999999999893
0 0.4448148148148148 0.6694635416666666 0.011907407407407472 0.004296875
0 0.3225185185185185 0.6596718749999999 0.010240740740740663 0.013109374999999979
0 0.3007037037037037 0.6567239583333333 0.019416666666666693 0.013552083333333265
0 0.29589814814814813 0.6153593749999999 0.01465740740740742 0.0058385416666666854
0 0.8030833333333334 0.7317812499999999 0.008740740740740686 0.008239583333333477
0 0.4865833333333333 0.6580989583333332 0.007814814814814813 0.010249999999999915