0 0.6959907407407406 0.20572395833333332 0.028009259259259206 0.019906250000000014
0 0.6359351851851851 0.22874999999999995 0.03240740740740746 0.009312499999999968
0 0.8264351851851851 0.2781927083333333 0.023435185185185028 0.0093385416666667
0 0.3766018518518518 0.18764583333333332 0.020870370370370338 0.015671875000000002
0 0.3281759259259259 0.18450520833333334 0.022888888888888913 0.010416666666666652
0 0.31151851851851853 0.23209895833333333 0.01592592592592597 0.014979166666666632
0 0.35206481481481483 0.262484375 0.0281944444444445 0.008697916666666661
0 0.2823148148148148 0.28422395833333336 0.019037037037037012 0.012124999999999986
0 0.26729629629629625 0.23390104166666664 0.018305555555555564 0.011375000000000047
0 0.2597037037037037 0.22169270833333332 0.01592592592592597 0.008583333333333342
0 0.24752777777777774 0.21376041666666667 0.013916666666666641 0.011260416666666639
0 0.20835185185185184 0.21648958333333335 0.024898148148148162 0.007447916666666643
0 0.1842685185185185 0.22184895833333332 0.017759259259259273 0.009927083333333276
0 0.21969444444444444 0.237453125 0.018305555555555564 0.009213541666666724
0 0.12742592592592594 0.26101041666666663 0.018675925925925953 0.005869791666666657
0 0.1082037037037037 0.2607552083333333 0.013185185185185194 0.006385416666666632
0 0.19232407407407406 0.2651354166666666 0.014462962962962993 0.009994791666666636
0 0.07377777777777779 0.299234375 0.010249999999999993 0.010218749999999943
0 0.099 0.34061979166666667 0.014101851851851855 0.012984375000000003
0 0.06075925925925926 0.34844791666666663 0.014472222222222225 0.00969270833333331
0 0.04685185185185185 0.34750000000000003 0.016342592592592586 0.009901041666666633
0 0.15308333333333332 0.3840052083333333 0.020462962962962985 0.009921874999999946
0 0.14285185185185184 0.4089635416666667 0.014972222222222224 0.007197916666666693
0 0.10218518518518517 0.41935416666666664 0.0114814814814815 0.013947916666666593
0 0.33193518518518517 0.361859375 0.014842592592592593 0.00983854166666669
0 0.21609259259259256 0.45423437499999997 0.015722222222222214 0.010328125000000021
0 0.07891666666666666 0.48453124999999997 0.02308333333333333 0.008854166666666607
0 0.06637037037037037 0.47143749999999995 0.014222222222222235 0.008635416666666628
0 0.12071296296296295 0.539828125 0.009361111111111124 0.007166666666666721
0 0.11765740740740739 0.5476197916666667 0.010481481481481461 0.009536458333333364
0 0.06063888888888888 0.5315833333333333 0.012231481481481489 0.009619791666666622
0 0.25620370370370366 0.5277552083333333 0.024083333333333297 0.013895833333333307
0 0.33325 0.5414791666666667 0.016472222222222162 0.013973958333333236
0 0.3040555555555555 0.5880208333333333 0.011981481481481558 0.007406249999999837
0 0.2636296296296296 0.5954739583333333 0.012972222222222187 0.01107812500000005
0 0.2521481481481481 0.5953697916666666 0.008981481481481524 0.010161458333333507
0 0.3658148148148148 0.6328541666666666 0.009231481481481453 0.01495833333333323
0 0.17860185185185182 0.610953125 0.014601851851851835 0.016067708333333285
0 0.0839074074074074 0.5637760416666666 0.011851851851851869 0.008739583333333379
0 0.0579537037037037 0.5601979166666666 0.016092592592592582 0.008598958333333507
0 0.06075925925925926 0.5929479166666667 0.014472222222222225 0.008828124999999964
0 0.09320370370370369 0.6176927083333333 0.020462962962962954 0.012703124999999992
0 0.07324074074074073 0.6414895833333334 0.009481481481481483 0.008364583333333364
0 0.0980648148148148 0.6553906249999999 0.007731481481481476 0.005286458333333322
0 0.08564814814814814 0.6493541666666667 0.013351851851851847 0.00724479166666665
0 0.08821296296296295 0.65896875 0.009481481481481483 0.008614583333333314
0 0.14329629629629628 0.646859375 0.012851851851851847 0.006864583333333308
0 0.17491666666666666 0.6850468749999999 0.013222222222222198 0.006281249999999972
0 0.13530555555555554 0.6905572916666666 0.013851851851851846 0.0068489583333333215
0 0.18988888888888888 0.7270625 0.01173148148148147 0.012484374999999836
0 0.21241666666666667 0.7162552083333333 0.014351851851851826 0.007708333333333428
0 0.1980648148148148 0.7144999999999999 0.009361111111111124 0.008406249999999994
0 0.29138888888888886 0.718359375 0.02358333333333336 0.007734374999999893
0 0.29987037037037034 0.695265625 0.013351851851851788 0.009239583333333279
0 0.45888888888888885 0.7034427083333332 0.020712962962962916 0.008052083333333293
0 0.5503425925925925 0.7005989583333333 0.013472222222222127 0.0053593749999999215
0 0.8621296296296297 0.700421875 0.014972222222222184 0.0062239583333331796
0 0.9001759259259259 0.6731510416666666 0.01622222222222231 0.00852604166666655
0 0.9313055555555555 0.6290260416666666 0.01260185185185176 0.008005208333333336
0 0.8339259259259258 0.6240416666666666 0.013472222222222285 0.005057291666666686
0 0.727037037037037 0.7541718749999999 0.012740740740740837 0.010380208333333307
0 0.6693981481481482 0.7614166666666666 0.01775000000000012 0.005848958333333343
0 0.6139444444444444 0.7655833333333334 0.015148148148148109 0.004828125000000049
0 0.5667129629629629 0.7664791666666667 0.00740740740740746 0.003911458333333506
0 0.506712962962963 0.777015625 0.012481481481481498 0.005739583333333265
0 0.4980925925925926 0.7834895833333333 0.012546296296296253 0.005020833333333208
0 0.4833055555555556 0.7459635416666666 0.015083333333333353 0.005296874999999979
0 0.2834259259259259 0.7535833333333334 0.01812962962962964 0.006739583333333421
0 0.2563611111111111 0.7612135416666665 0.017509259259259204 0.0053593749999999215
0 0.20863888888888887 0.7448385416666665 0.012824074074074095 0.005901041666666629
0 0.8945462962962962 0.39040625 0.014916666666666679 0.010072916666666654
0 0.6558148148148147 0.42453124999999997 0.015166666666666767 0.008958333333333356
0 0.5849814814814814 0.43414062499999995 0.017509259259259283 0.01083333333333325