0 0.5474814814814815 0.25426041666666666 0.017953703703703798 0.007343749999999982
0 0.6603981481481481 0.2731927083333333 0.010361111111111161 0.010411458333333368
0 0.5125092592592593 0.26944270833333334 0.01887962962962967 0.007911458333333333
0 0.47309259259259256 0.2744427083333333 0.015546296296296367 0.005411458333333385
0 0.41441666666666666 0.2526822916666666 0.015916666666666718 0.00770312500000001
0 0.5434259259259259 0.29349479166666664 0.01776851851851862 0.004791666666666661
0 0.6504074074074074 0.30588541666666663 0.011101851851851861 0.008744791666666618
0 0.7026018518518518 0.317546875 0.01554629629629621 0.006244791666666671
0 0.7388796296296296 0.3398229166666667 0.011842592592592559 0.010828125000000011
0 0.4877129629629629 0.34096874999999993 0.012953703703703764 0.004375000000000018
0 0.9044722222222222 0.3745104166666666 0.019583333333333522 0.01047395833333331
0 0.9046388888888888 0.3811927083333333 0.02183333333333337 0.007583333333333275
0 0.895 0.39627083333333335 0.02183333333333337 0.007401041666666686
0 0.8413981481481481 0.3745104166666666 0.015407407407407606 0.006140625000000011
0 0.8473333333333333 0.38299479166666667 0.015083333333333195 0.009031249999999958
0 0.8368981481481481 0.38335937499999995 0.012194444444444407 0.008666666666666689
0 0.8117037037037036 0.3844427083333333 0.015083333333333195 0.009750000000000014
0 0.8009444444444443 0.39933854166666666 0.010268518518518337 0.008484374999999966
0 0.9437962962962962 0.45071354166666666 0.009629629629629714 0.011197916666666608
0 0.909287037037037 0.4390677083333333 0.00866666666666668 0.008484374999999923
0 0.881361111111111 0.4482760416666666 0.015083333333333195 0.006317708333333449
0 0.9153888888888888 0.47761979166666657 0.009953703703703808 0.007583333333333364
0 0.8590462962962963 0.46795833333333337 0.015407407407407606 0.0041510416666666215
0 0.9890925925925925 0.504609375 0.009407407407407378 0.008822916666666635
0 0.9600740740740741 0.5174010416666667 0.015157407407407201 0.01146875000000005
0 0.9919629629629628 0.5419531249999999 0.010981481481481599 0.0076458333333333075
0 0.9734074074074073 0.5391614583333333 0.009407407407407378 0.009114583333333393
0 0.9887777777777779 0.5626927083333333 0.009453703703703633 0.011229166666666578
0 0.9837037037037036 0.5744114583333333 0.009101851851851785 0.011427083333333421
0 0.9796759259259258 0.5930260416666666 0.014009259259259466 0.008468750000000113
0 0.9616388888888887 0.6126770833333333 0.014361111111111314 0.0067968750000000355
0 0.9408888888888888 0.6252812499999999 0.009629629629629714 0.009359374999999837
0 0.9007962962962962 0.6447864583333333 0.02013888888888889 0.0067968750000000355
0 0.9478055555555553 0.6665989583333333 0.011555555555555467 0.006895833333333279
0 0.8834629629629629 0.6766458333333334 0.014185185185185231 0.012411458333333236
0 0.8838981481481482 0.6906354166666666 0.016805555555555744 0.0035468749999999715
0 0.8993981481481481 0.7087552083333333 0.009277777777777866 0.010442708333333429
0 0.8883611111111109 0.7164375 0.013481481481481537 0.00649999999999995
0 0.8207777777777778 0.7175729166666667 0.011379629629629701 0.010343750000000007
0 0.8361851851851851 0.6873333333333334 0.010685185185185258 0.008177083333333179
0 0.7823425925925925 0.7046197916666666 0.015055555555555442 0.006302083333333286
0 0.7784907407407408 0.7090520833333334 0.01470370370370391 0.005713541666666622
0 0.7839166666666666 0.700875 0.008055555555555493 0.008078125000000113
0 0.7528333333333332 0.719296875 0.01733333333333336 0.005515625000000135
0 0.8218240740740741 0.7348541666666667 0.012083333333333397 0.010442708333333429
0 0.7835648148148148 0.7457395833333333 0.016805555555555744 0.006203124999999865
0 0.7176388888888888 0.7374166666666666 0.01698148148148143 0.005911458333333286
0 0.6958425925925926 0.7432291666666666 0.015759259259259296 0.008078125000000113
0 0.6740462962962963 0.7397812500000001 0.01173148148148155 0.009062500000000107
0 0.7016203703703703 0.7700677083333333 0.01225925925925932 0.006203124999999865
0 0.7191296296296296 0.7775052083333333 0.01750925925925936 0.004927083333333293
0 0.72675 0.7814427083333333 0.01593518518518522 0.005911458333333286
0 0.6954074074074074 0.7870572916666667 0.01453703703703708 0.007682291666666607
0 0.6845462962962963 0.7801614583333334 0.008583333333333264 0.009848958333333258
0 0.6856018518518519 0.8030520833333332 0.023564814814814858 0.009765625
0 0.6403333333333333 0.8117708333333333 0.017361111111111112 0.008026041666666473
0 0.6392962962962964 0.8008749999999999 0.015083333333333353 0.006338541666666675
0 0.6039814814814815 0.7694166666666666 0.01735185185185186 0.005380208333333236
0 0.5395277777777778 0.7815677083333332 0.014518518518518578 0.0061770833333334
0 0.5166851851851851 0.7999947916666666 0.010620370370370343 0.011552083333333218
0 0.5372222222222223 0.777484375 0.01841666666666681 0.005578125000000078
0 0.530324074074074 0.7330625 0.016648148148148165 0.006374999999999886
0 0.4485185185185184 0.8135416666666666 0.01451851851851842 0.007171874999999872
0 0.4302777777777777 0.8163281249999998 0.008500000000000006 0.008765624999999843
0 0.3982314814814814 0.8228020833333332 0.01735185185185186 0.0061770833333334
0 0.37803703703703695 0.8171250000000001 0.016648148148148165 0.005973958333333229
0 0.36954629629629626 0.7947187499999999 0.015231481481481523 0.007770833333333371
0 0.33218518518518514 0.7889375 0.016287037037037065 0.008567708333333179
0 0.285787037037037 0.7782812499999999 0.01700000000000001 0.008765625000000022
0 0.2717962962962963 0.7583645833333332 0.013814814814814804 0.004781249999999915
0 0.2923425925925926 0.746109375 0.010268518518518574 0.0137447916666666
0 0.2450648148148148 0.7123489583333333 0.01700000000000001 0.0075677083333333785
0 0.19441666666666665 0.7435208333333333 0.022666666666666658 0.007369791666666714
0 0.15971296296296297 0.7436197916666666 0.015583333333333331 0.007968750000000035
0 0.22115740740740739 0.7153333333333334 0.013101851851851858 0.010755208333333321
0 0.1168611111111111 0.7213125 0.012037037037037023 0.011156249999999979
0 0.1609537037037037 0.710953125 0.01593518518518518 0.0067708333333333925
0 0.1636111111111111 0.70428125 0.01274999999999997 0.008567708333333179
0 0.164 0.691953125 0.018546296296296283 0.012213541666666572
0 0.11830555555555552 0.6845729166666666 0.017648148148148125 0.011197916666666608
0 0.10903703703703703 0.6875 0.01719444444444444 0.01043229166666677
0 0.09568518518518518 0.6868593749999999 0.008592592592592594 0.01068750000000005
0 0.0680925925925926 0.6876249999999999 0.008592592592592594 0.00610937499999995
0 0.3128518518518518 0.6735 0.018546296296296245 0.005854166666666494
0 0.4490277777777777 0.7120572916666668 0.010407407407407416 0.003562500000000135
0 0.18843518518518515 0.66803125 0.012212962962962988 0.010177083333333314
0 0.11016666666666666 0.667140625 0.011314814814814826 0.009927083333333364
0 0.10993518518518519 0.6536510416666667 0.010861111111111101 0.009416666666666629
0 0.048638888888888884 0.6313854166666666 0.012212962962962962 0.012213541666666572
0 0.05610185185185185 0.6264218749999999 0.009953703703703711 0.009416666666666629
0 0.06922222222222223 0.6339270833333334 0.012666666666666673 0.010177083333333314
0 0.09478703703703704 0.6268020833333333 0.009500000000000005 0.009671875000000085
0 0.13844444444444445 0.6131874999999999 0.016287037037037027 0.008906249999999893
0 0.10043518518518518 0.5989375 0.010861111111111101 0.013994791666666551
0 0.044333333333333336 0.5928281249999999 0.014481481481481475 0.010942708333333506
0 0.14024999999999999 0.5345520833333333 0.013574074074074084 0.010942708333333329
0 0.03823148148148148 0.53340625 0.014027777777777785 0.008651041666666614
0 0.030537037037037033 0.558984375 0.006787037037037032 0.007380208333333371
0 0.03890740740740741 0.5260260416666667 0.02081481481481481 0.00763541666666665
0 0.14048148148148148 0.5073229166666666 0.01583333333333334 0.016541666666666722
0 0.09500925925925927 0.5037604166666666 0.012666666666666673 0.011453125000000064
0 0.009046296296296294 0.5243697916666666 0.01086111111111111 0.009416666666666629
0 0.02511111111111111 0.5187708333333333 0.008592592592592594 0.007890625000000106
0 0.024657407407407402 0.5120312499999999 0.021259259259259256 0.006614583333333357
0 0.030314814814814815 0.4850520833333333 0.0099537037037037 0.011197916666666608
0 0.05044444444444444 0.489 0.006787037037037042 0.012979166666666764
0 0.08211111111111112 0.48416145833333335 0.013120370370370359 0.009927083333333364
0 0.047499999999999994 0.4690208333333333 0.012666666666666673 0.008651041666666614
0 0.0631111111111111 0.46965625 0.01492592592592593 0.010432291666666593
0 0.05564814814814814 0.46023958333333326 0.018092592592592598 0.010432291666666593
0 0.11038888888888887 0.443953125 0.018092592592592598 0.010942708333333329
0 0.114 0.37078124999999995 0.01633333333333332 0.0058802083333333146
0 0.15711111111111112 0.37702604166666664 0.009796296296296268 0.0058802083333333146
0 0.09537962962962963 0.38235416666666666 0.022212962962962973 0.006984375000000043
0 0.08982407407407407 0.3965052083333333 0.01633333333333335 0.008817708333333351
0 0.10779629629629629 0.42222395833333326 0.009148148148148157 0.008817708333333308
0 0.11007407407407407 0.41542708333333334 0.017638888888888912 0.005510416666666629
0 0.1884722222222222 0.4551145833333333 0.011101851851851861 0.010656250000000079
0 0.34068518518518515 0.47385416666666663 0.018944444444444503 0.006244791666666671
0 0.5686851851851851 0.5374270833333332 0.012416666666666742 0.009187499999999993
0 0.5726018518518519 0.5918177083333334 0.011101851851851861 0.009921875000000035
0 0.538962962962963 0.6252552083333333 0.01045370370370367 0.014333333333333264
0 0.5938333333333333 0.6079843749999999 0.018296296296296234 0.004041666666666721
0 0.7310277777777776 0.6298489583333333 0.007842592592592724 0.00955208333333335
0 0.8473148148148147 0.6291145833333334 0.019601851851852023 0.008083333333333265
0 0.8858518518518518 0.6289322916666666 0.013064814814814616 0.009187499999999993
0 0.9309351851851851 0.559109375 0.019601851851852023 0.009187499999999993
0 0.8825925925925926 0.5541510416666666 0.01698148148148151 0.012494791666666494
0 0.8440462962962964 0.5594791666666666 0.01045370370370367 0.007718750000000085
0 0.6546666666666666 0.70996875 0.015092592592592604 0.008489583333333429
0 0.5980648148148148 0.7041354166666667 0.015092592592592604 0.007427083333333506
0 0.6339166666666666 0.5836822916666666 0.011324074074074039 0.007427083333333506
0 0.9208611111111111 0.5051875 0.01148148148148146 0.009567708333333336
0 0.929574074074074 0.4983697916666666 0.008509259259259414 0.009328125000000043
0 0.8753611111111111 0.5086562499999999 0.010629629629629751 0.009328125000000043
0 0.577824074074074 0.512859375 0.016129629629629643 0.004718749999999971
0 0.571212962962963 0.46894270833333335 0.013870370370370387 0.004718749999999971
0 0.6552592592592592 0.45551041666666664 0.00903703703703703 0.007984375000000021
0 0.6782592592592592 0.4100208333333333 0.014101851851851817 0.01086979166666655
0 0.49596296296296294 0.43367187499999993 0.017240740740740692 0.010578124999999971
0 0.3736296296296296 0.3674895833333333 0.02676851851851849 0.00933333333333337
0 0.4501759259259259 0.36010937499999995 0.01605555555555564 0.006020833333333276
0 0.13962962962962963 0.34390624999999997 0.019462962962962946 0.0056197916666666185
0 0.3184444444444444 0.32171875 0.015250000000000026 0.0062135416666667
0 0.26875 0.3186145833333333 0.02103703703703709 0.010057291666666668
0 0.2477129629629629 0.3129895833333333 0.018935185185185253 0.007098958333333361