0 0.6256666666666667 0.3099635416666667 0.013944444444444395 0.009572916666666754
0 0.6140925925925925 0.31177083333333333 0.010879629629629682 0.006906250000000025
0 0.6013981481481482 0.31004166666666666 0.012277777777777821 0.007843749999999972
0 0.6008425925925925 0.3170260416666667 0.01004629629629616 0.006119791666666696
0 0.6118611111111111 0.3199270833333333 0.006972222222222197 0.007843749999999972
0 0.6057222222222222 0.3314583333333333 0.009203703703703702 0.007062499999999972
0 0.6172962962962962 0.33915104166666665 0.01004629629629616 0.005177083333333332
0 0.6376574074074074 0.33608854166666663 0.011157407407407366 0.004708333333333314
0 0.6594166666666667 0.3341302083333333 0.00892592592592602 0.005489583333333314
0 0.6290092592592592 0.34903125 0.010601851851851841 0.006119791666666696
0 0.538212962962963 0.337421875 0.010879629629629682 0.006119791666666696
0 0.5166018518518517 0.3061979166666666 0.009481481481481542 0.008317708333333318
0 0.5269166666666667 0.3099635416666667 0.01004629629629616 0.007062499999999972
0 0.4390648148148148 0.3354583333333333 0.01364814814814821 0.005671875000000081
0 0.40742592592592586 0.3348125 0.01288888888888885 0.0058125000000000425
0 0.4245277777777777 0.32986458333333335 0.01161111111111113 0.0060989583333333815
0 0.3874629629629629 0.3218229166666666 0.01046296296296292 0.005526041666666615
0 0.39638888888888885 0.3239791666666666 0.0071481481481481205 0.0036614583333332896
0 0.38379629629629625 0.33386979166666664 0.004722222222222191 0.004921875000000053
0 0.3038888888888889 0.3303541666666666 0.011805555555555555 0.006953124999999982
0 0.31353703703703706 0.333203125 0.009999999999999985 0.004375000000000018
0 0.3241574074074074 0.3446458333333333 0.00930555555555554 0.006953124999999982
0 0.2871851851851852 0.3523645833333333 0.013472222222222207 0.006197916666666714
0 0.30745370370370373 0.3401666666666666 0.012648148148148092 0.0052604166666665895
0 0.29192592592592587 0.348140625 0.013750000000000047 0.0035572916666666288
0 0.2977592592592592 0.3465052083333333 0.01455555555555558 0.0035104166666666712
0 0.29671296296296296 0.342703125 0.011583333333333298 0.0037604166666667105
0 0.31715740740740733 0.36306770833333335 0.010407407407407416 0.003932291666666643
0 0.28261111111111115 0.37779166666666664 0.009268518518518537 0.003750000000000053
0 0.17366666666666666 0.38628124999999996 0.009398148148148128 0.0031197916666666713
0 0.20215740740740742 0.3803802083333333 0.0069537037037036955 0.0033854166666666963
0 0.2099537037037037 0.38075 0.006731481481481438 0.0038697916666666997
0 0.1821296296296296 0.4176510416666666 0.007342592592592625 0.005072916666666672
0 0.1897685185185185 0.4159739583333333 0.008564814814814841 0.004130208333333307
0 0.2044537037037037 0.41503125 0.007342592592592625 0.0055052083333333
0 0.1630833333333333 0.42569270833333334 0.013305555555555572 0.00997916666666665
0 0.1370925925925926 0.42255729166666656 0.014527777777777789 0.01040624999999995
0 0.12210185185185184 0.4219114583333333 0.008101851851851865 0.005677083333333321
0 0.1658425925925926 0.43657812499999993 0.006879629629629649 0.007484374999999943
0 0.1849537037037037 0.4351145833333333 0.013916666666666641 0.004213541666666565
0 0.19344444444444442 0.44444791666666666 0.013759259259259297 0.004645833333333372
0 0.25613888888888886 0.4296510416666666 0.008870370370370435 0.008776041666666679
0 0.30850925925925926 0.43494270833333337 0.016666666666666666 0.0038697916666666997
0 0.33359259259259255 0.411328125 0.012694444444444505 0.007395833333333357
0 0.3411574074074074 0.3968385416666666 0.008259259259259247 0.009031249999999958
0 0.16341666666666665 0.46691666666666665 0.011564814814814837 0.008364583333333364
0 0.1549259259259259 0.47209375 0.005898148148148152 0.007036458333333329
0 0.13450925925925925 0.47315625 0.01415740740740744 0.009427083333333286
0 0.1022962962962963 0.4587552083333333 0.016287037037037027 0.0053072916666666355
0 0.10171296296296295 0.43784895833333326 0.009907407407407396 0.008364583333333364
0 0.10831481481481481 0.48656249999999995 0.009907407407407396 0.006239583333333343
0 0.13274074074074074 0.4859010416666666 0.012981481481481478 0.008364583333333364
0 0.08908333333333332 0.4856979166666666 0.015342592592592583 0.0050416666666666995
0 0.0787037037037037 0.4950572916666666 0.01109259259259259 0.012875000000000015
0 0.09462962962962962 0.4941927083333333 0.01746296296296295 0.005572916666666749
0 0.10819444444444443 0.5026249999999999 0.016759259259259255 0.006239583333333343
0 0.14796296296296296 0.4989739583333333 0.008962962962962982 0.008760416666666692
0 0.10843518518518518 0.5127135416666666 0.014398148148148158 0.006505208333333279
0 0.10087962962962962 0.5221354166666666 0.010620370370370382 0.007036458333333329
0 0.08566666666666665 0.5366041666666665 0.01085185185185185 0.007302083333333265
0 0.0774074074074074 0.5346822916666666 0.007083333333333345 0.006635416666666671
0 0.12330555555555554 0.5322239583333332 0.013453703703703706 0.005177083333333244
0 0.04259259259259259 0.5413854166666667 0.006370370370370365 0.0067708333333333925
0 0.04507407407407407 0.55678125 0.006611111111111114 0.0067708333333333925
0 0.049083333333333326 0.5681979166666666 0.011324074074074078 0.004114583333333322
0 0.04200925925925925 0.571515625 0.013212962962962961 0.004114583333333322
0 0.04542592592592592 0.5758333333333333 0.011092592592592595 0.002921875000000007
0 0.0873148148148148 0.5684635416666667 0.008962962962962973 0.00544270833333318
0 0.13627777777777778 0.5729791666666666 0.011092592592592609 0.009687499999999894
0 0.05097222222222222 0.5892395833333333 0.014629629629629628 0.0058385416666666854
0 0.05321296296296296 0.5942135416666667 0.018638888888888885 0.004114583333333322
0 0.08388888888888887 0.594546875 0.009675925925925909 0.007697916666666771
0 0.07044444444444445 0.6056302083333333 0.00637037037037036 0.005973958333333229
0 0.11209259259259259 0.6029739583333333 0.0141574074074074 0.004645833333333372
0 0.12023148148148148 0.6061614583333332 0.020055555555555552 0.004380208333333258
0 0.0720925925925926 0.6131302083333333 0.013453703703703706 0.011947916666666636
0 0.07162037037037036 0.6225572916666666 0.012981481481481498 0.0053072916666666355
0 0.05793518518518517 0.6301875 0.007314814814814814 0.0075677083333333785
0 0.0930925925925926 0.6253437500000001 0.012037037037037034 0.0061041666666666215
0 0.08330555555555555 0.6307864583333332 0.007083333333333345 0.007166666666666721
0 0.07055555555555555 0.6608489583333332 0.009907407407407396 0.00916145833333335
0 0.07893518518518518 0.6622447916666666 0.00778703703703704 0.004515624999999979
0 0.09167592592592591 0.6568697916666666 0.014398148148148158 0.0067708333333333925
0 0.09191666666666666 0.6685520833333333 0.016759259259259255 0.007833333333333314
0 0.09639814814814815 0.6417343750000001 0.012981481481481478 0.007036458333333506
0 0.11008333333333332 0.6380885416666666 0.007314814814814833 0.007963541666666707
0 0.12908333333333333 0.6458541666666666 0.01415740740740744 0.005973958333333229
0 0.12141666666666664 0.6491718750000001 0.013925925925925932 0.006505208333333279
0 0.10749074074074073 0.64571875 0.014398148148148158 0.006239583333333343
0 0.1303888888888889 0.6165677083333333 0.018824074074074045 0.00607291666666665
0 0.16000925925925927 0.6150885416666666 0.01605555555555552 0.005604166666666721
0 0.1608425925925926 0.6482604166666667 0.007750000000000017 0.007161458333333393
0 0.1778611111111111 0.6431979166666666 0.006916666666666692 0.005760416666666579
0 0.22949074074074072 0.63634375 0.009416666666666709 0.010119791666666522
0 0.19544444444444445 0.6714583333333334 0.010518518518518505 0.008718749999999886
0 0.1442314814814815 0.687109375 0.012185185185185195 0.008874999999999921
0 0.16775925925925925 0.7115572916666666 0.009416666666666669 0.01043229166666677
0 0.13966666666666666 0.7219895833333333 0.01135185185185183 0.005447916666666686
0 0.15018518518518517 0.7274427083333334 0.014120370370370358 0.008255208333333286
0 0.14824074074074073 0.7356145833333334 0.01633333333333332 0.008718749999999886
0 0.2112222222222222 0.7535260416666667 0.013842592592592556 0.018375000000000162
0 0.21524074074074073 0.7300104166666666 0.01633333333333332 0.009656249999999922
0 0.21703703703703703 0.720125 0.00996296296296298 0.011369791666666629
0 0.2535833333333333 0.72853125 0.00996296296296298 0.007942708333333392
0 0.23004629629629628 0.6994114583333333 0.014944444444444432 0.007005208333333179
0 0.23932407407407408 0.7632552083333334 0.009138888888888867 0.010119791666666522
0 0.22949074074074072 0.7758697916666667 0.007749999999999978 0.007317708333333428
0 0.24555555555555553 0.7663697916666667 0.010518518518518505 0.011369791666666629
0 0.25759259259259254 0.7697187499999999 0.01799074074074072 0.004984375000000085
0 0.2722685185185185 0.7666822916666666 0.011907407407407394 0.006697916666666792
0 0.2743425925925926 0.7776614583333332 0.01937962962962961 0.007473958333333286
0 0.2730925925925926 0.7899635416666666 0.013564814814814793 0.007786458333333179
0 0.30202777777777773 0.774703125 0.010518518518518505 0.007473958333333286
0 0.3323425925925926 0.77034375 0.007472222222222295 0.009656249999999922
0 0.2992592592592592 0.792140625 0.012185185185185157 0.009343750000000029
0 0.2959351851851852 0.782875 0.008861111111111184 0.007630208333333321
0 0.3061759259259259 0.783265625 0.011629629629629552 0.007786458333333179
0 0.30825 0.7985260416666666 0.013009259259259191 0.004359374999999855
0 0.31697222222222216 0.7918333333333333 0.013287037037037031 0.005604166666666721
0 0.3171666666666667 0.8076822916666666 0.009601851851851882 0.014499999999999957
0 0.33138888888888884 0.8008854166666666 0.016712962962962923 0.010901041666666611
0 0.3411666666666667 0.801984375 0.01315740740740744 0.004098958333333247
0 0.3614351851851852 0.8028333333333333 0.014935185185185182 0.007401041666666686
0 0.3569907407407407 0.7719322916666667 0.00995370370370369 0.01019791666666663
0 0.3703240740740741 0.7936822916666666 0.010314814814814749 0.0069010416666666075
0 0.38614814814814813 0.808234375 0.013509259259259289 0.005802083333333386
0 0.39352777777777775 0.8171354166666667 0.018314814814814735 0.0098020833333333
0 0.3801018518518518 0.8245833333333333 0.014222222222222235 0.008500000000000086
0 0.3753055555555555 0.8071822916666666 0.009240740740740706 0.005901041666666629
0 0.4020648148148148 0.8140833333333333 0.007999999999999988 0.0073020833333334425
0 0.39610185185185187 0.7980364583333334 0.019203703703703764 0.007598958333333438
0 0.38952777777777775 0.7863854166666666 0.014574074074074083 0.008697916666666573
0 0.43114814814814806 0.8221197916666666 0.012425925925925835 0.008260416666666614
0 0.5097962962962963 0.8311979166666668 0.013231481481481448 0.0049895833333334135
0 0.5468240740740741 0.8340989583333333 0.015000000000000095 0.007895833333333258
0 0.5224629629629629 0.8166302083333333 0.01145370370370355 0.007442708333333314
0 0.5163333333333333 0.7972552083333333 0.014685185185185093 0.015156249999999982
0 0.530611111111111 0.8046510416666667 0.014518518518518578 0.007802083333333343
0 0.5813425925925926 0.8264791666666665 0.022425925925925898 0.005171874999999914
0 0.5727962962962962 0.8213072916666666 0.0169351851851851 0.0049895833333334135
0 0.570212962962963 0.81640625 0.01887962962962967 0.005171874999999914
0 0.570212962962963 0.8114114583333333 0.014685185185185093 0.004807291666666558
0 0.5899722222222222 0.8096874999999999 0.02064814814814816 0.007166666666666899
0 0.570212962962963 0.7960312500000001 0.011777777777777804 0.008531250000000056
0 0.6117592592592593 0.797078125 0.01775000000000012 0.006078125000000068
0 0.5761388888888889 0.84059375 0.017935185185185137 0.007026041666666672
0 0.6094814814814815 0.8265416666666667 0.014509259259259326 0.007255208333333129
0 0.6196574074074074 0.8322083333333332 0.016722222222222173 0.007255208333333129
0 0.6420185185185185 0.8276770833333333 0.009472222222222292 0.009067708333333258
0 0.6619722222222222 0.8020052083333333 0.013092592592592685 0.006005208333333467
0 0.6243055555555556 0.7665104166666666 0.013314814814814863 0.01169270833333318
0 0.6654074074074073 0.7474010416666667 0.013777777777777878 0.007354166666666551
0 0.6728796296296297 0.7619114583333333 0.016583333333333408 0.006171874999999894
0 0.6757962962962962 0.7366302083333333 0.011675925925925887 0.009718749999999865
0 0.5793518518518519 0.7274999999999999 0.007935185185185073 0.012739583333333294
0 0.7267962962962963 0.8054114583333334 0.0180092592592593 0.005614583333333556
0 0.7251018518518517 0.7796875 0.016759259259259175 0.009729166666666521
0 0.72225 0.7696562499999999 0.011055555555555607 0.005317708333333293
0 0.750861111111111 0.780890625 0.012305555555555417 0.006921874999999922
0 0.822824074074074 0.8241458333333332 0.0062129629629629965 0.0037968750000000996
0 0.7750277777777778 0.7950625 0.0062129629629629965 0.008505208333333236
0 0.7797592592592592 0.7834427083333333 0.014583333333333334 0.007140625000000078
0 0.8005462962962963 0.7716718749999999 0.021055555555555668 0.004859375000000022
0 0.8143148148148147 0.765828125 0.01620370370370381 0.0044062500000000785
0 0.8048703703703703 0.7540572916666666 0.014583333333333334 0.004557291666666607
0 0.8016296296296296 0.7583072916666667 0.01889814814814833 0.004249999999999865
0 0.8268703703703703 0.7561822916666665 0.014305555555555492 0.00546875
0 0.8452314814814814 0.7544375 0.014305555555555492 0.005619791666666707
0 0.853462962962963 0.7590677083333334 0.022138888888888965 0.0051614583333332575
0 0.8553518518518517 0.7457760416666667 0.015657407407407377 0.0040989583333333355
0 0.824037037037037 0.7425885416666667 0.010796296296296267 0.002885416666666707
0 0.8453703703703703 0.7403125 0.014583333333333334 0.0044062500000000785
0 0.8488796296296296 0.7327916666666667 0.010259259259259086 0.004557291666666607
0 0.8600833333333333 0.7297552083333334 0.009990740740740812 0.0036458333333333924
0 0.8750648148148148 0.7231510416666667 0.007555555555555631 0.003187499999999943
0 0.900712962962963 0.7352239583333333 0.015120370370370197 0.005770833333333236
0 0.9204259259259259 0.7188229166666666 0.017824074074073968 0.00546875
0 0.7124907407407407 0.709796875 0.013990740740740647 0.005385416666666742
0 0.7352222222222221 0.7398020833333334 0.008490740740740913 0.0033645833333332932
0 0.7289537037037036 0.737140625 0.00790740740740748 0.00369270833333335
0 0.3759722222222222 0.7616197916666666 0.007453703703703714 0.003010416666666771
0 0.37175925925925923 0.714953125 0.014222222222222235 0.014473958333333314
0 0.3411203703703704 0.7003854166666666 0.02471296296296299 0.0104739583333334
0 0.40375925925925926 0.703625 0.019296296296296273 0.005520833333333286
0 0.4127314814814814 0.7065729166666666 0.014898148148148178 0.00685416666666665
0 0.3265648148148148 0.6772656249999999 0.006768518518518442 0.0060520833333333355
0 0.48695370370370367 0.6571822916666666 0.023898148148148043 0.008145833333333208
0 0.969462962962963 0.666796875 0.01824074074074057 0.008447916666666621
0 0.9401759259259259 0.67415625 0.006009259259259162 0.0024114583333334494
0 0.9322407407407408 0.675421875 0.006435185185185333 0.0034999999999998366
0 0.9054166666666666 0.6728281249999999 0.01287037037037035 0.0050677083333333425
0 0.9206574074074072 0.6893645833333333 0.01201851851851864 0.007723958333333236
0 0.9274074074074075 0.7088541666666666 0.009657407407407467 0.01146354166666672
0 0.9026296296296296 0.7099427083333333 0.007296296296296292 0.0034999999999998366
0 0.8994166666666665 0.6926822916666666 0.007296296296296292 0.0032604166666667213
0 0.8695925925925925 0.6686666666666665 0.01029629629629609 0.004463541666666693
0 0.8884722222222221 0.6634739583333332 0.009444444444444382 0.004463541666666693
0 0.8909351851851852 0.6561145833333333 0.006648148148148102 0.0049479166666666075
0 0.8661574074074074 0.6559322916666667 0.01073148148148151 0.00603645833333335
0 0.9001666666666666 0.6439270833333333 0.013944444444444395 0.006880208333333293
0 0.9524074074074073 0.645796875 0.01073148148148151 0.007239583333333322
0 0.9806203703703703 0.6399427083333333 0.01223148148148141 0.008328124999999886
0 0.9884537037037037 0.6204531249999999 0.017166666666666528 0.008932291666666713
0 0.8497407407407407 0.6500208333333333 0.006648148148148102 0.0050677083333333425
0 0.8588611111111111 0.6409687500000001 0.011157407407407366 0.004104166666666664
0 0.8382685185185185 0.6307083333333333 0.01201851851851864 0.007963541666666707
0 0.8268888888888888 0.6261822916666666 0.01287037037037035 0.005187500000000078
0 0.9060648148148147 0.6215364583333333 0.008157407407407252 0.007000000000000029
0 0.9204351851851852 0.62871875 0.006435185185185333 0.0049479166666666075
0 0.9490833333333332 0.630046875 0.006222222222222248 0.005671874999999993
0 0.9846944444444444 0.6032552083333333 0.01265740740740758 0.004708333333333314
0 0.9768703703703703 0.5952864583333334 0.01287037037037035 0.005671874999999993
0 0.9760092592592591 0.5843072916666665 0.007722222222222463 0.005187500000000078
0 0.9555185185185185 0.5892552083333332 0.005796296296296393 0.003984375000000107
0 0.9326666666666666 0.5861145833333332 0.009444444444444382 0.008567708333333179
0 0.9378148148148149 0.5942604166666666 0.008583333333333422 0.004828125000000049
0 0.9433981481481482 0.6037343749999999 0.004722222222222032 0.005187500000000078
0 0.9528333333333333 0.6085625 0.008583333333333422 0.005432291666666522
0 0.9197962962962963 0.5986666666666667 0.009009259259259276 0.005432291666666522
0 0.8643333333333333 0.5943229166666666 0.01651851851851834 0.005187500000000078
0 0.8606851851851851 0.5791145833333333 0.01866666666666674 0.006395833333333378
0 0.8788148148148148 0.5735052083333334 0.01029629629629609 0.008932291666666713
0 0.9086388888888889 0.5756145833333333 0.014592592592592584 0.007359375000000057
0 0.917111111111111 0.56928125 0.010083333333333321 0.006515625000000113
0 0.9465092592592593 0.5600468749999999 0.006648148148148102 0.005911458333333286
0 0.9305185185185185 0.5545572916666666 0.01073148148148151 0.0050677083333333425
0 0.970962962962963 0.5509947916666667 0.013944444444444395 0.006635416666666494
0 0.9919907407407406 0.5485833333333333 0.009657407407407151 0.006395833333333378
0 0.9702129629629629 0.5437552083333334 0.01888888888888908 0.005671874999999993
0 0.9463981481481483 0.5310833333333334 0.008583333333333422 0.006395833333333378
0 0.9784722222222222 0.5353072916666666 0.006648148148148102 0.004708333333333314
0 0.9863055555555555 0.5386875 0.008157407407407252 0.005911458333333286
0 0.9899537037037037 0.521546875 0.006870370370370438 0.0061562499999999075
0 0.9411388888888887 0.5235416666666667 0.008370370370370337 0.007484374999999943
0 0.9332037037037036 0.514546875 0.013083333333333435 0.005671874999999993
0 0.9467222222222222 0.5140677083333334 0.007509259259259377 0.006635416666666671
0 0.9591666666666667 0.5065208333333333 0.008796296296296191 0.006760416666666736
0 0.9692499999999998 0.4855260416666667 0.007509259259259377 0.005552083333333435
0 0.9636759259259258 0.47605208333333326 0.011796296296295989 0.008088541666666593
0 0.9507962962962963 0.4770729166666666 0.013518518518518539 0.008932291666666713
0 0.9524074074074073 0.46349999999999997 0.007722222222222463 0.006880208333333293
0 0.9188333333333333 0.44985937499999995 0.007509259259259061 0.0061562499999999075
0 0.9214074074074073 0.44225520833333326 0.01223148148148141 0.0035000000000000144
0 0.9313796296296295 0.43597916666666664 0.005574074074074057 0.0054322916666667
0 0.9127129629629629 0.49360937499999996 0.019305555555555368 0.005791666666666551
0 0.9039166666666666 0.5014531249999999 0.009870370370370552 0.004343749999999957
0 0.8900833333333332 0.5046510416666666 0.008370370370370337 0.006395833333333378
0 0.8980185185185184 0.48835937499999993 0.010944444444444281 0.00905208333333345
0 0.8818148148148148 0.46397916666666666 0.018453703703703656 0.008812499999999978
0 0.8435185185185184 0.47538541666666667 0.004935185185185118 0.006515624999999936
0 0.8464166666666666 0.4545052083333333 0.018879629629629826 0.0038645833333333713
0 0.8791388888888889 0.431578125 0.005796296296296393 0.00603645833333335
0 0.9212962962962962 0.423671875 0.006870370370370438 0.006880208333333293
0 0.9017685185185185 0.41534375 0.006009259259259162 0.005187500000000078
0 0.8927592592592593 0.424515625 0.009870370370370552 0.006880208333333293
0 0.879462962962963 0.41709375 0.008157407407407252 0.005791666666666551
0 0.8604722222222222 0.4133541666666666 0.006222222222222248 0.006515624999999936
0 0.8695925925925925 0.41178124999999993 0.005574074074074057 0.005312499999999965
0 0.8713055555555554 0.4074375 0.006435185185185333 0.004104166666666664
0 0.822925925925926 0.4624739583333334 0.006648148148148102 0.004828125000000049
0 0.8104814814814815 0.4680260416666666 0.008370370370370337 0.005552083333333435
0 0.8661574074074074 0.3854739583333333 0.008157407407407252 0.006276041666666643
0 0.857361111111111 0.3927760416666667 0.006870370370370438 0.004947916666666696
0 0.8457777777777779 0.40321354166666656 0.006009259259259162 0.0050677083333333425
0 0.8411574074074074 0.39368229166666663 0.006648148148148102 0.003619791666666661
0 0.8483518518518518 0.39090624999999996 0.008157407407407252 0.005791666666666639
0 0.834185185185185 0.38185416666666666 0.006435185185185333 0.00723958333333341
0 0.8218518518518518 0.3800416666666666 0.009657407407407467 0.008687500000000004
0 0.802861111111111 0.38311979166666665 0.014592592592592584 0.0030156250000000105
0 0.7980370370370369 0.39259374999999996 0.01695370370370376 0.0038645833333333713
0 0.7832314814814814 0.3971197916666666 0.008796296296296191 0.006635416666666627
0 0.7900925925925925 0.3627239583333333 0.008796296296296191 0.007119791666666675
0 0.797074074074074 0.35590625 0.01073148148148151 0.0038645833333333713
0 0.7828055555555554 0.3542760416666667 0.007083333333333523 0.006156249999999997
0 0.7581296296296295 0.3648385416666667 0.005796296296296393 0.004343749999999957
0 0.7336666666666667 0.34981249999999997 0.007509259259259061 0.006156249999999997
0 0.7325925925925927 0.3363541666666666 0.011796296296296305 0.003135416666666657
0 0.7066388888888888 0.36230208333333336 0.015666666666666707 0.004104166666666753
0 0.7014814814814815 0.3466145833333333 0.008796296296296349 0.007484374999999943
0 0.7090000000000001 0.33846875 0.012231481481481489 0.004947916666666696
0 0.7003055555555556 0.327546875 0.011157407407407366 0.004828124999999961
0 0.6838888888888889 0.3264583333333333 0.010509259259259175 0.004104166666666753
0 0.6864629629629629 0.32175 0.010944444444444439 0.004588541666666668
0 0.6770277777777778 0.35735416666666664 0.007083333333333365 0.004828124999999961
0 0.7773981481481482 0.41235416666666663 0.010990740740740534 0.007624999999999993
0 0.7487407407407406 0.3885625 0.008694444444444432 0.006109375000000039
0 0.7318518518518518 0.408390625 0.019157407407407352 0.006223958333333357
0 0.6979814814814815 0.4097239583333333 0.011064814814814857 0.004000000000000092
0 0.7107222222222223 0.3925052083333333 0.0179722222222223 0.005557291666666675
0 0.6624351851851851 0.40394791666666663 0.015009259259259345 0.005557291666666764
0 0.6739814814814815 0.387671875 0.008888888888888858 0.0067760416666666325
0 0.766037037037037 0.6486666666666666 0.011805555555555555 0.005499999999999972
0 0.7769999999999999 0.6315937500000001 0.0060740740740739185 0.0058802083333333146
0 0.6618333333333333 0.6696302083333333 0.007759259259259308 0.007588541666666693
0 0.6198425925925926 0.6705781249999999 0.00944444444444454 0.006067708333333322
0 0.6424444444444445 0.7035885416666667 0.012138888888888744 0.007588541666666693
0 0.552611111111111 0.6493020833333334 0.020944444444444342 0.010208333333333286
0 0.30715740740740743 0.5859739583333333 0.024944444444444495 0.012057291666666714
0 0.4020740740740741 0.5445364583333333 0.014425925925925911 0.012937500000000135
0 0.30996296296296294 0.5381458333333333 0.03075000000000006 0.012067708333333371
0 0.5080277777777777 0.49450520833333333 0.02931481481481484 0.010057291666666579
0 0.2549074074074074 0.4836458333333333 0.027888888888888866 0.006031250000000021
0 0.29280555555555554 0.47741145833333326 0.013583333333333296 0.012869791666666686
0 0.3129259259259259 0.49178645833333334 0.020944444444444422 0.007453124999999972
0 0.44400925925925916 0.38782291666666663 0.014814814814814762 0.005729166666666697
0 0.5101944444444444 0.37090104166666665 0.020055555555555632 0.006593750000000042
0 0.563111111111111 0.3781875 0.014814814814814762 0.006942708333333325
0 0.5703611111111111 0.38573958333333336 0.015740740740740795 0.0060729166666667386
0 0.5976666666666667 0.3989270833333333 0.021601851851851785 0.009197916666666694
0 0.6356203703703703 0.5025 0.02283333333333341 0.006609375000000028
0 0.5548703703703703 0.49768229166666667 0.01645370370370374 0.0037760416666666073
0 0.6394814814814814 0.509109375 0.01981481481481495 0.006234375000000014
0 0.8177314814814814 0.5708958333333333 0.007370370370370299 0.005531249999999943
0 0.6117222222222222 0.6137447916666667 0.01490740740740727 0.0073645833333332075
0 0.682074074074074 0.5872604166666666 0.01890740740740742 0.007156249999999887
0 0.8071481481481482 0.5149635416666667 0.008722222222222185 0.005317708333333293
0 0.3548425925925926 0.6147395833333332 0.006851851851851817 0.00560937500000005
0 0.3724444444444444 0.5995260416666666 0.007092592592592616 0.006421875000000021
0 0.4365185185185185 0.46377604166666664 0.011740740740740642 0.010572916666666644