0 0.5921481481481481 0.2651458333333333 0.012916666666666762 0.0059114583333333744
0 0.3275092592592592 0.2962239583333333 0.006796296296296352 0.004692708333333328
0 0.7603796296296297 0.2821770833333333 0.0065462962962963426 0.004296875
0 0.6585555555555556 0.318890625 0.01236111111111108 0.004911458333333396
0 0.7709259259259258 0.3300416666666666 0.00436111111111125 0.002661458333333311
0 0.3864351851851852 0.3437083333333333 0.005000000000000031 0.003197916666666689
0 0.26914814814814814 0.374265625 0.012787037037037013 0.005572916666666661
0 0.21267592592592593 0.4063437499999999 0.010138888888888904 0.0035729166666666145
0 0.17318518518518516 0.37942187499999996 0.00612962962962962 0.0030312499999999966
0 0.4006481481481481 0.41353124999999996 0.003999999999999994 0.00337499999999995
0 0.35748148148148146 0.43722395833333333 0.011324074074074078 0.004494791666666664
0 0.49569444444444444 0.49617708333333327 0.013481481481481379 0.006005208333333378
0 0.1157685185185185 0.4815104166666666 0.005555555555555556 0.004427083333333392
0 0.16424074074074074 0.5080208333333334 0.009120370370370405 0.0060000000000000496
0 0.9491296296296294 0.5361093749999999 0.004268518518518426 0.003218749999999915
0 0.13612962962962963 0.5321458333333333 0.0038703703703703634 0.002583333333333293
0 0.2606574074074074 0.5380624999999999 0.013055555555555603 0.00544270833333318
0 0.3741944444444444 0.5361614583333333 0.008009259259259239 0.004890624999999993
0 0.5643518518518518 0.5255989583333334 0.003703703703703651 0.003072916666666714
0 0.4885648148148148 0.5328593749999999 0.003981481481481492 0.002192708333333293
0 0.7848888888888887 0.5486354166666667 0.00780555555555572 0.006171874999999894
0 0.9232222222222223 0.5873593749999999 0.010907407407407277 0.0049218749999999645
0 0.17803703703703705 0.5919114583333334 0.005037037037037035 0.002697916666666522
0 0.10706481481481481 0.6049947916666666 0.00791666666666669 0.007015624999999836
0 0.5567037037037037 0.6503072916666666 0.004824074074074107 0.0021718749999999785
0 0.2908796296296296 0.6353125 0.0036111111111110637 0.0026041666666666075
0 0.1647685185185185 0.6437239583333334 0.004907407407407405 0.0032812500000000354
0 0.25202777777777774 0.6671458333333333 0.008249999999999997 0.006786458333333379
0 0.8751111111111111 0.6914270833333334 0.0035277777777777274 0.002562499999999979
0 0.36601851851851847 0.7131979166666665 0.0060370370370370725 0.0030572916666665507
0 0.1661574074074074 0.7187604166666667 0.004787037037037065 0.002843750000000078
0 0.17087037037037037 0.7249322916666665 0.008111111111111116 0.006354166666666572
0 0.20882407407407405 0.7654114583333332 0.0038611111111111524 0.002052083333333421
0 0.43307407407407406 0.8573020833333332 0.004759259259259194 0.0034687500000000425
0 0.25879629629629625 0.7995833333333333 0.008518518518518587 0.005416666666666714
0 0.7637592592592592 0.7985833333333332 0.011981481481481638 0.0049947916666666535
0 0.47962962962962963 0.8123958333333332 0.005185185185185048 0.0029166666666665007
0 0.5185185185185185 0.8384895833333333 0.012037037037036985 0.004583333333333428
0 0.579074074074074 0.8379687499999999 0.012962962962963016 0.005208333333333215
0 0.6701851851851851 0.8391666666666666 0.010925925925925936 0.004270833333333357