0 0.5351574074074074 0.27976562499999996 0.013000000000000018 0.0043333333333333
0 0.4076666666666666 0.292171875 0.011962962962962977 0.007083333333333286
0 0.43099074074074073 0.31271354166666665 0.02451851851851848 0.009343750000000029
0 0.46025 0.3249427083333333 0.01976851851851854 0.007119791666666675
0 0.6322407407407408 0.30058854166666665 0.015027777777777846 0.0051145833333333
0 0.6737592592592592 0.30581770833333327 0.026888888888888907 0.013791666666666647
0 0.69175 0.32728124999999997 0.016999999999999856 0.010895833333333372
0 0.7514629629629629 0.3134895833333333 0.021750000000000113 0.01001041666666671
0 0.8074074074074074 0.33472916666666663 0.02372222222222212 0.01111979166666659
0 0.8247962962962961 0.350109375 0.011787037037037054 0.010281249999999974
0 0.817824074074074 0.34983854166666667 0.00889814814814795 0.008114583333333324
0 0.8061574074074074 0.3417864583333333 0.020685185185185005 0.0044635416666666036
0 0.796537037037037 0.36261979166666664 0.026935185185185003 0.006088541666666725
0 0.7146481481481481 0.3669479166666666 0.023805555555555614 0.007713541666666668
0 0.7460277777777777 0.37790625 0.019722222222222287 0.006630208333333343
0 0.769361111111111 0.37695833333333334 0.01299074074074061 0.006630208333333343
0 0.8232314814814815 0.380140625 0.015388888888888787 0.007843749999999972
0 0.8238333333333333 0.3870416666666666 0.012268518518518413 0.008656249999999944
0 0.8545 0.3876458333333333 0.0076944444444443936 0.010416666666666696
0 0.867 0.39332812500000003 0.0076944444444443936 0.006359374999999989
0 0.7572129629629629 0.41267708333333336 0.015629629629629625 0.011229166666666578
0 0.8078333333333333 0.4298020833333333 0.017749999999999964 0.00927083333333325
0 0.888324074074074 0.4231197916666666 0.011407407407407453 0.010875000000000056
0 0.873435185185185 0.43096354166666667 0.013944444444444395 0.007307291666666593
0 0.7897685185185185 0.4518177083333333 0.011407407407407453 0.00873437500000005
0 0.7124351851851851 0.4482552083333333 0.02345370370370361 0.006239583333333343
0 0.9414074074074074 0.43523958333333324 0.01299074074074061 0.009447916666666778
0 0.9536111111111112 0.4633177083333333 0.010138888888888826 0.014260416666666664
0 0.9158981481481481 0.4516406249999999 0.011407407407407453 0.006239583333333343
0 0.9168518518518518 0.4606458333333333 0.011407407407407453 0.00927083333333325
0 0.8720092592592591 0.4771354166666667 0.019333333333333435 0.005171875000000092
0 0.8913888888888888 0.50284375 0.008185185185185004 0.010354166666666664
0 0.9688611111111111 0.5250468749999999 0.010703703703703759 0.009406249999999972
0 0.9297314814814814 0.54903125 0.015379629629629537 0.012229166666666735
0 0.9372592592592591 0.563796875 0.019731481481481537 0.006020833333333364
0 0.9016388888888888 0.582421875 0.013379629629629778 0.008651041666666793
0 0.9690277777777777 0.6098854166666666 0.012370370370370488 0.009406249999999972
0 0.897962962962963 0.6175052083333332 0.016722222222222173 0.012979166666666764
0 0.9334166666666666 0.630109375 0.009361111111111124 0.011098958333333363
0 0.9551481481481481 0.6426197916666666 0.014712962962962844 0.005265625000000007
0 0.8564907407407407 0.6223020833333333 0.01471296296296316 0.010536458333333342
0 0.8708703703703703 0.6465729166666667 0.01137037037037045 0.01279166666666658
0 0.9257222222222222 0.648453125 0.015379629629629537 0.007151041666666735
0 0.9158518518518518 0.6724374999999999 0.01705555555555552 0.008463541666666607
0 0.8275648148148147 0.6584218749999999 0.007027777777777702 0.012416666666666742
0 0.8653518518518518 0.6706510416666667 0.015046296296296191 0.007151041666666735
0 0.7606759259259258 0.6241822916666667 0.011037037037037104 0.007526041666666572
0 0.7086759259259259 0.6139322916666666 0.015379629629629537 0.006208333333333371
0 0.6488055555555555 0.6052760416666667 0.01404629629629631 0.01072395833333335
0 0.5774074074074075 0.601609375 0.014379629629629657 0.0082760416666666
0 0.8603148148148148 0.7113177083333333 0.01175000000000005 0.012015625000000085
0 0.8848796296296295 0.7376041666666666 0.007472222222222058 0.011713541666666494
0 0.834675925925926 0.7353489583333332 0.01175000000000005 0.011416666666666764
0 0.8576388888888888 0.7482656249999999 0.021361111111110945 0.008411458333333321
0 0.7366851851851851 0.732046875 0.015490740740740862 0.008411458333333321
0 0.8154537037037037 0.7671927083333333 0.01175000000000005 0.0036041666666667637
0 0.78875 0.7577291666666666 0.009611111111111213 0.010515625000000028
0 0.733712962962963 0.8021510416666666 0.013388888888889028 0.010041666666666772
0 0.749537037037037 0.7995260416666665 0.013388888888889028 0.007072916666666628
0 0.7600833333333333 0.7757916666666667 0.021500000000000026 0.007531250000000078
0 0.7369629629629628 0.7817291666666667 0.01987962962962955 0.007072916666666628
0 0.7105925925925926 0.7589062499999999 0.015824074074073973 0.008901041666666743
0 0.6350370370370371 0.7788802083333334 0.008324074074074083 0.009218749999999965
0 0.6305000000000001 0.77278125 0.01890740740740742 0.006666666666666821
0 0.5943148148148147 0.7659739583333334 0.02067592592592591 0.007515624999999915
0 0.5846111111111111 0.7827083333333332 0.01034259259259266 0.009786458333333314
0 0.6056574074074074 0.8001562499999999 0.02067592592592591 0.010921874999999925
0 0.5834722222222222 0.8046927083333333 0.011601851851851879 0.007515624999999915
0 0.6385648148148148 0.822703125 0.014879629629629519 0.005817708333333371
0 0.5800648148148148 0.8101510416666666 0.015379629629629537 0.004822916666666899
0 0.580574074074074 0.8184531249999999 0.009833333333333232 0.010067708333333415
0 0.5639259259259259 0.8131302083333333 0.01991666666666671 0.00680729166666687
0 0.5086944444444444 0.8253489583333333 0.01313888888888894 0.012619791666666557
0 0.5364166666666667 0.8349895833333333 0.010249999999999993 0.01171354166666667
0 0.46175 0.8132708333333334 0.013462962962962876 0.005406250000000057
0 0.40791666666666665 0.7948854166666667 0.014740740740740756 0.0061302083333332645
0 0.4132037037037037 0.8062395833333333 0.01313888888888894 0.0036041666666665863
0 0.3766759259259259 0.8062395833333333 0.011212962962963029 0.010093750000000058
0 0.3901296296296296 0.8309010416666667 0.010259259259259244 0.008723958333333216
0 0.36508333333333337 0.8283489583333333 0.007870370370370318 0.007380208333333371
0 0.3539907407407407 0.820296875 0.008111111111111116 0.010869791666666729
0 0.35995370370370366 0.8117135416666666 0.009537037037037009 0.006307291666666615
0 0.31566666666666665 0.7924999999999999 0.01952777777777778 0.0078125
0 0.32456481481481475 0.7791979166666666 0.02082407407407408 0.009031250000000135
0 0.27249074074074076 0.7961614583333334 0.02082407407407408 0.0063437499999999146
0 0.24016666666666664 0.7665052083333334 0.01952777777777778 0.010494791666666715
0 0.27249074074074076 0.7539374999999999 0.013018518518518441 0.009276041666666578
0 0.24103703703703702 0.7539374999999999 0.022129629629629635 0.0063437499999999146
0 0.22367592592592592 0.764921875 0.014314814814814822 0.011713541666666494
0 0.4106944444444444 0.7503958333333334 0.01518518518518511 0.010005208333333293
0 0.3356296296296296 0.7084166666666667 0.01952777777777778 0.009031250000000135
0 0.4039629629629629 0.6892604166666667 0.0190925925925926 0.0078125
0 0.48900925925925925 0.7039010416666667 0.013888888888888888 0.009760416666666494
0 0.5540925925925925 0.764921875 0.022564814814814663 0.008296874999999915
0 0.5180833333333333 0.7561354166666666 0.016490740740740743 0.006833333333333335
0 0.21609259259259256 0.7589583333333334 0.006046296296296245 0.009067708333333258
0 0.22300925925925924 0.7545833333333333 0.008351851851851834 0.011984375000000113
0 0.22358333333333333 0.7328802083333333 0.011805555555555555 0.012307291666666664
0 0.20745370370370372 0.7377395833333333 0.018138888888888892 0.006479166666666636
0 0.19507407407407407 0.734421875 0.01699074074074076 0.008583333333333342
0 0.20155555555555557 0.7134479166666666 0.012092592592592568 0.011984375000000113
0 0.1806759259259259 0.7233281249999999 0.019287037037037023 0.008744791666666706
0 0.1602314814814815 0.7132031249999999 0.012953703703703726 0.0072864583333332785
0 0.14655555555555555 0.69903125 0.012092592592592608 0.010041666666666772
0 0.15606481481481482 0.7095624999999999 0.015546296296296329 0.009067708333333258
0 0.13724999999999998 0.6875208333333334 0.02437037037037035 0.008989583333333506
0 0.11897222222222222 0.6685885416666666 0.00738888888888888 0.009104166666666736
0 0.11307407407407406 0.6735885416666666 0.009990740740740734 0.009213541666666636
0 0.06062962962962963 0.6805 0.012185185185185176 0.01022395833333345
0 0.08121296296296296 0.65909375 0.011388888888888893 0.01213541666666682
0 0.0814074074074074 0.6475156249999999 0.009388888888888896 0.01235937499999995
0 0.10458333333333333 0.6453802083333333 0.024175925925925927 0.006067708333333322
0 0.10768518518518519 0.6400416666666666 0.009592592592592592 0.007979166666666693
0 0.1322777777777778 0.5824166666666667 0.011120370370370362 0.009656249999999922
0 0.10519444444444444 0.591734375 0.010638888888888883 0.010067708333333236
0 0.053203703703703704 0.5927552083333333 0.012092592592592589 0.011291666666666523
0 0.038092592592592595 0.5924791666666666 0.01185185185185185 0.009656249999999922
0 0.08246296296296296 0.5556875 0.007259259259259269 0.008161458333333371
0 0.11499074074074073 0.54725 0.00943518518518517 0.00870833333333323
0 0.049453703703703694 0.5251458333333333 0.015722222222222228 0.012380208333333264
0 0.07230555555555555 0.52296875 0.010638888888888904 0.009932291666666693
0 0.061185185185185176 0.5249427083333333 0.013055555555555544 0.005713541666666622
0 0.045703703703703705 0.51215625 0.015962962962962953 0.006802083333333364
0 0.09794444444444445 0.510453125 0.013055555555555563 0.010744791666666665
0 0.11015740740740741 0.510453125 0.009916666666666686 0.0072083333333333496
0 0.04944444444444444 0.473796875 0.010231481481481477 0.010656250000000079
0 0.06857407407407408 0.4519322916666667 0.008388888888888897 0.011791666666666778
0 0.07366666666666667 0.4518489583333333 0.008981481481481464 0.010609374999999944
0 0.16410185185185183 0.47096874999999994 0.017370370370370362 0.01044270833333325
0 0.09792592592592592 0.4415729166666667 0.01796296296296297 0.009598958333333307
0 0.08399999999999999 0.428265625 0.009287037037037038 0.008927083333333386
0 0.16619444444444445 0.400640625 0.020361111111111108 0.0072447916666666945
0 0.31224074074074076 0.36124999999999996 0.02930555555555551 0.009286458333333325
0 0.2583796296296296 0.33977604166666664 0.023111111111111173 0.009984375000000068
0 0.3291574074074074 0.33745312499999996 0.02435185185185181 0.006734375000000003
0 0.24207407407407405 0.3271197916666667 0.012796296296296342 0.014395833333333385
0 0.26312037037037034 0.3222447916666667 0.021879629629629624 0.006500000000000039
0 0.30604629629629626 0.32236458333333334 0.026000000000000037 0.007661458333333382
0 0.40180555555555547 0.41546354166666666 0.01609259259259264 0.009520833333333378
0 0.5110833333333333 0.394578125 0.00984259259259264 0.007578124999999947
0 0.4349814814814814 0.4402864583333333 0.014888888888888927 0.005026041666666714
0 0.5871203703703703 0.5308854166666667 0.013101851851851936 0.010718750000000022
0 0.45612037037037034 0.542609375 0.01428703703703699 0.008036458333333307
0 0.36710185185185185 0.5298802083333334 0.013694444444444464 0.010046875000000099
0 0.2899907407407407 0.527703125 0.023814814814814865 0.00703125
0 0.25337037037037036 0.509953125 0.0125 0.004354166666666615
0 0.30487037037037035 0.5936875 0.02143518518518519 0.008375000000000021
0 0.4242592592592592 0.6343854166666667 0.01964814814814812 0.013395833333333228
0 0.5487129629629629 0.6759166666666666 0.029175925925925918 0.00870833333333323
0 0.24800925925925926 0.6526406249999999 0.02322222222222226 0.012390624999999923
0 0.26885185185185184 0.6596718749999999 0.020842592592592583 0.008375000000000021