0 0.293962962962963 0.2847291666666666 0.020370370370370396 0.005265624999999918
0 0.2701574074074074 0.313296875 0.020092592592592634 0.00727604166666671
0 0.27208333333333334 0.3396145833333333 0.018444444444444406 0.006036458333333261
0 0.229287037037037 0.3329583333333333 0.014314814814814822 0.010994791666666615
0 0.3036018518518518 0.3481302083333333 0.013759259259259297 0.006036458333333261
0 0.17010185185185184 0.31561458333333337 0.020370370370370375 0.012848958333333372
0 0.09248148148148147 0.3582708333333333 0.015416666666666669 0.009598958333333397
0 0.12413888888888888 0.35688020833333334 0.019814814814814792 0.007739583333333311
0 0.14533333333333334 0.36539583333333325 0.015416666666666658 0.007432291666666657
0 0.11491666666666668 0.369265625 0.014592592592592584 0.004953125000000025
0 0.14037962962962963 0.37421875 0.02257407407407407 0.008052083333333382
0 0.12977777777777777 0.3873020833333333 0.011833333333333309 0.009135416666666618
0 0.13033333333333333 0.40178125 0.021740740740740745 0.005885416666666643
0 0.03922222222222222 0.4196614583333333 0.01403703703703703 0.0069687500000000565
0 0.06097222222222221 0.41594791666666664 0.010731481481481491 0.004182291666666593
0 0.0993611111111111 0.41594791666666664 0.014314814814814822 0.0038697916666666997
0 0.1961111111111111 0.4188854166666666 0.013490740740740708 0.007588541666666693
0 0.01596296296296296 0.44915625 0.014314814814814811 0.008671875000000107
0 0.055046296296296295 0.46154166666666663 0.014861111111111115 0.013932291666666607
0 0.07335185185185185 0.4738489583333333 0.008537037037037029 0.010682291666666722
0 0.07555555555555554 0.4637083333333333 0.013490740740740729 0.008671875000000107
0 0.002888888888888889 0.484765625 0.005777777777777778 0.006192708333333385
0 0.09949999999999998 0.49018749999999994 0.013490740740740748 0.008671875000000107
0 0.12468518518518518 0.503421875 0.011564814814814837 0.011921874999999993
0 0.05917592592592592 0.5165052083333334 0.014861111111111115 0.010526041666666685
0 0.043898148148148144 0.5278854166666667 0.021194444444444446 0.010682291666666722
0 0.016925925925925928 0.520453125 0.016787037037037027 0.007276041666666622
0 0.05091666666666666 0.5466197916666666 0.017064814814814807 0.010062500000000085
0 0.06647222222222222 0.5528125 0.010731481481481491 0.010062500000000085
0 0.05175 0.563109375 0.012111111111111109 0.008979166666666493
0 0.06771296296296296 0.5637291666666666 0.009907407407407396 0.009598958333333307
0 0.08299074074074074 0.5728645833333333 0.014592592592592584 0.015171875000000057
0 0.08188888888888889 0.5896614583333333 0.01954629629629631 0.010062500000000085
0 0.05050925925925925 0.5944635416666666 0.014037037037037035 0.010994791666666792
0 0.07308333333333333 0.6117239583333334 0.007981481481481485 0.0077395833333333995
0 0.05738888888888889 0.6334791666666666 0.012388888888888892 0.011614583333333428
0 0.03743518518518518 0.6376614583333333 0.02091666666666667 0.010374999999999978
0 0.08106481481481481 0.6460416666666667 0.01123148148148147 0.01321354166666655
0 0.04612037037037037 0.6554583333333334 0.024166666666666656 0.008166666666666522
0 0.059398148148148144 0.6675208333333333 0.02053703703703705 0.004979166666666579
0 0.10012962962962962 0.6686354166666666 0.016907407407407385 0.008104166666666579
0 0.11113888888888888 0.6529999999999999 0.010777777777777765 0.005937500000000107
0 0.15002777777777776 0.676296875 0.026324074074074093 0.009473958333333421
0 0.1495 0.6940624999999999 0.015444444444444452 0.008687499999999914
0 0.16897222222222222 0.7029427083333333 0.014388888888888908 0.008687499999999914
0 0.12738888888888888 0.7176510416666667 0.020351851851851857 0.00532812499999995
0 0.113 0.7098541666666667 0.00982407407407406 0.012239583333333392
0 0.0954537037037037 0.6996875 0.0098240740740741 0.011249999999999894
0 0.2154722222222222 0.7204114583333333 0.01403703703703706 0.013619791666666714
0 0.18178703703703702 0.74084375 0.00842592592592594 0.011447916666666735
0 0.19529629629629627 0.7416354166666667 0.012287037037036994 0.009869791666666572
0 0.23635185185185184 0.764828125 0.013685185185185134 0.010463541666666742
0 0.23301851851851849 0.7736145833333332 0.015444444444444452 0.006317708333333449
0 0.2709259259259259 0.7654218749999999 0.01684259259259267 0.007697916666666771
0 0.27495370370370364 0.7758854166666667 0.012981481481481438 0.007697916666666771
0 0.3284722222222222 0.761671875 0.014740740740740676 0.010859374999999893
0 0.2928518518518518 0.7249531250000001 0.024212962962962967 0.007302083333333265
0 0.2944351851851852 0.7912812499999999 0.013333333333333286 0.004541666666666622
0 0.31750925925925927 0.8043489583333333 0.0167314814814815 0.005911458333333286
0 0.40215740740740735 0.8030729166666667 0.009277777777777708 0.00723958333333341
0 0.41934259259259254 0.7844791666666666 0.02638888888888889 0.006619791666666685
0 0.43396296296296294 0.7738541666666666 0.019935185185185212 0.005875000000000163
0 0.4662407407407407 0.8151354166666666 0.018037037037037053 0.005124999999999958
0 0.5100092592592591 0.8170052083333333 0.023166666666666596 0.005447916666666686
0 0.5135462962962963 0.7586041666666666 0.017398148148148114 0.006067708333333322
0 0.5482222222222223 0.7869322916666667 0.019601851851851867 0.005927083333333449
0 0.585111111111111 0.8157447916666666 0.013972222222222146 0.007859374999999957
0 0.6156203703703704 0.7945156250000001 0.020092592592592634 0.0053750000000000854
0 0.5746944444444444 0.7803125 0.01274074074074068 0.008411458333333321
0 0.5937592592592592 0.7534583333333333 0.017564814814814787 0.009281250000000085
0 0.6544814814814816 0.7811354166666666 0.017175925925925935 0.006270833333333314
0 0.6998425925925926 0.7874895833333333 0.01085185185185193 0.007796874999999837
0 0.7206388888888887 0.7764739583333332 0.01265740740740758 0.009156250000000022
0 0.7254629629629629 0.7804583333333334 0.019287037037036863 0.004916666666666636
0 0.7320925925925924 0.766046875 0.015074074074073943 0.009661458333333428
0 0.7569537037037037 0.7690104166666666 0.009342592592592623 0.008817708333333308
0 0.40932407407407406 0.6937291666666667 0.014824074074074014 0.005166666666666764
0 0.524574074074074 0.6687760416666666 0.013990740740740647 0.0062239583333331796
0 0.6249537037037037 0.694734375 0.019768518518518383 0.011307291666666686
0 0.7312685185185185 0.6527552083333333 0.012944444444444356 0.007093749999999943
0 0.7462592592592592 0.6645416666666667 0.014990740740740686 0.00919791666666665
0 0.7920925925925926 0.7161041666666667 0.009879629629629802 0.012651041666666706
0 0.8290648148148148 0.7314375 0.023175925925926006 0.005749999999999922
0 0.8328148148148148 0.7463906249999999 0.018398148148148153 0.012651041666666706
0 0.7972037037037037 0.6991406249999998 0.022148148148148215 0.007859375000000135
0 0.8334999999999998 0.7092031249999999 0.017037037037037017 0.004598958333333236
0 0.8389444444444444 0.7035520833333333 0.01976851851851854 0.005942708333333257
0 0.8428703703703703 0.6927187499999999 0.008518518518518666 0.011885416666666693
0 0.8847777777777778 0.6946354166666666 0.021472222222222274 0.008432291666666637
0 0.8680462962962963 0.6755989583333333 0.014425925925925754 0.008541666666666715
0 0.9109537037037037 0.679015625 0.01518518518518527 0.010249999999999915
0 0.8913981481481481 0.6733541666666666 0.02088888888888884 0.004911458333333308
0 0.86425 0.6572291666666666 0.009870370370370552 0.005552083333333258
0 0.8794351851851852 0.6580833333333332 0.009111111111111035 0.011963541666666622
0 0.8936759259259258 0.6438802083333333 0.011009259259259352 0.011322916666666493
0 0.8323518518518518 0.6141875 0.009870370370370552 0.01217708333333345
0 0.8401388888888889 0.5951770833333333 0.010249999999999836 0.006619791666666685
0 0.8593148148148148 0.5977447916666667 0.006833333333333434 0.010036458333333265
0 0.8526666666666666 0.59165625 0.008731481481481436 0.010682291666666722
0 0.7193796296296295 0.5882395833333334 0.01708333333333335 0.008968749999999836
0 0.5315648148148149 0.6187239583333334 0.010657407407407346 0.014901041666666792
0 0.3410833333333333 0.5716041666666667 0.020944444444444422 0.007005208333333179
0 0.30910185185185185 0.5166718749999999 0.01812037037037039 0.0060520833333333355
0 0.4616666666666666 0.531796875 0.014157407407407322 0.0101927083333333
0 0.47748148148148145 0.5287239583333332 0.01572222222222229 0.012057291666666714
0 0.5259259259259259 0.5317760416666666 0.014861111111111016 0.0072343749999999925
0 0.43617592592592586 0.5160208333333334 0.017148148148148183 0.006593750000000042
0 0.5735185185185184 0.5055729166666667 0.014009259259259308 0.006270833333333314
0 0.6852777777777778 0.5510729166666666 0.013435185185185125 0.011734375000000163
0 0.2837592592592592 0.435796875 0.01820370370370365 0.007291666666666608
0 0.38316666666666666 0.42571354166666664 0.01186111111111106 0.005739583333333265
0 0.14863888888888888 0.5279583333333333 0.012518518518518502 0.012494791666666671
0 0.19432407407407407 0.61209375 0.01877777777777775 0.006161458333333236
0 0.9626759259259259 0.6070781249999999 0.01454629629629633 0.005875000000000163
0 0.9279814814814814 0.5753958333333333 0.012314814814814667 0.010072916666666742
0 0.9703240740740741 0.5576614583333332 0.017157407407407593 0.007765624999999865
0 0.9229444444444445 0.5601822916666667 0.015666666666666627 0.013218750000000057
0 0.9022407407407406 0.5496875 0.0070925925925927735 0.0056666666666666645
0 0.8906759259259259 0.5378333333333334 0.013805555555555632 0.012171874999999943
0 0.9458888888888889 0.541921875 0.01529629629629628 0.01154166666666665
0 0.9673333333333334 0.5314322916666667 0.0223796296296298 0.011119791666666679
0 0.9930740740740741 0.5233541666666667 0.009703703703703721 0.009234374999999951