0 0.3129537037037037 0.18565104166666666 0.02362037037037036 0.0077916666666666854
0 0.3492314814814815 0.19451041666666663 0.018194444444444437 0.007130208333333376
0 0.36456481481481484 0.18707291666666664 0.023166666666666638 0.007291666666666652
0 0.4083055555555556 0.17708854166666665 0.012324074074074076 0.013218750000000012
0 0.4507129629629629 0.17081770833333335 0.021388888888888857 0.007364583333333341
0 0.3721388888888889 0.19530729166666666 0.013962962962963054 0.00955208333333335
0 0.38149999999999995 0.20685937499999998 0.019601851851851867 0.00717708333333329
0 0.36308333333333326 0.20830208333333333 0.012472222222222247 0.006302083333333375
0 0.4011388888888889 0.20926041666666664 0.02205555555555555 0.005718750000000039
0 0.43039814814814814 0.1990677083333333 0.02458333333333324 0.007046874999999964
0 0.4477407407407407 0.20549999999999996 0.020203703703703804 0.008223958333333314
0 0.4903333333333333 0.20951041666666664 0.01225000000000007 0.004546875000000039
0 0.5155462962962962 0.18343749999999998 0.01886111111111101 0.00921354166666668
0 0.3669814814814814 0.224515625 0.01656481481481475 0.006979166666666625
0 0.411537037037037 0.23798958333333334 0.01314814814814819 0.01179166666666669
0 0.3434722222222222 0.2267083333333333 0.02079629629629633 0.007609375000000007
0 0.29869444444444443 0.21385937500000002 0.015888888888888886 0.006557291666666654
0 0.2719907407407407 0.21034895833333334 0.00853703703703709 0.007890625000000017
0 0.24793518518518518 0.20861458333333333 0.015074074074074023 0.005671874999999993
0 0.21833333333333332 0.22119270833333332 0.01708333333333335 0.00994270833333335
0 0.25866666666666666 0.23466666666666666 0.01455555555555558 0.008072916666666697
0 0.28079629629629627 0.23515104166666667 0.020203703703703724 0.007781250000000029
0 0.28691666666666665 0.23034374999999999 0.013888888888888888 0.007359374999999968
0 0.24488888888888888 0.2457395833333333 0.010027777777777816 0.00905208333333336
0 0.22591666666666665 0.2603229166666666 0.007870370370370397 0.007583333333333275
0 0.19724999999999998 0.25144791666666666 0.02064814814814816 0.006953124999999982
0 0.17800925925925926 0.24937499999999999 0.01900925925925924 0.009083333333333332
0 0.2328518518518518 0.25441145833333334 0.01047222222222225 0.005364583333333339
0 0.1872222222222222 0.27655729166666665 0.012027777777777813 0.00788541666666669
0 0.17050925925925925 0.2752239583333333 0.02168518518518518 0.005213541666666632
0 0.15818518518518518 0.2667604166666666 0.014851851851851883 0.0037447916666667248
0 0.15528703703703706 0.2792552083333333 0.013518518518518539 0.0078489583333333
0 0.21633333333333332 0.271875 0.012925925925925933 0.006489583333333382
0 0.2369444444444444 0.26678125 0.011212962962962949 0.0050416666666666995
0 0.24440740740740735 0.26360416666666664 0.013222222222222198 0.004656250000000028
0 0.2611111111111111 0.27122916666666663 0.012777777777777761 0.008510416666666654
0 0.289 0.2691822916666667 0.009879629629629565 0.013609375000000057
0 0.32000925925925927 0.272671875 0.00727777777777779 0.009307291666666639
0 0.3368611111111111 0.253015625 0.009805555555555559 0.012177083333333361
0 0.34559259259259256 0.2546614583333333 0.010620370370370422 0.012552083333333375
0 0.37808333333333327 0.271796875 0.02807407407407412 0.011729166666666657
0 0.41951851851851846 0.2698541666666666 0.022425925925925898 0.009932291666666693
0 0.40488888888888885 0.28851041666666666 0.011583333333333378 0.010067708333333324
0 0.44425000000000003 0.28151041666666665 0.024953703703703745 0.005677083333333411
0 0.4533148148148148 0.28667187499999996 0.009805555555555638 0.008062500000000038
0 0.4625185185185185 0.2851875 0.009212962962962952 0.009687499999999983
0 0.38023148148148145 0.3101979166666667 0.013370370370370368 0.005817708333333371
0 0.4120555555555555 0.3329687499999999 0.02473148148148157 0.007083333333333286
0 0.3178518518518518 0.3333697916666667 0.013370370370370447 0.013312499999999972
0 0.2786388888888889 0.31447916666666664 0.01455555555555558 0.012296874999999919
0 0.2578425925925926 0.306640625 0.02346296296296302 0.007140624999999989
0 0.259037037037037 0.32310416666666664 0.009212962962963032 0.005958333333333332
0 0.25725 0.3299010416666667 0.012777777777777761 0.008880208333333339
0 0.18262037037037035 0.30296875 0.023916666666666645 0.007234375000000082
0 0.1635277777777778 0.29991666666666666 0.016037037037037016 0.005312500000000053
0 0.1406574074074074 0.3198489583333333 0.01723148148148148 0.009250000000000026
0 0.12476851851851851 0.318953125 0.013370370370370368 0.008708333333333318
0 0.11425925925925925 0.3308802083333333 0.01136111111111112 0.009588541666666738
0 0.1312962962962963 0.33235937499999996 0.012175925925925904 0.010421875000000025
0 0.1398425925925926 0.34048958333333335 0.008462962962962964 0.0070885416666666146
0 0.14952777777777776 0.33946875 0.013592592592592585 0.007130208333333332
0 0.1550648148148148 0.34686979166666665 0.012175925925925904 0.008562500000000028
0 0.16130555555555556 0.3538489583333333 0.011583333333333338 0.007140624999999989
0 0.15781481481481482 0.36291666666666667 0.014111111111111106 0.008494791666666668
0 0.1734814814814815 0.3677447916666667 0.012777777777777782 0.011880208333333276
0 0.11199074074074075 0.3623125 0.01812037037037039 0.01438541666666664
0 0.11614814814814814 0.3738958333333333 0.0216851851851852 0.008734374999999961
0 0.1072037037037037 0.38670312500000004 0.015074074074074063 0.010536458333333342
0 0.10953703703703703 0.3992395833333333 0.011138888888888903 0.008874999999999966
0 0.12372222222222222 0.41353124999999996 0.009509259259259255 0.010718750000000022
0 0.10604629629629628 0.42202604166666663 0.009212962962962952 0.0105833333333333
0 0.11169444444444443 0.4406979166666666 0.015740740740740753 0.014927083333333434
0 0.09208333333333332 0.4625937499999999 0.013370370370370368 0.013604166666666551
0 0.13230555555555554 0.46464062500000003 0.024287037037037055 0.008505208333333236
0 0.1513148148148148 0.44997395833333337 0.010768518518518514 0.010083333333333222
0 0.19691666666666663 0.4491354166666667 0.010916666666666686 0.011645833333333222
0 0.21258333333333335 0.44805208333333335 0.010768518518518514 0.007911458333333421
0 0.21511111111111111 0.4669270833333333 0.023546296296296277 0.009739583333333357
0 0.14675 0.47467708333333325 0.009805555555555519 0.010619791666666777
0 0.09520370370370368 0.4942552083333333 0.016037037037037027 0.012593750000000093
0 0.1399166666666667 0.5041197916666667 0.010990740740740731 0.013937499999999936
0 0.2004351851851852 0.49116666666666664 0.015000000000000015 0.009750000000000014
0 0.263787037037037 0.48378645833333334 0.021092592592592593 0.008786458333333335
0 0.31607407407407406 0.4569791666666666 0.01990740740740738 0.01015625
0 0.3431018518518518 0.4614947916666667 0.016342592592592572 0.006145833333333251
0 0.3589907407407407 0.4676614583333333 0.023166666666666638 0.0066041666666667
0 0.4257962962962963 0.455875 0.01952777777777786 0.006432291666666678
0 0.4565740740740741 0.42315625 0.027027777777777828 0.008666666666666777
0 0.37073148148148144 0.50721875 0.020499999999999987 0.007432291666666657
0 0.23883333333333331 0.5013072916666667 0.009805555555555559 0.012078125000000028
0 0.23378703703703702 0.5113541666666667 0.011583333333333298 0.01002083333333328
0 0.19327777777777777 0.50665625 0.01967592592592595 0.01107812500000005
0 0.1970648148148148 0.5268802083333333 0.01952777777777778 0.005286458333333322
0 0.255212962962963 0.5325624999999999 0.011657407407407464 0.010635416666666763
0 0.2806111111111111 0.5382447916666667 0.014333333333333325 0.0076197916666666645
0 0.16160185185185183 0.531875 0.025842592592592615 0.008249999999999957
0 0.12613888888888888 0.511671875 0.012398148148148122 0.006067708333333322
0 0.11819444444444444 0.5089114583333333 0.019824074074074084 0.0072343749999999925
0 0.09955555555555555 0.5122760416666667 0.01863888888888887 0.010203124999999957
0 0.10471296296296297 0.5243229166666666 0.008907407407407399 0.010067708333333236
0 0.10574999999999998 0.5395729166666666 0.018712962962962956 0.006312499999999943
0 0.10430555555555555 0.5477447916666667 0.01937962962962965 0.00803124999999998
0 0.1346388888888889 0.5388593749999999 0.00995370370370369 0.005973958333333229
0 0.13746296296296295 0.5448177083333332 0.013222222222222198 0.007192708333333364
0 0.1894074074074074 0.5570989583333333 0.012546296296296333 0.006671874999999971
0 0.1251759259259259 0.563265625 0.020870370370370376 0.009421875000000135
0 0.15462037037037038 0.5725208333333333 0.024953703703703707 0.011640624999999894
0 0.17823148148148146 0.581859375 0.02524999999999999 0.007343749999999894
0 0.11132407407407408 0.5889947916666666 0.020203703703703724 0.006374999999999886
0 0.13062962962962965 0.5944114583333333 0.012472222222222247 0.008208333333333507
0 0.14028703703703702 0.6013645833333332 0.015740740740740753 0.008375000000000021
0 0.18302777777777773 0.6119375 0.015666666666666686 0.00859375
0 0.23612037037037037 0.58753125 0.020870370370370338 0.0067968750000000355
0 0.26193518518518516 0.5883489583333333 0.013074074074074104 0.01196874999999995
0 0.29186111111111107 0.5777604166666667 0.01708333333333335 0.010416666666666607
0 0.28562037037037036 0.5933020833333333 0.01173148148148147 0.005286458333333322
0 0.4280648148148148 0.5525989583333333 0.023166666666666596 0.011494791666666693
0 0.5055925925925926 0.5154947916666666 0.028518518518518478 0.006197916666666714
0 0.4938611111111111 0.5705937499999999 0.016342592592592728 0.015718749999999913
0 0.5868333333333333 0.5706770833333333 0.02346296296296294 0.01086979166666655
0 0.6811944444444445 0.590390625 0.013000000000000018 0.013536458333333279
0 0.7323981481481481 0.6369947916666666 0.02643518518518514 0.009796874999999972
0 0.7584629629629629 0.5679479166666667 0.016638888888888915 0.011682291666666521
0 0.80725 0.5175156249999999 0.015592592592592621 0.011906250000000007
0 0.7938148148148148 0.4748906249999999 0.014259259259259239 0.014864583333333315
0 0.7192499999999998 0.4767291666666667 0.02970370370370361 0.011182291666666622
0 0.5720555555555555 0.46323958333333326 0.013074074074074026 0.009041666666666615
0 0.6207407407407407 0.45488541666666665 0.02205555555555555 0.012380208333333264
0 0.5118703703703704 0.4632604166666667 0.01150925925925937 0.006375000000000064
0 0.48409259259259263 0.42723958333333323 0.016564814814814907 0.0051354166666666146
0 0.5154351851851852 0.4130729166666667 0.007351851851851955 0.008994791666666658
0 0.5897314814814815 0.42961979166666664 0.008018518518518647 0.0076458333333333075
0 0.6642962962962963 0.39295833333333335 0.013370370370370368 0.013848958333333262
0 0.5019537037037036 0.3880989583333333 0.014703703703703752 0.007062499999999972
0 0.4798240740740741 0.3915885416666667 0.01173148148148155 0.012281249999999933
0 0.44903703703703696 0.3871614583333333 0.025027777777777753 0.0039270833333333146
0 0.44231481481481477 0.37402083333333336 0.01990740740740746 0.009812499999999957
0 0.393824074074074 0.37894791666666666 0.008462962962963004 0.007973958333333276
0 0.3768518518518518 0.36484375 0.020870370370370338 0.008953125000000029
0 0.31354629629629627 0.36956770833333336 0.013074074074074104 0.010375000000000068
0 0.28421296296296295 0.37993229166666664 0.016787037037037007 0.008687500000000004
0 0.24566666666666667 0.3624635416666666 0.021092592592592593 0.008843750000000039
0 0.21871296296296297 0.3748958333333333 0.012620370370370339 0.01072916666666659
0 0.5099722222222222 0.2803333333333333 0.013074074074074026 0.005828125000000029
0 0.5781481481481481 0.31625000000000003 0.010398148148148165 0.007895833333333347
0 0.5887685185185185 0.32778125 0.032231481481481375 0.010817708333333353
0 0.6304351851851852 0.29604166666666665 0.0216851851851852 0.007869791666666615
0 0.7289814814814813 0.30730729166666665 0.019157407407407352 0.0067239583333333465
0 0.6662592592592591 0.258875 0.01908333333333319 0.009286458333333325
0 0.4926666666666667 0.24182291666666664 0.013222222222222198 0.014859374999999985
0 0.5081203703703703 0.22389583333333332 0.011435185185185048 0.011588541666666697
0 0.5451018518518519 0.22364583333333332 0.018564814814814826 0.009416666666666717
0 0.5611759259259259 0.23421354166666664 0.012851851851852005 0.008000000000000007
0 0.5496666666666666 0.24503645833333332 0.01210185185185174 0.010432291666666682
0 0.5523055555555555 0.20270833333333332 0.015148148148148109 0.006812500000000022
0 0.5862407407407407 0.201140625 0.016490740740740743 0.006770833333333326
0 0.5956018518518518 0.19710937499999998 0.018564814814814826 0.006062499999999971
0 0.5675648148148148 0.17985416666666665 0.013740740740740718 0.01039062500000001
0 0.5999444444444445 0.17441666666666666 0.01908333333333319 0.007880208333333315
0 0.5944166666666667 0.16738020833333334 0.015000000000000095 0.0075833333333333195
0 0.619361111111111 0.1741875 0.014111111111111067 0.003661458333333334
0 0.6146851851851852 0.17013541666666668 0.012175925925926062 0.006416666666666693
0 0.6214814814814815 0.189 0.009138888888888788 0.007807291666666672
0 0.6254907407407407 0.18277604166666667 0.010027777777777658 0.006213541666666655
0 0.6595092592592592 0.17506770833333332 0.025175925925925925 0.009593749999999979
0 0.6929259259259258 0.181625 0.01775000000000012 0.006531249999999966
0 0.7021296296296295 0.20975000000000002 0.012546296296296253 0.008781250000000008
0 0.6852777777777778 0.2059895833333333 0.013000000000000018 0.007942708333333303
0 0.6339629629629628 0.21016666666666667 0.018787037037037005 0.007942708333333303
0 0.6140185185185185 0.20933333333333332 0.018268518518518483 0.01295833333333336
0 0.7547499999999999 0.20807812499999997 0.012324074074073918 0.008776041666666679
0 0.7541203703703704 0.19934375 0.014777777777777917 0.00885937499999998
0 0.7638796296296296 0.18927604166666667 0.009509259259259138 0.01127604166666667
0 0.7563796296296295 0.18678645833333332 0.014111111111111225 0.007552083333333348
0 0.750074074074074 0.18407291666666667 0.013370370370370525 0.006296875000000002
0 0.7374444444444445 0.18534375 0.0089074074074072 0.006760416666666691
0 0.8140092592592592 0.201328125 0.011287037037037193 0.008229166666666643
0 0.8208425925925926 0.22171354166666662 0.013074074074073868 0.014739583333333339
0 0.7809999999999999 0.236484375 0.0113611111111112 0.007937499999999976
0 0.8622129629629629 0.22213020833333333 0.011138888888888863 0.008890624999999996
0 0.8746111111111111 0.23411979166666663 0.010694444444444508 0.010317708333333276
0 0.8855648148148146 0.23826041666666664 0.01121296296296287 0.009401041666666643
0 0.8610185185185184 0.2477864583333333 0.01202777777777789 0.006734375000000003
0 0.8425277777777777 0.2568125 0.011879629629629563 0.008078125000000025
0 0.8765462962962961 0.22476041666666666 0.005648148148148064 0.00830729166666666
0 0.9150092592592591 0.2548489583333333 0.008314814814814832 0.008328124999999974
0 0.8684814814814814 0.2829947916666667 0.012703703703703835 0.008645833333333287
0 0.9214722222222222 0.27804166666666663 0.015888888888888966 0.0058385416666666854
0 0.9277129629629629 0.2720052083333333 0.008462962962963162 0.007552083333333304
0 0.9450555555555554 0.28946875 0.03334259259259258 0.007395833333333357
0 0.9310925925925926 0.30042187499999995 0.016712962962962923 0.009239583333333367
0 0.8826296296296297 0.2961770833333333 0.011879629629629563 0.008692708333333332
0 0.8461666666666667 0.3081510416666666 0.01202777777777789 0.008822916666666725
0 0.8657777777777776 0.31846874999999997 0.011435185185185206 0.008583333333333342
0 0.9100370370370371 0.340890625 0.01202777777777789 0.00788541666666669
0 0.8203611111111111 0.33518229166666663 0.013888888888888888 0.006453125000000082
0 0.7840462962962963 0.3329427083333333 0.010027777777777816 0.0049427083333333675
0 0.7596481481481481 0.3802083333333333 0.022425925925926057 0.008302083333333331
0 0.7722037037037037 0.4141197916666666 0.019601851851852023 0.008140625000000058
0 0.883712962962963 0.43785937500000005 0.014185185185185231 0.015515624999999922
0 0.9128240740740741 0.4508749999999999 0.03022222222222221 0.006869791666666636
0 0.977287037037037 0.43269791666666657 0.017157407407407593 0.006442708333333336
0 0.9760555555555556 0.44095312499999995 0.012925925925925855 0.006656249999999986
0 0.9823333333333333 0.4586458333333333 0.0077962962962964686 0.00905208333333345
0 0.9688888888888889 0.45889583333333334 0.011657407407407542 0.005489583333333314
0 0.9939907407407407 0.4582916666666666 0.010166666666666577 0.007083333333333286
0 0.9890925925925925 0.4751302083333333 0.009879629629629802 0.005187500000000078
0 0.9554166666666665 0.40294791666666663 0.012620370370370577 0.008765624999999977
0 0.9658796296296297 0.387734375 0.008018518518518489 0.008291666666666675
0 0.9761666666666665 0.36836458333333333 0.011953703703703569 0.009015624999999972
0 0.8917870370370369 0.505390625 0.035870370370370275 0.011687500000000028
0 0.8916018518518517 0.5265625 0.01923148148148136 0.011385416666666615
0 0.939398148148148 0.5204739583333333 0.016824074074074248 0.012734374999999964
0 0.9707407407407408 0.5228124999999999 0.014796296296296418 0.010671875000000063
0 0.8917870370370369 0.5499479166666668 0.013685185185185054 0.014989583333333379
0 0.9167407407407406 0.569734375 0.01923148148148136 0.00627604166666682
0 0.9401851851851851 0.5790260416666666 0.012111111111111149 0.013859375000000007
0 0.9872870370370369 0.5615208333333332 0.013129629629629373 0.00849479166666658
0 0.9848796296296296 0.5525989583333333 0.011648148148147975 0.008854166666666607
0 0.9883981481481481 0.5429479166666666 0.014611111111111401 0.009833333333333449
0 0.9784999999999999 0.5915625 0.013685185185185371 0.012416666666666742
0 0.9630185185185184 0.599 0.015074074074074259 0.009614583333333293
0 0.955111111111111 0.6063072916666666 0.013129629629629373 0.013739583333333449
0 0.923398148148148 0.6018125 0.02181481481481487 0.006911458333333264
0 0.9077777777777777 0.5926041666666666 0.021999999999999888 0.0061770833333334
0 0.868898148148148 0.5862812500000001 0.014148148148148227 0.011739583333333314
0 0.8852222222222221 0.5997291666666666 0.02311111111111125 0.006911458333333264
0 0.833537037037037 0.6236093749999999 0.012203703703703658 0.00994270833333335
0 0.8011388888888888 0.6254270833333333 0.01470370370370391 0.00838020833333335
0 0.7734444444444445 0.617625 0.01405555555555572 0.013578125000000085
0 0.8925185185185184 0.6161666666666666 0.01405555555555572 0.010666666666666736
0 0.8195833333333332 0.6398645833333333 0.017564814814814946 0.006567708333333399
0 0.82425 0.6545572916666667 0.00933333333333337 0.008401041666666664
0 0.8109814814814814 0.6579375 0.015157407407407201 0.009963541666666664
0 0.9294537037037036 0.6274322916666667 0.016916666666666753 0.009786458333333314
0 0.9607962962962963 0.6212916666666667 0.01524999999999971 0.007911458333333421
0 0.9341296296296295 0.6553802083333332 0.01405555555555572 0.0058802083333333146
0 0.9043611111111111 0.656109375 0.015157407407407201 0.011494791666666693
0 0.8952962962962961 0.6542864583333333 0.011833333333333309 0.008895833333333237
0 0.8866018518518517 0.656625 0.012944444444444356 0.010458333333333236
0 0.9083796296296296 0.6793072916666667 0.0202499999999999 0.007973958333333364
0 0.8791203703703704 0.6733229166666665 0.014611111111111085 0.0074479166666668204
0 0.8650185185185184 0.6667187499999999 0.013222222222222198 0.005677083333333321
0 0.8490277777777777 0.6652604166666667 0.013222222222222198 0.006927083333333428
0 0.851287037037037 0.6789687499999999 0.020712962962962756 0.006750000000000078
0 0.8707037037037036 0.6858333333333333 0.015157407407407201 0.0054947916666668204
0 0.8536018518518518 0.69028125 0.010537037037037244 0.010166666666666657
0 0.8400555555555554 0.68565625 0.014518518518518578 0.008187499999999837
0 0.865435185185185 0.6962395833333332 0.00906481481481478 0.009078124999999914
0 0.8754629629629629 0.69275 0.012111111111111149 0.005177083333333421
0 0.7764074074074074 0.663828125 0.022555555555555568 0.006859374999999978
0 0.7746944444444444 0.6705416666666666 0.021351851851851695 0.00696354166666655
0 0.7729351851851851 0.6829999999999999 0.01932407407407387 0.012239583333333392
0 0.7953611111111111 0.69728125 0.01238888888888899 0.009078124999999914
0 0.8016018518518518 0.7034427083333332 0.01007407407407407 0.006161458333333236
0 0.8266944444444445 0.7233020833333332 0.01072222222222226 0.006520833333333265
0 0.806361111111111 0.72434375 0.014425925925925754 0.006520833333333265
0 0.7899444444444444 0.7246302083333334 0.018398148148148153 0.005531249999999943
0 0.7919814814814815 0.7334999999999999 0.018212962962963136 0.006374999999999886
0 0.7475092592592592 0.7367760416666667 0.01654629629629609 0.005020833333333208
0 0.7608703703703703 0.7394270833333334 0.012944444444444356 0.0069947916666665225
0 0.7388703703703704 0.7452552083333334 0.023666666666666617 0.005744791666666771
0 0.6889907407407407 0.7394322916666667 0.013407407407407371 0.007572916666666707
0 0.6795185185185185 0.737765625 0.012944444444444514 0.008401041666666664
0 0.6777129629629629 0.7324583333333333 0.01747222222222212 0.008192708333333344
0 0.6548796296296296 0.7305885416666666 0.016361111111111232 0.008604166666666658
0 0.6728611111111111 0.7112083333333332 0.01812037037037031 0.009895833333333392
0 0.695787037037037 0.7176875 0.021083333333333263 0.007765624999999865
0 0.7142314814814815 0.6989583333333333 0.01654629629629617 0.004729166666666629
0 0.729074074074074 0.6992447916666666 0.012203703703703658 0.010927083333333342
0 0.7715925925925925 0.7125364583333333 0.009981481481481562 0.005656250000000007
0 0.6986111111111111 0.6861093749999999 0.012666666666666673 0.008057291666666622
0 0.6824722222222223 0.6863958333333333 0.014425925925925911 0.0054114583333332075
0 0.6708703703703703 0.6764895833333332 0.012666666666666673 0.008572916666666685
0 0.6145185185185185 0.679296875 0.014425925925925911 0.005869791666666657
0 0.586 0.66865625 0.029861111111111113 0.007994791666666678
0 0.5806851851851852 0.6776562499999998 0.019231481481481516 0.004171875000000114
0 0.5558611111111111 0.6771145833333333 0.013407407407407371 0.011901041666666678
0 0.5444444444444444 0.6876197916666666 0.014055555555555562 0.010036458333333265
0 0.5536018518518518 0.7324583333333333 0.017009259259259106 0.008192708333333344
0 0.5332129629629629 0.7280364583333332 0.02080555555555558 0.006624999999999837
0 0.5329814814814815 0.7381041666666667 0.012018518518518482 0.008088541666666772
0 0.47386111111111107 0.6983333333333333 0.0202499999999999 0.012218750000000079
0 0.4501481481481482 0.6836666666666666 0.018305555555555485 0.010453125000000086
0 0.49475 0.6647552083333332 0.02283333333333341 0.009171875000000006
0 0.46326851851851847 0.70790625 0.018305555555555485 0.009718749999999865
0 0.4759814814814814 0.7299583333333333 0.028935185185185237 0.011369791666666629
0 0.4969722222222222 0.7390104166666667 0.018398148148147993 0.014067708333333507
0 0.43826851851851845 0.7233802083333334 0.015620370370370375 0.011531249999999993
0 0.45208333333333334 0.7254635416666667 0.012944444444444514 0.013442708333333364
0 0.446537037037037 0.7339166666666666 0.020342592592592565 0.0076197916666666645
0 0.419962962962963 0.7428906249999999 0.022648148148148233 0.009807291666666629
0 0.43479629629629624 0.7490781249999999 0.01978703703703704 0.010057291666666579
0 0.4550462962962963 0.7505624999999999 0.014425925925925911 0.0096927083333334
0 0.4649351851851852 0.7505364583333333 0.011277777777777784 0.007145833333333229
0 0.3902777777777778 0.73753125 0.009888888888888895 0.012354166666666621
0 0.31678703703703703 0.7224999999999999 0.0182129629629629 0.008546874999999865
0 0.3010185185185185 0.7255677083333333 0.014055555555555483 0.011567708333333293
0 0.28238888888888886 0.7183125 0.012851851851851847 0.009015624999999972
0 0.27725925925925926 0.7098333333333333 0.00906481481481478 0.005578125000000078
0 0.27559259259259256 0.7021614583333333 0.01312962962962961 0.010515625000000028
0 0.25830555555555557 0.7133697916666667 0.019601851851851787 0.0064114583333333645
0 0.27143518518518517 0.6899062499999999 0.011833333333333309 0.008375000000000021
0 0.25054629629629627 0.6921458333333333 0.016638888888888915 0.011807291666666764
0 0.24166666666666667 0.678203125 0.009981481481481482 0.010968749999999972
0 0.2204074074074074 0.6852291666666667 0.015527777777777788 0.011489583333333364
0 0.23020370370370372 0.70125 0.012944444444444436 0.012333333333333307
0 0.22349999999999998 0.6604374999999999 0.018027777777777802 0.012609375000000079
0 0.3257962962962963 0.6897239583333332 0.014055555555555483 0.011239583333333237
0 0.3524259259259259 0.6894947916666666 0.012574074074074125 0.009619791666666622
0 0.35298148148148145 0.6777864583333333 0.01146296296296292 0.010671874999999886
0 0.3683240740740741 0.6602552083333333 0.028842592592592572 0.009395833333333315
0 0.41695370370370366 0.6646770833333333 0.027731481481481524 0.005687499999999979
0 0.39217592592592593 0.6455885416666666 0.02181481481481471 0.007098958333333449
0 0.3875555555555555 0.6306041666666666 0.019972222222222218 0.006260416666666657
0 0.3752592592592592 0.6369270833333334 0.012759259259259182 0.009020833333333478
0 0.35224074074074074 0.64309375 0.024037037037037082 0.008343750000000049
0 0.33809259259259256 0.6358072916666666 0.01978703703703704 0.010421875000000113
0 0.28224999999999995 0.635546875 0.017935185185185217 0.008859375000000114
0 0.2342222222222222 0.6332083333333334 0.01174074074074072 0.01146354166666672
0 0.19992592592592592 0.6420260416666667 0.014333333333333325 0.01505729166666665
0 0.18189814814814811 0.6473541666666667 0.018953703703703736 0.006473958333333307
0 0.14468518518518517 0.637890625 0.02218518518518518 0.010421875000000113