0 0.7903888888888888 0.27569791666666665 0.0179907407407408 0.00546875
0 0.6705277777777777 0.2824010416666667 0.020425925925925823 0.008479166666666682
0 0.6569166666666667 0.2435625 0.018481481481481567 0.005744791666666682
0 0.5052037037037037 0.2632552083333333 0.013611111111111206 0.012307291666666664
0 0.36468518518518517 0.277203125 0.011666666666666634 0.0128541666666667
0 0.43648148148148147 0.22061458333333334 0.016370370370370323 0.003989583333333347
0 0.2987222222222222 0.21846354166666665 0.02091666666666667 0.007057291666666643
0 0.2969907407407407 0.23677604166666666 0.012731481481481509 0.008697916666666661
0 0.3259074074074074 0.23882291666666666 0.012731481481481509 0.0066510416666666575
0 0.2357037037037037 0.272375 0.018185185185185145 0.005624999999999947
0 0.1293888888888889 0.29980729166666664 0.020203703703703686 0.0060989583333333815
0 0.18414814814814812 0.3255208333333333 0.011055555555555527 0.010645833333333332
0 0.12386111111111112 0.34639583333333335 0.015518518518518497 0.0052604166666665895
0 0.27694444444444444 0.3393802083333333 0.013537037037037042 0.009958333333333246
0 0.0645462962962963 0.3932552083333333 0.012490740740740748 0.009958333333333246
0 0.02186111111111111 0.46455729166666665 0.007287037037037031 0.00848958333333325
0 0.033574074074074076 0.5342499999999999 0.005722222222222219 0.009078124999999914
0 0.07703703703703704 0.5466354166666666 0.007055555555555553 0.008979166666666493
0 0.003212962962962963 0.5136875 0.006425925925925926 0.008973958333333342
0 0.44325 0.5329843750000001 0.019731481481481378 0.01317708333333325
0 0.15966666666666665 0.5945364583333334 0.016027777777777766 0.010749999999999992
0 0.0675 0.5933229166666667 0.015407407407407389 0.009015624999999972
0 0.3476944444444444 0.6045885416666665 0.017259259259259235 0.005203124999999887
0 0.3566296296296296 0.6559114583333333 0.022805555555555537 0.013526041666666622
0 0.24844444444444444 0.6416927083333333 0.011092592592592609 0.015604166666666686
0 0.23333333333333334 0.6448177083333333 0.025277777777777764 0.012828125000000056
0 0.1991203703703704 0.6746354166666666 0.024657407407407402 0.010749999999999992
0 0.14301851851851852 0.6725312499999999 0.016027777777777766 0.014166666666666572
0 0.4195833333333333 0.4575104166666666 0.008962962962962864 0.007916666666666749
0 0.4383518518518519 0.45295312499999996 0.011518518518518622 0.006479166666666636
0 0.5490648148148148 0.46243229166666666 0.00853703703703701 0.008640624999999957
0 0.8335555555555555 0.34363541666666664 0.017324074074074106 0.008026041666666739
0 0.8442129629629629 0.353109375 0.011546296296296216 0.01072395833333326
0 0.8442129629629629 0.3674635416666666 0.011009259259259352 0.0101197916666667
0 0.9084722222222221 0.493484375 0.010037037037037067 0.006833333333333335
0 0.9397962962962962 0.57546875 0.016685185185185167 0.007848958333333479
0 0.8624537037037038 0.6299791666666665 0.014259259259259239 0.010749999999999992
0 0.8046759259259257 0.6375677083333333 0.023657407407407367 0.007505208333333258
0 0.7681203703703703 0.632109375 0.015472222222222361 0.008187499999999837
0 0.72675 0.7199166666666666 0.01606481481481473 0.010067708333333236
0 0.6854814814814815 0.7026614583333333 0.024101851851851878 0.00759895833333335
0 0.6407499999999999 0.732859375 0.02374074074074078 0.005958333333333421
0 0.5337407407407407 0.7238177083333334 0.022277777777777726 0.006369791666666735
0 0.212 0.6951614583333333 0.02154629629629628 0.009859374999999915
0 0.2682407407407407 0.70728125 0.01789814814814821 0.009859374999999915
0 0.28248148148148144 0.6950572916666666 0.02154629629629628 0.005958333333333421
0 0.3834814814814815 0.7178906249999999 0.021768518518518458 0.01082291666666677
0 0.4003796296296296 0.7260989583333333 0.014574074074074083 0.012052083333333208
0 0.32325000000000004 0.7371875 0.014574074074074083 0.004661458333333179