0 0.14762037037037037 0.7324479166666666 0.015787037037037047 0.011671874999999865
0 0.1645740740740741 0.7205260416666667 0.016953703703703717 0.009208333333333308
0 0.13475925925925925 0.7100052083333332 0.022796296296296287 0.006906250000000114
0 0.10464814814814814 0.6997291666666666 0.011111111111111112 0.009703125000000057
0 0.08959259259259258 0.6955364583333333 0.009648148148148137 0.010192708333333477
0 0.09762962962962961 0.6933125 0.008768518518518518 0.008385416666666678
0 0.1163425925925926 0.6919166666666666 0.020462962962962985 0.007890625000000106
0 0.10756481481481481 0.678546875 0.007046296296296322 0.006687500000000135
0 0.1118888888888889 0.68684375 0.00777777777777777 0.004786458333333421
0 0.1461574074074074 0.7004635416666667 0.008509259259259256 0.008583333333333342
0 0.13610185185185186 0.6785052083333334 0.005722222222222228 0.007921875000000078
0 0.1426388888888889 0.6745833333333333 0.005287037037037005 0.008500000000000086
0 0.15334259259259259 0.6762760416666667 0.007333333333333335 0.006270833333333314
0 0.1645740740740741 0.678421875 0.00777777777777777 0.00610937499999995
0 0.1645 0.6856458333333333 0.011148148148148154 0.005531249999999943
0 0.15958333333333333 0.6917552083333334 0.007481481481481467 0.006192708333333208
0 0.17653703703703702 0.6910104166666666 0.005574074074074057 0.007182291666666707
0 0.13353703703703704 0.6624531250000001 0.00792592592592594 0.007015624999999836
0 0.15797222222222224 0.6474270833333333 0.011888888888888853 0.008994791666666658
0 0.1904722222222222 0.650109375 0.010564814814814838 0.008750000000000036
0 0.23141666666666666 0.6822708333333333 0.010944444444444439 0.007437500000000164
0 0.2527685185185185 0.7022239583333333 0.010787037037037015 0.007010416666666686
0 0.17151851851851851 0.7615104166666666 0.015601851851851874 0.0054114583333332075
0 0.17669444444444443 0.7579843749999999 0.013703703703703714 0.004427083333333392
0 0.191787037037037 0.7506458333333332 0.014138888888888899 0.00532812499999995
0 0.2098611111111111 0.7467083333333333 0.006268518518518501 0.0077916666666666854
0 0.20166666666666666 0.7730729166666667 0.009999999999999985 0.0048958333333333215
0 0.23555555555555555 0.7621354166666666 0.009074074074074111 0.007291666666666608
0 0.2469444444444444 0.7535937500000001 0.008333333333333333 0.009270833333333428
0 0.25351851851851853 0.7486458333333333 0.008703703703703682 0.00822916666666682
0 0.28655555555555556 0.753515625 0.00637037037037034 0.009088541666666571
0 0.27374074074074073 0.7521822916666666 0.011425925925925956 0.00532812499999995
0 0.24476851851851855 0.7854687499999999 0.012898148148148101 0.005052083333333179
0 0.2539074074074074 0.7992864583333333 0.01583333333333338 0.004041666666666721
0 0.2870462962962963 0.8103072916666665 0.011916666666666645 0.005140624999999943
0 0.30092592592592593 0.8019947916666667 0.007999999999999988 0.009640625000000114
0 0.3309537037037037 0.8060364583333332 0.016490740740740664 0.013500000000000068
0 0.33724074074074073 0.7957083333333334 0.007509259259259298 0.007713541666666579
0 0.3180648148148148 0.7785833333333334 0.006694444444444435 0.009640625000000114
0 0.33218518518518514 0.7823020833333333 0.012407407407407412 0.007895833333333258
0 0.33552777777777776 0.7744947916666666 0.008981481481481524 0.005875000000000163
0 0.32752777777777775 0.76315625 0.00930555555555554 0.014046874999999837
0 0.3139444444444444 0.7318541666666667 0.007787037037036981 0.00475520833333345
0 0.3832222222222222 0.7687083333333333 0.011305555555555537 0.006781250000000049
0 0.40746296296296297 0.7808645833333333 0.006027777777777822 0.005369791666666579
0 0.36162037037037037 0.8102552083333332 0.01733333333333336 0.011020833333333258
0 0.3516944444444444 0.825796875 0.013064814814814814 0.005088541666666657
0 0.38473148148148145 0.8116666666666668 0.012305555555555575 0.009890624999999886
0 0.4042037037037037 0.826421875 0.013925925925925892 0.008182291666666685
0 0.42324074074074075 0.8122760416666666 0.013620370370370456 0.00844270833333347
0 0.4198333333333333 0.8044843749999998 0.009907407407407396 0.005744791666666771
0 0.4491574074074074 0.8041822916666665 0.010055555555555568 0.005307291666666813
0 0.4357222222222222 0.8276822916666667 0.00854629629629626 0.011994791666666772
0 0.4444722222222222 0.8288697916666667 0.011166666666666616 0.010296874999999872
0 0.48519444444444443 0.8320364583333333 0.014370370370370407 0.006046875000000185
0 0.4842592592592592 0.8370052083333333 0.009814814814814731 0.005885416666666643
0 0.4919907407407408 0.840234375 0.0117592592592593 0.006406250000000213
0 0.5102777777777777 0.8306249999999998 0.007592592592592635 0.006145833333333428
0 0.4923796296296296 0.8110572916666665 0.01465740740740734 0.005625000000000213
0 0.4780648148148147 0.7854479166666666 0.015342592592592534 0.005432291666666522
0 0.518074074074074 0.7928697916666666 0.004657407407407435 0.00610937499999995
0 0.5172962962962961 0.7759427083333332 0.023796296296296284 0.008921875000000056
0 0.5393425925925925 0.7567031249999999 0.01709259259259268 0.008427083333333307
0 0.552212962962963 0.7770572916666667 0.010759259259259106 0.010916666666666686
0 0.5663518518518518 0.7972916666666666 0.014981481481481594 0.005578124999999989
0 0.6033796296296295 0.7936718749999999 0.011388888888888794 0.009255208333333265
0 0.6321759259259259 0.7888645833333332 0.009490740740740793 0.004630208333333208
0 0.6335462962962962 0.77640625 0.010129629629629733 0.0041510416666666215
0 0.6519999999999999 0.7809114583333333 0.015398148148148197 0.0043906249999999146
0 0.6485277777777777 0.79575 0.014342592592592653 0.0060520833333333355
0 0.605212962962963 0.8235572916666666 0.008462962962963004 0.0077395833333333995
0 0.6130185185185184 0.825421875 0.01084259259259268 0.0069947916666666995
0 0.6335185185185185 0.8325624999999999 0.024333333333333308 0.008182291666666685
0 0.6209537037037036 0.8376197916666666 0.009259259259259207 0.006697916666666614
0 0.6646203703703704 0.8102499999999999 0.008981481481481524 0.0067812499999998724
0 0.6933333333333332 0.7840572916666667 0.01488888888888877 0.004385416666666764
0 0.6961759259259259 0.772359375 0.013944444444444395 0.007843749999999972
0 0.7070462962962962 0.7895729166666666 0.010166666666666737 0.007442708333333314
0 0.7078703703703704 0.7968854166666667 0.014185185185185153 0.004786458333333421
0 0.7226388888888888 0.7920989583333332 0.017250000000000102 0.005583333333333229
0 0.7406018518518519 0.7982812499999999 0.012055555555555644 0.0059843749999998865
0 0.7337499999999999 0.781265625 0.010638888888889003 0.009968749999999993
0 0.7562037037037037 0.7902395833333333 0.016777777777777676 0.005848958333333343
0 0.755611111111111 0.7724218749999999 0.007564814814814882 0.009572916666666664
0 0.7642407407407408 0.7698958333333333 0.012527777777777752 0.006645833333333506
0 0.8080833333333333 0.7743541666666667 0.013712962962962807 0.004651041666666522
0 0.8323055555555555 0.7645572916666666 0.006870370370370438 0.007052083333333315
0 0.8251759259259259 0.7665364583333333 0.009101851851851785 0.0036718750000000354
0 0.8172777777777777 0.7602552083333334 0.007731481481481397 0.003479166666666522
0 0.7622407407407407 0.7560572916666667 0.00996296296296306 0.005505208333333478
0 0.7649074074074075 0.7613177083333333 0.009787037037036978 0.005604166666666721
0 0.7877407407407406 0.7528697916666667 0.010129629629629575 0.0035729166666667923
0 0.846037037037037 0.752578125 0.01751851851851869 0.004734375000000135
0 0.7253425925925926 0.7272864583333334 0.008129629629629499 0.005770833333333236
0 0.7289629629629628 0.7365885416666667 0.010787037037037015 0.005270833333333336
0 0.7512129629629628 0.7433177083333333 0.01120370370370362 0.004239583333333208
0 0.7692407407407406 0.730453125 0.007537037037037129 0.006588541666666714
0 0.7815185185185184 0.7393906250000001 0.007842592592592724 0.0061302083333332645
0 0.8416666666666667 0.7350416666666666 0.016018518518518477 0.005656250000000007
0 0.8358055555555555 0.7233072916666666 0.013222222222222198 0.0069166666666667705
0 0.8520092592592592 0.725875 0.009870370370370552 0.004505208333333321
0 0.848462962962963 0.7165468749999999 0.010990740740740534 0.0038750000000000286
0 0.8642962962962962 0.7225208333333333 0.009129629629629536 0.0038750000000000286
0 0.868861111111111 0.7123593749999999 0.012296296296296166 0.0049218749999999645
0 0.858712962962963 0.7032968749999999 0.012851851851851847 0.005447916666666686
0 0.8483703703703702 0.7045520833333333 0.011546296296296216 0.008802083333333321
0 0.9085462962962962 0.7288281249999999 0.009870370370370552 0.0043697916666666
0 0.883148148148148 0.7221562499999999 0.00650925925925934 0.004249999999999865
0 0.8984722222222222 0.710109375 0.013648148148148052 0.005432291666666522
0 0.9208333333333333 0.7082760416666667 0.012592592592592508 0.0036614583333333785
0 0.8877592592592591 0.6958802083333333 0.013222222222222198 0.006020833333333364
0 0.9087592592592592 0.6968229166666667 0.011962962962963135 0.004135416666666636
0 0.9337407407407406 0.69965625 0.017009259259259262 0.0048437500000000355
0 0.877824074074074 0.6737343749999999 0.013472222222222285 0.011119791666666679
0 0.8868148148148148 0.6553385416666666 0.009166666666666856 0.007479166666666792
0 0.9072962962962963 0.6711041666666666 0.011675925925925729 0.008895833333333237
0 0.9208611111111111 0.6806041666666667 0.009342592592592623 0.005661458333333336
0 0.9440370370370369 0.6727708333333333 0.008620370370370426 0.005354166666666771
0 0.9718888888888889 0.6525572916666667 0.009703703703703721 0.0067708333333333925
0 0.9637129629629628 0.6617552083333333 0.015990740740740726 0.006369791666666735
0 0.9557222222222223 0.65715625 0.00647222222222202 0.009296874999999894
0 0.9497870370370369 0.6572604166666667 0.00647222222222202 0.008895833333333237
0 0.9413425925925926 0.6670624999999999 0.006824074074073868 0.005661458333333336
0 0.9329907407407407 0.6449791666666667 0.011675925925925729 0.007984375000000021
0 0.9346018518518519 0.6576614583333333 0.008444444444444343 0.006671874999999971
0 0.9399444444444445 0.62896875 0.012083333333333397 0.009786458333333314
0 0.9559444444444444 0.6238541666666666 0.008231481481481258 0.005677083333333321
0 0.9743425925925926 0.6201197916666666 0.011555555555555467 0.005380208333333236
0 0.9896111111111111 0.6180625 0.012351851851851987 0.008890625000000086
0 0.9684259259259259 0.6264322916666666 0.009564814814814642 0.005604166666666721
0 0.958398148148148 0.6284479166666666 0.008898148148148266 0.005302083333333307
0 0.9647777777777777 0.6296770833333334 0.010222222222222084 0.004630208333333208
0 0.9907685185185184 0.6034270833333333 0.012222222222222159 0.005729166666666607
0 0.9646666666666666 0.6052864583333333 0.007898148148148229 0.007734374999999893
0 0.967574074074074 0.5986041666666666 0.014972222222222184 0.006927083333333428
0 0.8437685185185185 0.6447968749999999 0.010601851851852 0.010536458333333342
0 0.8154259259259258 0.6380729166666665 0.005175925925925955 0.007901041666666764
0 0.9106851851851852 0.6099322916666666 0.012324074074073918 0.010677083333333393
0 0.882962962962963 0.611109375 0.011092592592592609 0.008317708333333229
0 0.8690370370370369 0.6156145833333333 0.014296296296296241 0.005406250000000057
0 0.7992870370370371 0.6074322916666667 0.012324074074073918 0.009567708333333336
0 0.8406944444444444 0.6020260416666667 0.01922222222222211 0.006515625000000113
0 0.9782499999999998 0.5761406250000001 0.018629629629629423 0.0072083333333333496
0 0.9561203703703701 0.5825833333333332 0.00931481481481487 0.006114583333333279
0 0.9607407407407406 0.5736979166666666 0.01427777777777774 0.006869791666666636
0 0.9219537037037037 0.5776666666666666 0.011009259259259352 0.008802083333333321
0 0.9339907407407407 0.5717135416666667 0.011694444444444545 0.0063854166666667215
0 0.931324074074074 0.5641197916666666 0.013240740740740699 0.006869791666666636
0 0.943361111111111 0.5552656249999999 0.01427777777777774 0.0063854166666667215
0 0.9539444444444444 0.5413333333333332 0.01754629629629613 0.008515624999999893
0 0.9340740740740741 0.5397864583333334 0.015648148148148126 0.004645833333333372
0 0.9898055555555555 0.5322395833333332 0.012212962962962908 0.010255208333333243
0 0.9522222222222223 0.5242552083333333 0.011351851851851948 0.009385416666666656
0 0.9348518518518517 0.5235312499999999 0.01341666666666678 0.006578125000000057
0 0.950675925925926 0.5169531249999999 0.01238888888888899 0.007546875000000064
0 0.9343333333333333 0.5161770833333332 0.010666666666666755 0.004645833333333372
0 0.9439629629629629 0.510515625 0.013759259259259377 0.005130208333333286
0 0.9266574074074073 0.507578125 0.010129629629629575 0.005380208333333236
0 0.9150277777777777 0.500984375 0.011629629629629474 0.008968750000000015
0 0.9108055555555555 0.4919895833333333 0.006749999999999861 0.00564583333333335
0 0.8949537037037035 0.49211979166666664 0.009944444444444558 0.010973958333333301
0 0.9382962962962962 0.4829739583333333 0.012898148148148101 0.012947916666666615
0 0.9674814814814815 0.49476041666666665 0.014185185185185231 0.009432291666666615
0 0.9513611111111111 0.46640625 0.009453703703703633 0.01100520833333345
0 0.9428703703703702 0.4632604166666667 0.011824074074074058 0.009312500000000057
0 0.9346018518518519 0.44669791666666664 0.009027777777777777 0.009067708333333434
0 0.8890277777777776 0.46568229166666664 0.015907407407407467 0.008828124999999964
0 0.8970648148148148 0.43182291666666667 0.013916666666666641 0.009927083333333364
0 0.8646296296296296 0.4378333333333333 0.01466666666666659 0.012442708333333385
0 0.8623888888888889 0.41917187499999997 0.02361111111111111 0.006713541666666778
0 0.8756851851851852 0.41245833333333326 0.013916666666666641 0.005593750000000064
0 0.8923703703703704 0.41865104166666656 0.007351851851851797 0.006828125000000007
0 0.8871851851851852 0.4206875 0.0067962962962961155 0.005515624999999957
0 0.8827314814814814 0.41517187499999997 0.008129629629629499 0.007520833333333421
0 0.8513148148148147 0.401171875 0.0067962962962961155 0.008458333333333323
0 0.8509259259259259 0.39265104166666664 0.009361111111111124 0.006203125000000043
0 0.8710925925925925 0.4004479166666666 0.006907407407407441 0.008395833333333292
0 0.8542685185185184 0.40846874999999994 0.007351851851851797 0.007015625000000014
0 0.8302962962962962 0.4199635416666666 0.008740740740740686 0.0072083333333333496
0 0.8292407407407407 0.38205729166666663 0.009814814814814731 0.009244791666666696
0 0.8383148148148147 0.3808177083333333 0.010305555555555656 0.010072916666666654
0 0.8125555555555555 0.3670833333333333 0.010796296296296267 0.008281250000000018
0 0.7865462962962962 0.36639583333333337 0.01324999999999995 0.011593750000000024
0 0.7656944444444443 0.36542708333333335 0.012268518518518413 0.0060729166666667386
0 0.7372407407407406 0.38937499999999997 0.01619444444444456 0.007864583333333286
0 0.7566203703703703 0.3922708333333333 0.011287037037037193 0.008692708333333332
0 0.7858148148148147 0.3942708333333333 0.017666666666666705 0.007453124999999972
0 0.7934166666666667 0.40648437499999995 0.012268518518518413 0.007588541666666693
0 0.7755092592592591 0.40599999999999997 0.009814814814814731 0.005244791666666693
0 0.798324074074074 0.4327031249999999 0.011287037037037193 0.009244791666666608
0 0.8389259259259259 0.4337395833333333 0.020361111111111226 0.004692708333333328
0 0.8399074074074074 0.44264062499999995 0.010546296296296494 0.004552083333333279
0 0.7189814814814814 0.3366145833333333 0.013231481481481448 0.006588541666666714
0 0.7022962962962963 0.336015625 0.008083333333333402 0.007062499999999972
0 0.6930092592592593 0.3656770833333333 0.013935185185185143 0.01160937500000001
0 0.6845833333333333 0.3824635416666667 0.011185185185185118 0.007645833333333396
0 0.6841481481481482 0.39146354166666664 0.008259259259259327 0.009385416666666656
0 0.632287037037037 0.38038541666666664 0.014620370370370337 0.0069687500000000565
0 0.6532777777777777 0.36175520833333336 0.01324999999999995 0.007645833333333396
0 0.6256666666666667 0.35377604166666665 0.009981481481481404 0.007739583333333311
0 0.6130185185185184 0.3621927083333333 0.01187037037037031 0.006192708333333385
0 0.5972777777777777 0.370609375 0.010324074074074159 0.006385416666666632
0 0.5759444444444444 0.3533854166666667 0.011694444444444545 0.004062499999999946
0 0.5902222222222223 0.33674479166666665 0.014453703703703663 0.00522395833333329
0 0.5741388888888889 0.33645312499999996 0.012555555555555506 0.005614583333333289
0 0.5483333333333333 0.33533854166666666 0.015657407407407536 0.0064843750000000535
0 0.5436944444444445 0.3211145833333333 0.009120370370370286 0.008416666666666739
0 0.5563333333333333 0.317828125 0.011009259259259352 0.0072552083333333964
0 0.5627870370370369 0.3162291666666667 0.009120370370370286 0.006578125000000057
0 0.6137037037037036 0.32048437500000004 0.009462962962963041 0.008708333333333318
0 0.6252314814814814 0.3260520833333333 0.009120370370370286 0.005515624999999957
0 0.6204999999999999 0.3183072916666666 0.005509259259259301 0.003776041666666696
0 0.6584351851851852 0.3235833333333333 0.007740740740740648 0.006385416666666632
0 0.5029444444444444 0.3448177083333333 0.012685185185185174 0.005145833333333361
0 0.4908518518518518 0.33029166666666665 0.010916666666666686 0.005312500000000053
0 0.45824074074074067 0.31610416666666663 0.00944444444444454 0.005807291666666714
0 0.4454074074074074 0.3115364583333333 0.010916666666666686 0.004979166666666668
0 0.47830555555555554 0.34846875 0.0058981481481479945 0.005479166666666657
0 0.42180555555555554 0.33303125 0.013870370370370387 0.004812499999999975
0 0.4005555555555555 0.34166145833333333 0.01976851851851854 0.005807291666666714
0 0.36397222222222214 0.3429895833333333 0.017407407407407365 0.004151041666666711
0 0.3495092592592593 0.34340625 0.016814814814814758 0.004645833333333372
0 0.3397685185185185 0.34830208333333335 0.009148148148148117 0.00447916666666659
0 0.36957407407407405 0.35236979166666665 0.012685185185185174 0.004645833333333372
0 0.3576388888888889 0.3513645833333333 0.00726851851851854 0.005395833333333311
0 0.3524629629629629 0.348234375 0.011444444444444417 0.004177083333333354
0 0.2698981481481481 0.349734375 0.00906481481481478 0.003401041666666682
0 0.30939814814814814 0.37481770833333333 0.008499999999999928 0.004380208333333346
0 0.2683333333333333 0.3906145833333333 0.013685185185185134 0.012078125000000028
0 0.23304629629629628 0.3809895833333333 0.013453703703703706 0.004781250000000003
0 0.24303703703703705 0.38613020833333334 0.012574074074074086 0.0040000000000000036
0 0.2289074074074074 0.3987916666666666 0.009842592592592563 0.005536458333333405
0 0.2197037037037037 0.39243229166666665 0.012212962962962988 0.004307291666666657
0 0.2012962962962963 0.39607291666666666 0.01403703703703706 0.006661458333333314
0 0.19373148148148145 0.40498958333333335 0.014944444444444432 0.007687499999999936
0 0.17496296296296296 0.39658333333333334 0.0072870370370370415 0.00789583333333339
0 0.16137962962962962 0.39991666666666664 0.010388888888888914 0.006562499999999938
0 0.15162962962962961 0.418265625 0.016398148148148117 0.007177083333333378
0 0.15427777777777776 0.43339062500000003 0.010027777777777776 0.007895833333333435
0 0.12429629629629631 0.44113020833333333 0.009481481481481504 0.006151041666666579
0 0.12083333333333333 0.4472291666666666 0.02041666666666669 0.005229166666666707
0 0.16374999999999998 0.44881770833333334 0.01658333333333337 0.004713541666666643
0 0.18689814814814815 0.45348437500000005 0.01731481481481478 0.007895833333333435
0 0.13477777777777777 0.45220312499999993 0.009296296296296329 0.005947916666666764
0 0.12548148148148147 0.46491145833333325 0.007833333333333314 0.007177083333333378
0 0.12985185185185186 0.46891145833333325 0.010388888888888914 0.006354166666666749
0 0.13860185185185184 0.4692708333333333 0.010027777777777776 0.0054322916666667
0 0.1539074074074074 0.46501562500000004 0.010388888888888914 0.006765625000000064
0 0.07900925925925925 0.47608854166666664 0.007472222222222216 0.004713541666666643
0 0.08702777777777777 0.475984375 0.007472222222222216 0.007994791666666678
0 0.06199999999999999 0.5051458333333333 0.01377777777777778 0.0042291666666665504
0 0.1002037037037037 0.5133229166666666 0.026055555555555544 0.006765625000000064
0 0.11836111111111111 0.5195208333333333 0.011777777777777764 0.005354166666666593
0 0.09268518518518516 0.5289635416666666 0.012027777777777783 0.007328124999999908
0 0.1477962962962963 0.53375 0.010518518518518545 0.010427083333333264
0 0.058240740740740725 0.5343177083333334 0.01327777777777778 0.009015624999999972
0 0.07727777777777776 0.550609375 0.011824074074074077 0.00759895833333335
0 0.0506574074074074 0.5488072916666666 0.01667592592592593 0.0076197916666666645
0 0.05700925925925926 0.5534427083333332 0.010629629629629633 0.006567708333333399
0 0.05347222222222222 0.5710312500000001 0.016046296296296288 0.004218749999999894
0 0.05555555555555555 0.5756041666666667 0.015629629629629625 0.004692708333333506
0 0.05356481481481481 0.5989635416666667 0.01275925925925926 0.008656249999999944
0 0.07219444444444444 0.5925885416666666 0.009518518518518527 0.007062499999999972
0 0.07402777777777778 0.598078125 0.013166666666666672 0.0038385416666665505
0 0.08776851851851851 0.5928020833333333 0.008435185185185162 0.005859375
0 0.10647222222222222 0.5840104166666666 0.010037037037037027 0.0102291666666666
0 0.12394444444444445 0.5840729166666667 0.01007407407407407 0.0086666666666666
0 0.10557407407407406 0.61734375 0.014814814814814802 0.012109375
0 0.05244444444444444 0.6200677083333332 0.015212962962962963 0.00933333333333337
0 0.06438888888888888 0.6377916666666665 0.007898148148148149 0.008109375000000085
0 0.22675925925925924 0.5810989583333332 0.006805555555555603 0.008984375
0 0.24096296296296296 0.5645416666666667 0.008583333333333342 0.009484375000000078
0 0.25812037037037033 0.5189427083333333 0.014499999999999997 0.014479166666666644
0 0.3237129629629629 0.42028645833333333 0.01224074074074074 0.006885416666666621
0 0.3224351851851852 0.4298125 0.014231481481481486 0.005124999999999958
0 0.4186296296296296 0.39555729166666664 0.01991666666666671 0.007041666666666657
0 0.4113703703703703 0.42260937499999995 0.014509259259259168 0.004802083333333406
0 0.40524999999999994 0.430453125 0.013092592592592527 0.005760416666666579
0 0.46346296296296297 0.37951041666666663 0.010546296296296337 0.005494791666666643
0 0.48274999999999996 0.38443229166666665 0.014138888888888819 0.0060729166666667386
0 0.4612777777777778 0.3885520833333333 0.022629629629629732 0.0065104166666666964
0 0.8461388888888889 0.45852604166666666 0.01341666666666678 0.010062499999999908
0 0.7865185185185185 0.4616145833333333 0.014018518518518716 0.0093385416666667
0 0.8606759259259259 0.491390625 0.02139814814814795 0.007468749999999957
0 0.8164074074074074 0.495125 0.014759259259259415 0.007468749999999957
0 0.7701018518518519 0.5083020833333334 0.01586111111111121 0.0068489583333333215
0 0.8804074074074074 0.50125 0.010694444444444508 0.008921875000000056
0 0.8953518518518518 0.5240729166666667 0.008120370370370248 0.0093385416666667
0 0.8983055555555555 0.5447239583333332 0.013277777777777703 0.009130208333333379
0 0.865 0.5374166666666665 0.014861111111111174 0.005994791666666721
0 0.8579907407407408 0.5509791666666667 0.010370370370370412 0.01103645833333342
0 0.7773888888888889 0.5490885416666667 0.007851851851851974 0.009463541666666764
0 0.8038888888888889 0.5412031249999999 0.009814814814814731 0.0078854166666666
0 0.8094907407407407 0.5356822916666666 0.009250000000000114 0.0078854166666666
0 0.8190185185185185 0.529296875 0.010370370370370412 0.008671875000000107
0 0.80725 0.5791718749999999 0.018138888888888812 0.008312500000000079
0 0.8692314814814813 0.5804947916666666 0.012425925925925993 0.007937499999999886
0 0.8683888888888889 0.5699114583333333 0.010750000000000013 0.006046875000000007
0 0.7763425925925926 0.586921875 0.006046296296296166 0.006802083333333364
0 0.6646481481481482 0.6371822916666667 0.019824074074074202 0.011713541666666494
0 0.6298796296296296 0.6233906250000001 0.010749999999999855 0.00642708333333335
0 0.5379999999999999 0.6307604166666666 0.015787037037037047 0.009067708333333258
0 0.6781759259259259 0.6968072916666666 0.025712962962962944 0.014234375000000021
0 0.6116018518518518 0.7001875 0.010370370370370412 0.00933333333333337
0 0.7422685185185185 0.6581927083333333 0.010370370370370412 0.00933333333333337
0 0.4276481481481481 0.6949375 0.025712962962962944 0.0072343749999999925
0 0.34381481481481474 0.6775625 0.025694444444444405 0.008328124999999886
0 0.36973148148148144 0.55153125 0.019157407407407512 0.013963541666666579
0 0.39673148148148146 0.5564270833333332 0.012194444444444407 0.013963541666666579
0 0.4381018518518518 0.5603489583333332 0.027870370370370445 0.0075937500000000215
0 0.47512037037037036 0.5075572916666666 0.018287037037036984 0.014208333333333378
0 0.41762962962962963 0.4749791666666667 0.014805555555555511 0.011760416666666629
0 0.570537037037037 0.41913020833333337 0.009324074074073962 0.008182291666666685
0 0.6113888888888888 0.5022187499999999 0.029842592592592608 0.009442708333333449
0 0.6436574074074073 0.5148072916666666 0.010074074074074228 0.009859375000000092
0 0.6514907407407408 0.5468072916666665 0.013055555555555523 0.009651041666666771
0 0.4123796296296296 0.5787916666666666 0.013194444444444444 0.008083333333333265