0 0.5809814814814815 0.24069791666666665 0.014185185185185073 0.012145833333333389
0 0.8935092592592592 0.6685677083333333 0.013185185185185194 0.014078125000000163
0 0.5323981481481481 0.304625 0.010611111111111092 0.013890625000000068
0 0.5672777777777777 0.257 0.012694444444444425 0.00727604166666671
0 0.5457129629629629 0.26945312499999996 0.012537037037037003 0.00927083333333334
0 0.7816481481481481 0.7549531249999999 0.012111111111111149 0.010359374999999994
0 0.9289166666666666 0.6659010416666666 0.018824074074074007 0.010281249999999886
0 0.7198148148148148 0.738765625 0.016120370370370552 0.014656249999999992
0 0.8061296296296295 0.7570572916666667 0.009240740740740864 0.010609374999999944
0 0.7183518518518519 0.40586979166666665 0.007833333333333472 0.011770833333333286
0 0.4651296296296296 0.7774166666666666 0.01095370370370369 0.012031249999999893
0 0.4528055555555555 0.795984375 0.01148148148148146 0.013067708333333438
0 0.5690092592592592 0.7167916666666667 0.012074074074073987 0.015104166666666608
0 0.11697222222222223 0.3954687499999999 0.01276851851851851 0.007906250000000004
0 0.7885277777777778 0.3364375 0.013129629629629689 0.012067708333333371
0 0.5186944444444445 0.29241666666666666 0.018185185185185224 0.005854166666666672
0 0.8297592592592592 0.7154010416666666 0.013611111111111048 0.011734375000000163
0 0.8812407407407408 0.7308333333333333 0.012046296296296393 0.0086666666666666
0 0.9162314814814814 0.5309739583333333 0.01606481481481473 0.01041145833333328
0 0.6595833333333333 0.6620156249999999 0.015388888888888787 0.01154166666666665
0 0.5421759259259259 0.25847916666666665 0.017388888888888863 0.007229166666666664
0 0.9667870370370371 0.46125 0.012092592592592648 0.00869791666666675
0 0.5352037037037036 0.24188020833333335 0.013518518518518381 0.0058385416666666854
0 0.2796111111111111 0.7328177083333334 0.009675925925925968 0.009703125000000057
0 0.42241666666666666 0.5419687499999999 0.014657407407407497 0.013114583333333308
0 0.8375925925925926 0.5941302083333333 0.01783333333333322 0.011942708333333307
0 0.9857592592592591 0.4962916666666667 0.016388888888888824 0.010010416666666622
0 0.8055648148148148 0.5824374999999999 0.009388888888888875 0.014401041666666715
0 0.4615648148148148 0.2589427083333333 0.013925925925925892 0.008671875000000018
0 0.9916111111111111 0.5616510416666666 0.013592592592592547 0.006750000000000078
0 0.6808888888888889 0.27784895833333334 0.013675925925925961 0.011697916666666686
0 0.15602777777777777 0.34620833333333334 0.010222222222222242 0.009750000000000014
0 0.5206574074074073 0.279234375 0.010074074074074228 0.009281249999999996
0 0.1722962962962963 0.3435104166666666 0.010268518518518495 0.006932291666666668
0 0.9092685185185184 0.6182083333333332 0.012842592592592596 0.016026041666666657
0 0.9514259259259259 0.6750572916666666 0.015240740740740775 0.013364583333333258
0 0.5971018518518518 0.49206770833333324 0.012879629629629758 0.011239583333333237
0 0.31077777777777776 0.28865625 0.00855555555555559 0.005281250000000082
0 0.691 0.29036979166666665 0.02295370370370367 0.00792187499999999
0 0.4699722222222221 0.8113020833333333 0.014759259259259257 0.008828124999999788
0 0.6463981481481481 0.4434114583333333 0.010499999999999924 0.013119791666666636
0 0.8789814814814814 0.704015625 0.013907407407407391 0.009531250000000036
0 0.28991666666666666 0.4144322916666667 0.013101851851851858 0.008171875000000028
0 0.714462962962963 0.6846510416666666 0.015138888888888778 0.010234375000000106
0 0.9187037037037038 0.440609375 0.011175925925925867 0.013911458333333293
0 0.16910185185185184 0.3870729166666666 0.010249999999999993 0.0032812499999999465
0 0.3020185185185185 0.321 0.008212962962962993 0.006854166666666739
0 0.6485462962962962 0.26973437499999997 0.010601851851851841 0.010312499999999947
0 0.2942407407407407 0.4917395833333333 0.009212962962963032 0.01200520833333325
0 0.4683425925925926 0.5399583333333333 0.011009259259259194 0.013781250000000078
0 0.8726296296296295 0.6780885416666667 0.016490740740740584 0.009093750000000077
0 0.8403981481481481 0.38955208333333335 0.01465740740740734 0.011520833333333248
0 0.11335185185185184 0.4842239583333333 0.00802777777777778 0.006239583333333343
0 0.5694907407407407 0.266109375 0.009796296296296228 0.00994270833333335
0 0.10662037037037037 0.5096979166666666 0.013592592592592585 0.01115104166666665
0 0.0925 0.40311979166666667 0.009250000000000005 0.010000000000000009
0 0.971037037037037 0.590640625 0.012935185185185105 0.012697916666666665
0 0.867861111111111 0.39012499999999994 0.009953703703703808 0.01185937499999996
0 0.5802685185185186 0.27286979166666664 0.014629629629629588 0.008286458333333347
0 0.11982407407407407 0.42704687499999994 0.010777777777777765 0.003562499999999957
0 0.25946296296296295 0.36682812499999995 0.011000000000000022 0.009848958333333347
0 0.5061666666666665 0.2728645833333333 0.008953703703703771 0.009083333333333332
0 0.2057685185185185 0.6613072916666667 0.009231481481481533 0.014182291666666735
0 0.3818611111111111 0.2614166666666667 0.011138888888888863 0.00564583333333335
0 0.9312222222222223 0.45943749999999994 0.010166666666666577 0.010848958333333237
0 0.5185925925925926 0.2719947916666666 0.01134259259259254 0.007625000000000081
0 0.735185185185185 0.7828020833333333 0.02001851851851831 0.008171875000000028
0 0.23524074074074075 0.6576197916666666 0.012481481481481498 0.009328124999999864
0 0.1367037037037037 0.46567187499999996 0.010824074074074059 0.011807291666666764
0 0.7704722222222222 0.3159791666666666 0.008518518518518666 0.01075520833333341
0 0.18374999999999997 0.3433072916666666 0.00945370370370371 0.007567708333333289
0 0.5474629629629629 0.238859375 0.01572222222222229 0.010656249999999989
0 0.41559259259259257 0.268390625 0.01632407407407407 0.005989583333333303
0 0.5125740740740741 0.6314791666666666 0.016759259259259175 0.010885416666666713
0 0.9674166666666666 0.5628802083333333 0.012240740740740661 0.007630208333333321
0 0.9333888888888888 0.6254479166666667 0.017759259259259214 0.011703124999999837
0 0.842824074074074 0.4085989583333333 0.011990740740740888 0.009692708333333222
0 0.30936111111111114 0.41561458333333334 0.015490740740740784 0.008765625000000022
0 0.19026851851851853 0.55896875 0.013055555555555603 0.008562500000000028
0 0.20634259259259258 0.4079739583333333 0.011509259259259292 0.008619791666666644
0 0.6834259259259259 0.6600729166666666 0.01237962962962958 0.009708333333333208
0 0.23987037037037034 0.3589895833333333 0.013000000000000018 0.008083333333333354
0 0.928425925925926 0.5370104166666666 0.012157407407407403 0.010942708333333329
0 0.6752777777777776 0.6188958333333333 0.01836111111111099 0.006479166666666636
0 0.6494444444444444 0.28271875 0.011592592592592628 0.014505208333333287
0 0.26463888888888887 0.32891145833333335 0.017685185185185207 0.007843749999999972
0 0.23765740740740743 0.30503125 0.016518518518518495 0.004859374999999932
0 0.7248981481481481 0.309953125 0.014009259259259466 0.008072916666666697
0 0.37422222222222223 0.26860416666666664 0.01224074074074082 0.005562500000000003
0 0.18207407407407403 0.5768229166666666 0.009175925925925948 0.004489583333333336
0 0.5011018518518519 0.8098229166666666 0.012481481481481498 0.0111197916666665
0 0.2113148148148148 0.32199479166666667 0.014240740740740736 0.0060052083333332895
0 0.12835185185185186 0.3856302083333333 0.006296296296296294 0.005187499999999989
0 0.6020462962962964 0.2573333333333333 0.017407407407407365 0.006166666666666654
0 0.5010555555555556 0.7952031249999999 0.012694444444444425 0.010968749999999972
0 0.6688425925925926 0.5166302083333333 0.01886111111111101 0.0072864583333332785
0 0.15183333333333332 0.5630624999999999 0.019731481481481496 0.009406249999999972
0 0.5536666666666666 0.7932343749999999 0.01746296296296287 0.007166666666666721
0 0.9557222222222223 0.4803177083333333 0.012777777777777841 0.00728124999999995
0 0.3093796296296296 0.5671197916666666 0.014416666666666739 0.008906249999999893
0 0.9031666666666667 0.42907812500000003 0.014870370370370424 0.008322916666666735
0 0.7859074074074073 0.31221354166666665 0.011499999999999962 0.009187500000000081
0 0.745361111111111 0.2909322916666667 0.013592592592592547 0.008557291666666699
0 0.09395370370370369 0.5238958333333332 0.010185185185185188 0.005020833333333386
0 0.6670648148148147 0.34924999999999995 0.011444444444444299 0.014973958333333304
0 0.19365740740740742 0.3413802083333334 0.0095462962962963 0.006156249999999997
0 0.564675925925926 0.3151145833333333 0.013092592592592685 0.0062135416666667
0 0.09924999999999999 0.47954166666666664 0.011425925925925916 0.009041666666666615
0 0.33312962962962955 0.33788541666666666 0.012212962962962988 0.01143749999999999
0 0.4470185185185185 0.5715677083333334 0.016472222222222242 0.009526041666666707
0 0.9672407407407405 0.4733645833333333 0.012074074074074145 0.008901041666666564
0 0.9337037037037037 0.7024583333333333 0.01158333333333322 0.01126041666666655
0 0.8197500000000001 0.33440624999999996 0.019620370370370527 0.008010416666666752
0 0.12575 0.5554062500000001 0.012037037037037023 0.006296875000000135
0 0.15250925925925926 0.4799322916666666 0.012333333333333326 0.009203124999999979
0 0.9483055555555555 0.5794843749999999 0.011824074074074058 0.01502083333333335
0 0.8666944444444444 0.5363385416666666 0.012222222222222159 0.009130208333333379
0 0.7784907407407408 0.31623437499999996 0.009240740740740864 0.011697916666666686
0 0.3271944444444444 0.27191145833333336 0.011249999999999953 0.007588541666666604
0 0.4732962962962963 0.7190416666666666 0.009277777777777866 0.0108645833333334
0 0.9187314814814815 0.5496718749999999 0.013351851851852024 0.012380208333333264
0 0.21671296296296297 0.6616093749999999 0.009740740740740723 0.012281250000000021
0 0.7379722222222221 0.7597916666666666 0.014962962962962933 0.007630208333333321
0 0.9495925925925925 0.4703489583333333 0.013694444444444306 0.008979166666666672
0 0.9500555555555555 0.5506145833333334 0.012240740740740661 0.013651041666666686
0 0.7215925925925926 0.3264739583333333 0.011935185185185384 0.01182812499999999
0 0.7110648148148149 0.3270625 0.010111111111111152 0.011421875000000003
0 0.29812962962962963 0.6758333333333333 0.013888888888888888 0.006281249999999972
0 0.42596296296296293 0.4406458333333333 0.012990740740740768 0.014031250000000028
0 0.7327222222222222 0.3997708333333333 0.008379629629629588 0.013312499999999972
0 0.30230555555555555 0.6251718749999999 0.014333333333333325 0.011385416666666792
0 0.48920370370370375 0.3826145833333333 0.01694444444444435 0.00575520833333334
0 0.417287037037037 0.76715625 0.011925925925925975 0.007359375000000057
0 0.8524722222222222 0.3666614583333333 0.014796296296296418 0.009859375000000004
0 0.29489814814814813 0.6989739583333333 0.013314814814814785 0.008723958333333393
0 0.07637962962962962 0.5297656249999999 0.011212962962962949 0.007760416666666714
0 0.6015648148148148 0.395703125 0.012981481481481517 0.015171875000000057
0 0.43843518518518515 0.8038385416666666 0.017416666666666615 0.009437499999999942
0 0.7500555555555555 0.4291041666666667 0.010046296296296317 0.007984375000000021
0 0.6619166666666666 0.5544843749999999 0.012518518518518502 0.010968749999999972
0 0.3503981481481481 0.266015625 0.01388888888888885 0.009213541666666724
0 0.7396851851851851 0.5968802083333333 0.016259259259259314 0.006255208333333507
0 0.7231666666666666 0.38429166666666664 0.012175925925925904 0.00760416666666659
0 0.15085185185185182 0.6033854166666666 0.015009259259259227 0.007734374999999893
0 0.4863888888888888 0.4985104166666666 0.019703703703703626 0.008687500000000093
0 0.7945648148148147 0.7471041666666667 0.008824074074073944 0.011864583333333378
0 0.7524537037037037 0.3006041666666667 0.012740740740740837 0.010005208333333382
0 0.3869259259259259 0.27657291666666667 0.013324074074074115 0.011906249999999919
0 0.20503703703703705 0.33923437500000003 0.00906481481481486 0.009406249999999972
0 0.26748148148148143 0.3388385416666667 0.01720370370370377 0.006786458333333289
0 0.2960648148148148 0.7470104166666667 0.010898148148148105 0.012015625000000085
0 0.7647314814814814 0.37675000000000003 0.01610185185185205 0.012083333333333357
0 0.3852685185185185 0.5759322916666666 0.02069444444444441 0.008187499999999837
0 0.8532777777777777 0.38966666666666666 0.013722222222222058 0.008968750000000015
0 0.9777129629629631 0.6139322916666666 0.0121203703703704 0.01019791666666663
0 0.1266388888888889 0.3969531249999999 0.009481481481481504 0.009770833333333284
0 0.22419444444444442 0.697625 0.012620370370370339 0.007500000000000106
0 0.49436111111111103 0.47674479166666667 0.02102777777777776 0.005979166666666735
0 0.08669444444444442 0.45215104166666664 0.011185185185185187 0.0037343749999999786
0 0.6297777777777777 0.7626979166666666 0.00740740740740746 0.006984374999999865
0 0.46614814814814814 0.2985833333333333 0.00816666666666666 0.004005208333333332
0 0.901787037037037 0.7140104166666668 0.008805555555555442 0.004598958333333236
0 0.7454722222222222 0.7014947916666665 0.012648148148148328 0.004395833333333421
0 0.755148148148148 0.6952187499999999 0.008185185185185004 0.004395833333333421
0 0.5378518518518518 0.7706302083333332 0.005444444444444545 0.003619791666666572
0 0.20321296296296296 0.5748749999999999 0.00841666666666667 0.0041770833333332645
0 0.34479629629629627 0.5230833333333333 0.009407407407407378 0.002505208333333364
0 0.1297962962962963 0.45605208333333336 0.009101851851851825 0.0035833333333334496
0 0.16433333333333333 0.389046875 0.006481481481481468 0.002140624999999918
0 0.12028703703703703 0.3823489583333333 0.004370370370370382 0.0031718749999999573
0 0.12662962962962962 0.38119791666666664 0.011129629629629613 0.003249999999999975
0 0.18633333333333332 0.36806770833333335 0.005925925925925905 0.0036510416666666323
0 0.39926851851851847 0.4151249999999999 0.007999999999999988 0.0039010416666666716
0 0.5214259259259258 0.36216666666666664 0.0069351851851851935 0.004802083333333318
0 0.6995185185185184 0.32119270833333335 0.006222222222222248 0.009010416666666642
0 0.6685185185185185 0.27561979166666667 0.010925925925925936 0.004135416666666725
0 0.5113518518518518 0.28508854166666664 0.010814814814814926 0.004385416666666675
0 0.42792592592592593 0.2502395833333333 0.008425925925926 0.003937499999999971
0 0.4380277777777778 0.24907812499999998 0.0095462962962963 0.003937499999999971
0 0.5238425925925926 0.23596354166666664 0.01125000000000003 0.005624999999999947
0 0.3426296296296296 0.3231302083333333 0.013750000000000047 0.006562499999999982
0 0.2955555555555555 0.3137552083333333 0.011249999999999953 0.0046875
0 0.2935277777777777 0.28543749999999996 0.007722222222222226 0.003593750000000018
0 0.9852870370370368 0.5491875 0.014472222222222324 0.007223958333333336
0 0.9731666666666666 0.5590625 0.011944444444444634 0.006208333333333371
0 0.6953055555555555 0.49429166666666663 0.006851851851851936 0.0051354166666666146
0 0.749537037037037 0.4399166666666666 0.011037037037037104 0.003427083333333236
0 0.8858425925925926 0.39094270833333333 0.010203703703703581 0.004494791666666753
0 0.8746388888888889 0.38657291666666665 0.0073240740740740445 0.002744791666666657
0 0.6833981481481481 0.5877343749999999 0.009490740740740793 0.003968749999999943
0 0.33817592592592594 0.7735624999999999 0.00993518518518523 0.00625
0 0.22962037037037036 0.6876822916666666 0.006750000000000019 0.00639062500000005
0 0.2224074074074074 0.688890625 0.007064814814814784 0.004317708333333314
0 0.14541666666666667 0.6253229166666665 0.009074074074074071 0.005104166666666821
0 0.1974259259259259 0.3349739583333333 0.008138888888888907 0.007062499999999972