0 0.5134166666666666 0.2327864583333333 0.014259259259259397 0.004718749999999971
0 0.5418518518518518 0.23676041666666664 0.010314814814814907 0.0078125
0 0.5294351851851851 0.246 0.008277777777777828 0.003947916666666718
0 0.5123981481481481 0.25061979166666665 0.008962962962963021 0.006161458333333325
0 0.5104166666666666 0.23989062499999997 0.011074074074074108 0.006442708333333336
0 0.5002037037037037 0.241796875 0.011018518518518603 0.006046875000000007
0 0.47624999999999995 0.23130729166666666 0.01034259259259266 0.007515625000000003
0 0.4701574074074074 0.24008854166666665 0.006879629629629531 0.008255208333333375
0 0.44829629629629625 0.242671875 0.011546296296296374 0.011026041666666675
0 0.39579629629629626 0.23752083333333332 0.018527777777777824 0.007192708333333275
0 0.39723148148148146 0.246453125 0.012277777777777821 0.005395833333333311
0 0.37828703703703703 0.2443125 0.013333333333333365 0.008276041666666688
0 0.3445925925925926 0.24514062499999997 0.018787037037037005 0.0050677083333333425
0 0.35215740740740736 0.2567083333333333 0.008083333333333324 0.008197916666666671
0 0.3410833333333333 0.25306249999999997 0.020990740740740678 0.004505208333333321
0 0.3063888888888888 0.25364062499999995 0.011018518518518523 0.0038229166666666537
0 0.3111944444444444 0.25719791666666664 0.013064814814814854 0.0036770833333332753
0 0.30198148148148146 0.2601354166666666 0.012277777777777743 0.004776041666666675
0 0.3228148148148148 0.26717708333333334 0.009870370370370314 0.004625000000000057
0 0.3003055555555555 0.2684270833333333 0.009972222222222231 0.005416666666666714
0 0.30607407407407405 0.27171875 0.012277777777777743 0.005182291666666661
0 0.32412962962962966 0.27507291666666667 0.016268518518518564 0.005031250000000043
0 0.3108518518518518 0.28378125 0.009240740740740784 0.0068958333333333675
0 0.3110833333333334 0.29138020833333333 0.007509259259259298 0.0067760416666666325
0 0.34215740740740735 0.284015625 0.011074074074074108 0.009135416666666618
0 0.32174074074074077 0.29961458333333335 0.014324074074074072 0.003765625000000039
0 0.3686296296296296 0.29028645833333333 0.013749999999999969 0.009812499999999957
0 0.38440740740740736 0.28619791666666666 0.010546296296296337 0.004286458333333343
0 0.38227777777777777 0.32055208333333335 0.009759259259259226 0.00834895833333329
0 0.39705555555555555 0.3130208333333333 0.012435185185185086 0.006276041666666643
0 0.43019444444444443 0.29666145833333335 0.007981481481481485 0.007151041666666647
0 0.2813425925925926 0.2787708333333333 0.008574074074074092 0.0070677083333333
0 0.26996296296296296 0.27464062499999997 0.01581481481481488 0.003947916666666629
0 0.2663425925925926 0.28655729166666666 0.011629629629629552 0.007140624999999989
0 0.27067592592592593 0.29347395833333334 0.01581481481481488 0.0055416666666666895
0 0.3648611111111111 0.2780260416666666 0.007453703703703714 0.007307291666666682
0 0.38583333333333325 0.27553124999999995 0.0169351851851851 0.009541666666666605
0 0.41277777777777774 0.27082291666666664 0.006527777777777683 0.007354166666666639
0 0.44635185185185183 0.27728125 0.01898148148148143 0.005807291666666714
0 0.46450925925925923 0.29803645833333337 0.009999999999999905 0.00565104166666659
0 0.4229814814814814 0.26582812499999997 0.013879629629629638 0.004604166666666654
0 0.4668611111111111 0.2676666666666666 0.014694444444444501 0.0075937500000000215
0 0.4796111111111111 0.27441145833333336 0.01632407407407407 0.004208333333333325
0 0.49410185185185185 0.2795833333333333 0.007351851851851955 0.0069687500000000565
0 0.4868611111111111 0.292875 0.014490740740740825 0.00841145833333341
0 0.5329814814814815 0.3179270833333333 0.016527777777777745 0.006229166666666686
0 0.4802314814814815 0.331453125 0.015509259259259207 0.008078125000000025
0 0.3031759259259259 0.31919270833333335 0.018574074074073996 0.00852083333333331
0 0.28807407407407404 0.326171875 0.007962962962962984 0.010604166666666614
0 0.32175 0.33586979166666664 0.0128611111111111 0.009953124999999919
0 0.3325648148148148 0.3456041666666666 0.012037037037037063 0.011927083333333411
0 0.33741666666666664 0.34810416666666666 0.005611111111111061 0.006244791666666671
0 0.3762407407407407 0.3559114583333333 0.004898148148148114 0.008083333333333354
0 0.3927222222222222 0.35780208333333335 0.0066296296296296 0.006364583333333318
0 0.2924629629629629 0.3426458333333333 0.0112222222222222 0.008421875000000068
0 0.2822592592592592 0.3481302083333333 0.011629629629629552 0.004380208333333346
0 0.2789444444444444 0.33357291666666666 0.019083333333333345 0.0040520833333332895
0 0.2263148148148148 0.28859375 0.006629629629629679 0.006697916666666614
0 0.22396296296296295 0.29265104166666667 0.01007407407407407 0.004484374999999918
0 0.23730555555555558 0.283765625 0.016611111111111163 0.004093749999999919
0 0.24333333333333332 0.29413020833333337 0.011074074074074108 0.007036458333333329
0 0.2241388888888889 0.3189010416666666 0.008620370370370346 0.007119791666666675
0 0.21184259259259255 0.317625 0.009805555555555559 0.009677083333333326
0 0.19241666666666665 0.32219791666666664 0.005944444444444486 0.0048906250000000815
0 0.19491666666666663 0.3357604166666667 0.013046296296296273 0.0049427083333333675
0 0.17447222222222222 0.32501041666666663 0.01339814814814818 0.005999999999999961
0 0.1670185185185185 0.3349114583333333 0.006870370370370398 0.0067239583333333465
0 0.19678703703703704 0.36335416666666664 0.009787037037037058 0.008953125000000029
0 0.2220648148148148 0.3730260416666667 0.013750000000000047 0.007453124999999972
0 0.24059259259259255 0.3706614583333333 0.007453703703703714 0.006713541666666689
0 0.2915648148148148 0.37236979166666667 0.006870370370370359 0.009286458333333325
0 0.16809259259259257 0.35674479166666667 0.007601851851851846 0.004760416666666689
0 0.15763888888888888 0.353484375 0.0049444444444444085 0.005296875000000067
0 0.16856481481481483 0.37027083333333327 0.0102037037037037 0.0042604166666667
0 0.16377777777777777 0.38492187499999997 0.011898148148148182 0.004572916666666682
0 0.24402777777777776 0.3868333333333333 0.01136111111111112 0.009005208333333315
0 0.14709259259259258 0.38345833333333335 0.014490740740740707 0.00983333333333336
0 0.14252777777777778 0.36788020833333335 0.008592592592592554 0.010645833333333332
0 0.19700925925925925 0.39831249999999996 0.008324074074074083 0.00548958333333327
0 0.14141666666666666 0.3986458333333333 0.008861111111111104 0.008635416666666628
0 0.1539537037037037 0.41038020833333333 0.008472222222222214 0.010708333333333365
0 0.18205555555555553 0.4136145833333333 0.011898148148148163 0.00411979166666665
0 0.1973333333333333 0.4213958333333333 0.006611111111111099 0.009937500000000021
0 0.1678333333333333 0.4325781249999999 0.007833333333333314 0.008671875000000107
0 0.17449074074074072 0.4462760416666667 0.009398148148148128 0.0078125
0 0.134787037037037 0.45052604166666665 0.011944444444444436 0.005494791666666643
0 0.17715740740740743 0.45840625 0.011796296296296305 0.004317708333333314
0 0.1285648148148148 0.46085937499999996 0.005675925925925935 0.005088541666666657
0 0.12680555555555553 0.4685416666666667 0.005675925925925935 0.005421875000000043
0 0.1348796296296296 0.4681302083333333 0.010675925925925887 0.005656250000000007
0 0.1460925925925926 0.4866093749999999 0.009305555555555579 0.006020833333333364
0 0.1616111111111111 0.4810416666666667 0.007249999999999999 0.008437499999999964
0 0.11730555555555555 0.5007083333333333 0.008324074074074083 0.009104166666666736
0 0.21233333333333332 0.479421875 0.014425925925925911 0.006020833333333364
0 0.13347222222222221 0.5219270833333333 0.006444444444444425 0.009213541666666636
0 0.1333240740740741 0.5286562499999999 0.008592592592592554 0.0052812499999999925
0 0.1398796296296296 0.531078125 0.0125 0.007838541666666643
0 0.11717592592592592 0.5341875 0.010046296296296277 0.007843749999999972
0 0.13723148148148148 0.5445416666666667 0.00905555555555553 0.008208333333333507
0 0.2459814814814815 0.5287239583333333 0.007842592592592644 0.004890624999999993
0 0.22892592592592592 0.5451510416666666 0.007842592592592644 0.003921875000000163
0 0.2710185185185185 0.5449531249999999 0.019499999999999948 0.011593750000000114
0 0.2068796296296296 0.556703125 0.010388888888888914 0.005286458333333322
0 0.17375 0.5676197916666667 0.02234259259259258 0.00859375
0 0.12710185185185185 0.5636770833333333 0.009796296296296268 0.007656249999999964
0 0.2356574074074074 0.5765208333333334 0.0064259259259259235 0.004776041666666763
0 0.22383333333333333 0.5723645833333333 0.004148148148148165 0.0057343750000001135
0 0.18996296296296294 0.5782864583333333 0.015083333333333353 0.0035781249999999433
0 0.17950925925925926 0.5800625 0.007564814814814823 0.006088541666666636
0 0.1700833333333333 0.5952083333333332 0.017388888888888843 0.007296875000000114
0 0.1441574074074074 0.6069947916666667 0.009703703703703721 0.0068489583333333215
0 0.18027777777777776 0.6158958333333333 0.007842592592592625 0.0074479166666668204
0 0.12482407407407407 0.5964322916666667 0.01084259259259256 0.004291666666666494
0 0.2515092592592592 0.6111354166666667 0.007601851851851886 0.008036458333333307
0 0.2609351851851852 0.6065833333333334 0.008657407407407428 0.0048958333333333215
0 0.1409259259259259 0.6174114583333333 0.007601851851851846 0.008567708333333179
0 0.14828703703703702 0.6186614583333332 0.006796296296296273 0.00642708333333335
0 0.13938888888888887 0.624234375 0.015212962962962982 0.005083333333333506
0 0.1555648148148148 0.6291979166666666 0.014564814814814833 0.006479166666666636
0 0.1726759259259259 0.6495885416666667 0.015287037037037009 0.00685416666666665
0 0.17587037037037037 0.6553906249999999 0.01569444444444444 0.0047499999999999435
0 0.21263888888888888 0.6657239583333333 0.014638888888888917 0.0063593750000000785
0 0.2144537037037037 0.6767135416666666 0.009379629629629625 0.0067708333333333925
0 0.19593518518518518 0.6858177083333332 0.0095462962962963 0.007229166666666664
0 0.2099259259259259 0.6886822916666666 0.006796296296296273 0.005864583333333506
0 0.2496851851851852 0.70078125 0.007203703703703704 0.007390625000000028
0 0.23864814814814814 0.707515625 0.012777777777777761 0.006442708333333336
0 0.24390740740740743 0.7229010416666666 0.012620370370370339 0.005223958333333378
0 0.25781481481481483 0.711546875 0.01197222222222215 0.005171874999999914
0 0.26889814814814816 0.7178489583333333 0.012138888888888902 0.006583333333333208
0 0.29138888888888886 0.73009375 0.011490740740740711 0.005958333333333421
0 0.3093518518518519 0.7366458333333332 0.020388888888888897 0.007500000000000106
0 0.2687777777777777 0.743625 0.008009259259259239 0.007906249999999915
0 0.27644444444444444 0.7423854166666667 0.011037037037037026 0.004114583333333322
0 0.37689814814814815 0.7697083333333332 0.007231481481481379 0.00822916666666682
0 0.3409351851851851 0.7644010416666667 0.014703703703703674 0.007124999999999914
0 0.36050925925925925 0.7511979166666667 0.01084259259259264 0.00759895833333335
0 0.34385185185185185 0.7337760416666665 0.008759259259259267 0.006661458333333314
0 0.3513518518518518 0.7298958333333333 0.021194444444444432 0.009036458333333285
0 0.3675277777777778 0.7078229166666666 0.010166666666666737 0.009140625000000036
0 0.34624074074074074 0.711703125 0.01072222222222226 0.009656249999999922
0 0.32163888888888886 0.7116666666666667 0.0125 0.0050416666666665225
0 0.6331296296296296 0.234734375 0.01659259259259266 0.0040989583333333355
0 0.6510370370370371 0.23758854166666668 0.009740740740740723 0.0049166666666667245
0 0.6861851851851852 0.24177083333333332 0.010537037037037086 0.010177083333333314
0 0.6675555555555556 0.24543749999999998 0.01777777777777787 0.007291666666666696
0 0.6626203703703704 0.2529166666666667 0.011324074074074039 0.005296874999999979
0 0.6241759259259259 0.24521874999999999 0.009740740740740723 0.004182291666666682
0 0.5705277777777777 0.25592187499999997 0.016981481481481354 0.003817708333333325
0 0.5655277777777777 0.2602552083333333 0.010398148148148165 0.004041666666666633
0 0.6270740740740741 0.2659583333333333 0.009212962962962952 0.0037447916666667248
0 0.6587407407407407 0.26884895833333333 0.011194444444444368 0.005374999999999996
0 0.7246944444444444 0.24551041666666668 0.009351851851851873 0.004322916666666643
0 0.7418148148148147 0.255625 0.008824074074073944 0.0066250000000000146
0 0.6775 0.2693645833333333 0.009481481481481542 0.006119791666666696
0 0.6796666666666666 0.27558333333333335 0.009611111111111213 0.0039531249999999575
0 0.7151481481481481 0.274734375 0.013166666666666691 0.006640625
0 0.7156759259259259 0.28562499999999996 0.004740740740740534 0.006796874999999947
0 0.7339814814814816 0.2668802083333333 0.008166666666666503 0.002187500000000053
0 0.754712962962963 0.25910416666666664 0.006981481481481448 0.00795833333333329
0 0.7231851851851852 0.2910625 0.006324074074074006 0.010999999999999944
0 0.7415462962962962 0.29235937500000003 0.007499999999999811 0.003375000000000039
0 0.8486481481481482 0.2899114583333333 0.010268518518518337 0.007369791666666714
0 0.8314074074074073 0.29609895833333333 0.015796296296296142 0.003302083333333261
0 0.8031018518518519 0.2986197916666667 0.009740740740740723 0.007453124999999972
0 0.7822962962962963 0.30546875 0.007638888888888889 0.00649479166666671
0 0.8135648148148148 0.3112864583333333 0.008555555555555669 0.007015625000000014
0 0.7583333333333333 0.3179166666666666 0.014222222222222235 0.0047239583333333005
0 0.8410185185185185 0.3004322916666667 0.008685185185185181 0.003880208333333357
0 0.8481203703703704 0.30739583333333337 0.00921296296296311 0.005453125000000014
0 0.8393055555555555 0.30546875 0.006324074074074006 0.005156250000000018
0 0.8389722222222221 0.316984375 0.014351851851851746 0.003750000000000053
0 0.8391018518518518 0.323875 0.014611111111111085 0.0041979166666666675
0 0.7766388888888888 0.33897916666666666 0.016851851851852 0.004192708333333339
0 0.79375 0.33964062500000003 0.008953703703703771 0.01047395833333331
0 0.8460833333333333 0.33720312499999994 0.009611111111111213 0.005973958333333318
0 0.8757685185185184 0.34186979166666664 0.012898148148148101 0.0052343749999999465
0 0.8760370370370371 0.35371874999999997 0.008685185185185181 0.0070208333333333425
0 0.900787037037037 0.36376041666666664 0.006055555555555417 0.0062135416666667
0 0.7834814814814813 0.35564062500000004 0.008425925925925842 0.007744791666666639
0 0.8162592592592591 0.3767916666666667 0.00921296296296311 0.0066510416666666575
0 0.7980925925925926 0.38053125 0.015537037037037116 0.005984374999999975
0 0.8031666666666666 0.39878645833333326 0.01276851851851859 0.010953124999999985
0 0.9105277777777777 0.39927083333333335 0.023435185185185028 0.011468749999999962
0 0.9335648148148148 0.3960052083333333 0.014481481481481574 0.006463541666666739
0 0.9343611111111111 0.4171510416666666 0.01711111111111102 0.005911458333333286
0 0.9289629629629629 0.421296875 0.006324074074074006 0.007119791666666764
0 0.8786018518518517 0.42459375 0.010666666666666755 0.003911458333333328
0 0.8402222222222223 0.4136302083333333 0.007898148148148229 0.004197916666666579
0 0.7876944444444445 0.4077760416666666 0.008166666666666503 0.004937499999999951
0 0.905324074074074 0.437109375 0.0151388888888887 0.003166666666666629
0 0.9384351851851851 0.428515625 0.009481481481481384 0.007307291666666593
0 0.9285648148148147 0.44481249999999994 0.007111111111111275 0.007911458333333421
0 0.8917037037037037 0.4415520833333333 0.014481481481481574 0.005244791666666693
0 0.8745185185185185 0.45003125 0.012509259259259251 0.005020833333333386
0 0.8683981481481482 0.45491666666666664 0.019481481481481447 0.005458333333333343
0 0.8635925925925926 0.4683958333333333 0.005925925925925905 0.007979166666666693
0 0.8893333333333332 0.4688020833333333 0.018694444444444496 0.00568229166666665
0 0.9179629629629629 0.47065624999999994 0.013564814814814793 0.004499999999999993
0 0.9298796296296297 0.47239062499999995 0.010009259259259313 0.00713541666666675
0 0.9115833333333332 0.4806145833333333 0.005527777777777803 0.007979166666666693
0 0.9594999999999999 0.49331770833333327 0.013166666666666375 0.008203125
0 0.8614166666666667 0.4871302083333333 0.008685185185185181 0.009901041666666721
0 0.9296851851851851 0.49183854166666663 0.004777777777777854 0.00521875000000005
0 0.8137592592592592 0.4599322916666667 0.005935185185185155 0.0048437500000000355
0 0.8221759259259259 0.45209374999999996 0.006925925925925943 0.0036354166666667355
0 0.8028796296296296 0.4584010416666667 0.005935185185185155 0.004567708333333265
0 0.7552685185185185 0.45028645833333325 0.011629629629629474 0.003921874999999986
0 0.9377777777777777 0.5368593749999999 0.008212962962962757 0.0031822916666667924
0 0.9283518518518518 0.5404218749999999 0.011416666666666705 0.004505208333333321
0 0.8949907407407407 0.546453125 0.012750000000000088 0.004067708333333364
0 0.8829907407407407 0.5485208333333333 0.007981481481481485 0.0032812500000000354
0 0.9463425925925925 0.5581406250000001 0.008916666666666767 0.006937500000000085
0 0.9597222222222223 0.5531874999999999 0.006574074074074095 0.005078125
0 0.9084444444444444 0.5627604166666667 0.010870370370370273 0.004302083333333507
0 0.9348425925925925 0.5717135416666667 0.014083333333333472 0.0048697916666666785
0 0.917287037037037 0.5833958333333332 0.0038333333333333205 0.004656250000000028
0 0.8828333333333334 0.5746614583333333 0.007666666666666641 0.008567708333333179
0 0.8612407407407406 0.5778697916666666 0.008601851851851923 0.006979166666666714
0 0.953935185185185 0.5934947916666666 0.006574074074074095 0.004875000000000007
0 0.9184166666666667 0.6174895833333333 0.00954629629629614 0.005708333333333293
0 0.8173240740740741 0.5980677083333333 0.011499999999999962 0.003640624999999886
0 0.8405555555555555 0.5532083333333333 0.009833333333333232 0.005906250000000135
0 0.80175 0.6510989583333332 0.00727777777777779 0.00880729166666665
0 0.9160648148148147 0.6384218749999999 0.015314814814814781 0.003984375000000107
0 0.9278796296296296 0.6428749999999999 0.01595370370370372 0.005140624999999943
0 0.883638888888889 0.6549010416666666 0.015064814814814692 0.0059322916666666005
0 0.8602222222222221 0.6630572916666666 0.010851851851851772 0.003994791666666764
0 0.8879537037037036 0.6689947916666666 0.011166666666666616 0.006020833333333364
0 0.9035277777777777 0.6705989583333333 0.01427777777777774 0.006781250000000049
0 0.8847222222222222 0.6752499999999999 0.020990740740740914 0.004281249999999836
0 0.8418981481481481 0.6826666666666666 0.011925925925926133 0.005036458333333371
0 0.8509722222222221 0.7098958333333333 0.018305555555555644 0.004520833333333307
0 0.8259444444444444 0.7139374999999999 0.009574074074073893 0.004661458333333179
0 0.7879537037037037 0.7191302083333333 0.013185185185185194 0.00390625
0 0.7959259259259258 0.6808697916666666 0.01200925925925939 0.005973958333333229
0 0.7777962962962963 0.6956822916666667 0.014018518518518716 0.006406250000000035
0 0.7720462962962962 0.7152083333333333 0.007055555555555455 0.004661458333333179
0 0.7588981481481482 0.7223229166666666 0.00780555555555572 0.004994791666666743
0 0.753824074074074 0.7260729166666666 0.013601851851851797 0.0050677083333333425
0 0.7958611111111111 0.74025 0.00560185185185181 0.005593749999999886
0 0.7967222222222222 0.7469895833333333 0.010564814814814995 0.004067708333333364
0 0.7893055555555555 0.7432343749999999 0.006703703703703607 0.003677083333333364
0 0.7507037037037037 0.7452343749999999 0.013203703703703695 0.0030468749999998934
0 0.768074074074074 0.754875 0.005685185185185383 0.005437500000000028
0 0.7572777777777778 0.7574635416666666 0.006555555555555593 0.007968750000000035
0 0.7398333333333332 0.7608072916666666 0.010564814814814995 0.0043697916666666
0 0.741712962962963 0.7466875 0.007416666666666553 0.004588541666666579
0 0.7236851851851851 0.74790625 0.004879629629629613 0.003932291666666821
0 0.7057962962962963 0.751734375 0.006703703703703765 0.005020833333333208
0 0.703212962962963 0.7398333333333333 0.00751851851851847 0.004588541666666579
0 0.7322129629629629 0.763390625 0.009240740740740864 0.002614583333333265
0 0.7282499999999998 0.7651770833333333 0.0125 0.003015624999999922
0 0.6731666666666666 0.7538072916666666 0.008074074074074152 0.0074479166666668204
0 0.6764444444444444 0.73534375 0.013712962962962965 0.004359374999999943
0 0.6595740740740741 0.7720052083333333 0.007824074074074063 0.00532812499999995
0 0.6776203703703704 0.45078125 0.0202499999999999 0.007802083333333343
0 0.5720740740740741 0.5567864583333333 0.02090740740740734 0.005651041666666678
0 0.7305370370370371 0.7140520833333334 0.01939814814814819 0.004526041666666636
0 0.7104722222222222 0.709875 0.009499999999999965 0.0061041666666666215
0 0.680787037037037 0.7102135416666666 0.01712037037037043 0.006328125000000106
0 0.6432129629629629 0.7619322916666667 0.008685185185185339 0.0024114583333334494
0 0.6218981481481481 0.777875 0.016972222222222104 0.004984375000000085
0 0.5406018518518518 0.7505416666666667 0.009796296296296228 0.009442708333333449
0 0.5635370370370371 0.7424531249999999 0.01033333333333341 0.00443750000000005
0 0.5606481481481481 0.7201354166666667 0.007990740740740894 0.007734374999999893
0 0.551861111111111 0.7261770833333333 0.008759259259259345 0.003677083333333364
0 0.5373981481481481 0.7202760416666667 0.01466666666666659 0.006083333333333307
0 0.5083425925925926 0.760640625 0.00778703703703706 0.007026041666666494
0 0.5133796296296296 0.7680677083333334 0.009740740740740723 0.004906249999999978
0 0.4513148148148148 0.7738177083333333 0.006314814814814914 0.006750000000000078
0 0.4475555555555556 0.7749427083333333 0.0059629629629630665 0.005187500000000078
0 0.43137037037037035 0.7779947916666666 0.01045370370370367 0.005901041666666629
0 0.4300555555555555 0.7627864583333333 0.012268518518518571 0.008427083333333307
0 0.48377777777777775 0.7347395833333333 0.018166666666666567 0.005130208333333286
0 0.46957407407407403 0.7269166666666667 0.00778703703703706 0.006619791666666685
0 0.49876851851851844 0.7151822916666667 0.005527777777777803 0.005203124999999887
0 0.4911203703703703 0.7021041666666666 0.005805555555555486 0.006468749999999979
0 0.5547314814814814 0.6973177083333333 0.010518518518518425 0.0045104166666666504
0 0.5655555555555555 0.6948229166666666 0.007990740740740894 0.008015624999999993
0 0.6517222222222222 0.694 0.014092592592592565 0.004973958333333428
0 0.6317222222222222 0.6696927083333333 0.01598148148148147 0.0066770833333334775
0 0.6045555555555555 0.2816041666666666 0.007574074074074133 0.010588541666666628
0 0.59375 0.28419791666666666 0.013212962962962945 0.008499999999999997
0 0.5598888888888888 0.278640625 0.01046296296296292 0.005046875000000029
0 0.5639907407407407 0.2658645833333333 0.008601851851851765 0.005125000000000046
0 0.6920740740740741 0.3225677083333333 0.012620370370370419 0.0045312500000000535
0 0.6611481481481482 0.342296875 0.005935185185185313 0.004401041666666661
0 0.6445648148148148 0.34575 0.010361111111111161 0.005578124999999989
0 0.640712962962963 0.3621302083333333 0.009694444444444469 0.0028958333333332755
0 0.5486574074074073 0.3593333333333333 0.01011111111111123 0.0028437499999999895
0 0.4155092592592592 0.38299479166666667 0.014074074074074064 0.0052760416666667535
0 0.3873703703703703 0.38597916666666665 0.01455555555555558 0.004083333333333261
0 0.43398148148148147 0.4219479166666666 0.005157407407407453 0.0047916666666667496
0 0.3782777777777778 0.424609375 0.0032777777777777965 0.003973958333333449
0 0.24187962962962964 0.44202604166666665 0.00548148148148147 0.005864583333333328
0 0.2646759259259259 0.47201041666666665 0.004694444444444517 0.007401041666666686
0 0.31042592592592594 0.5705625 0.005861111111111149 0.005463541666666493
0 0.3947685185185185 0.5686875 0.012296296296296324 0.0055885416666667355
0 0.3536851851851852 0.5929270833333333 0.019990740740740795 0.0048177083333333925
0 0.3852314814814815 0.5991979166666667 0.011148148148148114 0.010380208333333307
0 0.3291018518518518 0.5976458333333333 0.005287037037037044 0.007276041666666622
0 0.33725925925925926 0.6463906249999999 0.01608333333333331 0.00560937500000005
0 0.3808055555555555 0.619296875 0.010111111111111072 0.006364583333333229
0 0.3701111111111111 0.6488958333333333 0.006472222222222178 0.005203124999999887
0 0.4047037037037037 0.6508125 0.011833333333333309 0.00443750000000005
0 0.3924907407407407 0.6609166666666667 0.004935185185185276 0.0017812499999999786
0 0.3371759259259259 0.6596249999999999 0.007999999999999988 0.007406249999999837
0 0.3907037037037036 0.6887291666666666 0.01225925925925932 0.005296874999999979
0 0.3290925925925926 0.6919114583333333 0.01225925925925924 0.0036250000000000782
0 0.29624074074074075 0.6918645833333333 0.010888888888888854 0.004104166666666664
0 0.7883981481481481 0.6667760416666667 0.007870370370370475 0.003348958333333307
0 0.78025 0.6690260416666666 0.0054537037037037965 0.0032812500000000354
0 0.7778703703703703 0.6617031250000001 0.008814814814814692 0.005869791666666657
0 0.5301018518518518 0.4442239583333333 0.02643518518518514 0.005270833333333336