0 0.13275925925925924 0.30491145833333333 0.030314814814814836 0.012401041666666668
0 0.34683333333333327 0.2625364583333333 0.024805555555555536 0.009302083333333312
0 0.39460185185185187 0.23540104166666667 0.024805555555555574 0.008786458333333335
0 0.3495833333333333 0.3237760416666666 0.015620370370370375 0.018088541666666645
0 0.20174999999999998 0.34108854166666663 0.014305555555555571 0.004656250000000028
0 0.21303703703703702 0.3740104166666667 0.013546296296296292 0.004447916666666618
0 0.11141666666666666 0.34119270833333337 0.011296296296296285 0.01164583333333331
0 0.0931574074074074 0.38671354166666666 0.02220370370370369 0.006562499999999982
0 0.0884537037037037 0.4109583333333333 0.012796296296296293 0.0055052083333333
0 0.0811111111111111 0.4290572916666666 0.017694444444444457 0.008682291666666763
0 0.030490740740740742 0.4828385416666666 0.011296296296296296 0.014187500000000065
0 0.05043518518518519 0.37337499999999996 0.010537037037037027 0.01122395833333334
0 0.03725925925925926 0.37464583333333334 0.014305555555555552 0.010375000000000068
0 0.09591666666666666 0.615875 0.022231481481481474 0.007854166666666629
0 0.07859259259259258 0.6292552083333334 0.014481481481481475 0.012505208333333507
0 0.13469444444444442 0.7197083333333333 0.016027777777777766 0.01076041666666665
0 0.20191666666666666 0.7349791666666666 0.016027777777777807 0.010468749999999893
0 0.21587962962962964 0.72378125 0.014990740740740765 0.007854166666666629
0 0.29627777777777775 0.762609375 0.012407407407407412 0.00930729166666655
0 0.3174814814814815 0.7620312499999999 0.016546296296296326 0.00756250000000005
0 0.3133425925925926 0.7503958333333334 0.012407407407407412 0.00930729166666655
0 0.41494444444444445 0.7791874999999999 0.016027777777777728 0.00756250000000005
0 0.4669166666666666 0.7492291666666666 0.01964814814814812 0.00756250000000005
0 0.4762222222222222 0.7709010416666666 0.015509259259259207 0.005526041666666792
0 0.513962962962963 0.7579583333333333 0.022749999999999992 0.010468749999999893
0 0.5602407407407407 0.77540625 0.022231481481481474 0.005234375000000036
0 0.6571944444444444 0.75025 0.016546296296296246 0.009598958333333307
0 0.7094166666666666 0.7463229166666666 0.014481481481481574 0.006401041666666707
0 0.7554351851851852 0.7262552083333333 0.023787037037037193 0.01105208333333323
0 0.7637129629629628 0.7025520833333333 0.01964814814814828 0.008432291666666637
0 0.7999074074074073 0.6776822916666667 0.018611111111110922 0.006401041666666707
0 0.583537037037037 0.6465364583333333 0.016722222222222173 0.017750000000000023
0 0.5076944444444444 0.6211979166666667 0.013305555555555454 0.01240104166666658
0 0.31675 0.6343645833333333 0.013194444444444444 0.005197916666666735
0 0.910324074074074 0.5796145833333333 0.01913888888888885 0.015218749999999837
0 0.9314444444444444 0.4973958333333333 0.021777777777777865 0.005937500000000107
0 0.9007592592592591 0.4496979166666666 0.009240740740740864 0.010765624999999978
0 0.37613888888888886 0.511875 0.013194444444444444 0.005197916666666735
0 0.5655277777777777 0.5057499999999999 0.02112037037037027 0.007796875000000014
0 0.7883981481481481 0.33036979166666663 0.01404629629629647 0.011229166666666669
0 0.6202222222222222 0.24678645833333332 0.02512962962962967 0.007901041666666674
0 0.6701203703703704 0.30146875 0.02143518518518527 0.008317708333333318
0 0.7529074074074072 0.284421875 0.008129629629629499 0.007484374999999943
0 0.7601018518518519 0.29037499999999994 0.01718518518518503 0.006020833333333276
0 0.14478703703703705 0.5435729166666666 0.012046296296296275 0.005593749999999886
0 0.41348148148148145 0.4820260416666667 0.015601851851851874 0.009703125000000057
0 0.9001944444444444 0.4276354166666666 0.009027777777777777 0.004739583333333286