0 0.15444444444444444 0.56896875 0.02755555555555556 0.013869791666666664
0 0.15372222222222223 0.5895625 0.014500000000000037 0.01019791666666663
0 0.1609722222222222 0.6085312500000001 0.013055555555555563 0.007343749999999894
0 0.15468518518518518 0.6124010416666665 0.011972222222222228 0.006536458333333428
0 0.15352777777777776 0.6177291666666667 0.00536111111111113 0.004526041666666636
0 0.14825000000000002 0.6139635416666666 0.008759259259259227 0.0028125000000001066
0 0.1539722222222222 0.6253229166666665 0.013046296296296273 0.005833333333333179
0 0.13779629629629628 0.6211979166666667 0.013583333333333334 0.006838541666666665
0 0.13189814814814813 0.6123541666666666 0.012509259259259251 0.008041666666666636
0 0.13896296296296298 0.6047604166666667 0.010546296296296297 0.0061302083333332645
0 0.1489722222222222 0.6011927083333333 0.009111111111111075 0.003218749999999915
0 0.10035185185185184 0.60546875 0.008759259259259267 0.007135416666666572
0 0.09571296296296296 0.6254739583333333 0.02591666666666666 0.006536458333333428
0 0.10991666666666665 0.6381406249999999 0.011435185185185166 0.00432291666666682
0 0.14351851851851852 0.643921875 0.017157407407407396 0.006635416666666494
0 0.14807407407407405 0.6480416666666666 0.014120370370370358 0.005427083333333371
0 0.17506481481481478 0.6615624999999999 0.011620370370370382 0.008546874999999865
0 0.13824999999999998 0.6614114583333334 0.011972222222222228 0.006635416666666494
0 0.12984259259259257 0.6479947916666667 0.006611111111111099 0.003921875000000163
0 0.17479629629629628 0.6386406250000001 0.007509259259259279 0.0061302083333332645
0 0.18274999999999997 0.6449739583333333 0.016268518518518505 0.004526041666666636
0 0.19061111111111112 0.663375 0.010898148148148105 0.007942708333333392
0 0.20705555555555552 0.663171875 0.015546296296296289 0.005729166666666607
0 0.19829629629629628 0.653921875 0.008759259259259267 0.007338541666666742
0 0.2273425925925926 0.6612604166666666 0.011796296296296305 0.008145833333333208
0 0.24914814814814815 0.6702083333333333 0.009648148148148137 0.007338541666666742
0 0.2588888888888889 0.669859375 0.009111111111111115 0.007239583333333322
0 0.26746296296296296 0.6724739583333333 0.008759259259259267 0.005427083333333371
0 0.2616574074074074 0.6778489583333334 0.010009259259259235 0.003921875000000163
0 0.24709259259259259 0.6759895833333334 0.010546296296296257 0.005833333333333179
0 0.2521851851851852 0.6847864583333333 0.013222222222222198 0.004526041666666636
0 0.23833333333333329 0.6915729166666666 0.009111111111111115 0.009046874999999944
0 0.22787962962962963 0.6882083333333332 0.010722222222222182 0.004526041666666636
0 0.2135833333333333 0.6998177083333333 0.011796296296296305 0.0038177083333332364
0 0.21589814814814814 0.7084114583333333 0.009648148148148137 0.003718749999999993
0 0.24923148148148147 0.7063020833333333 0.012333333333333406 0.006536458333333428
0 0.2808703703703703 0.702078125 0.01197222222222215 0.004526041666666636
0 0.28774999999999995 0.719875 0.007861111111111145 0.0059322916666666005
0 0.3040185185185185 0.720375 0.013944444444444395 0.0035208333333335063
0 0.28312962962962956 0.6821197916666667 0.015111111111111184 0.005510416666666629
0 0.2856388888888889 0.6776302083333332 0.011194444444444448 0.004093750000000007
0 0.3112407407407407 0.6713385416666666 0.012027777777777813 0.0056666666666666645
0 0.33558333333333334 0.67865625 0.009231481481481533 0.00739583333333318
0 0.35894444444444445 0.6748020833333332 0.010629629629629633 0.0044062500000000785
0 0.3516666666666666 0.691875 0.01007407407407407 0.003619791666666572
0 0.34062037037037035 0.6927395833333333 0.009796296296296308 0.007552083333333392
0 0.34691666666666665 0.7042291666666666 0.008388888888888838 0.006296875000000135
0 0.34971296296296295 0.7244479166666666 0.010629629629629673 0.0033072916666666784
0 0.3369814814814815 0.7305104166666666 0.009231481481481533 0.002833333333333421
0 0.3323611111111111 0.7347552083333333 0.01007407407407407 0.0037760416666666073
0 0.38537962962962957 0.7162656249999999 0.012592592592592666 0.009598958333333307
0 0.37810185185185186 0.740109375 0.010351851851851753 0.005036458333333371
0 0.3978333333333333 0.7340520833333334 0.00727777777777779 0.006135416666666771
0 0.39964814814814814 0.72271875 0.006435185185185175 0.00739583333333318
0 0.4227314814814815 0.7297239583333333 0.011194444444444526 0.0044062500000000785
0 0.42371296296296296 0.7390052083333334 0.010907407407407435 0.004718749999999971
0 0.41712962962962963 0.74671875 0.008388888888888838 0.003463541666666714
0 0.3187962962962963 0.7352291666666667 0.01426851851851849 0.004718749999999971
0 0.4421759259259259 0.748921875 0.01706481481481477 0.008182291666666685
0 0.4342037037037037 0.7389270833333332 0.005592592592592559 0.00739583333333318
0 0.4769999999999999 0.7359375 0.01007407407407407 0.005510416666666629
0 0.504 0.7436510416666666 0.01035185185185191 0.005822916666666522
0 0.4875 0.7406614583333333 0.006435185185185175 0.005192708333333229
0 0.4371388888888889 0.7244479166666666 0.012592592592592666 0.00739583333333318
0 0.4164351851851852 0.7128072916666666 0.006435185185185175 0.005822916666666522
0 0.42538888888888887 0.711703125 0.012027777777777733 0.007713541666666579
0 0.42678703703703696 0.7190989583333334 0.009796296296296386 0.0033072916666666784
0 0.47224999999999995 0.7285416666666666 0.011194444444444368 0.004880208333333335
0 0.4880555555555555 0.7341302083333333 0.0069907407407406984 0.006921874999999922
0 0.5031666666666667 0.7299583333333333 0.009231481481481453 0.006453124999999993
0 0.4898703703703703 0.7241354166666666 0.011194444444444368 0.004880208333333335
0 0.4603611111111111 0.7109947916666666 0.013712962962962965 0.0056666666666666645
0 0.43531481481481477 0.7035989583333333 0.016787037037037086 0.0056666666666666645
0 0.44930555555555557 0.7018697916666665 0.011194444444444526 0.008500000000000086
0 0.4658148148148148 0.7040729166666666 0.01175000000000005 0.008500000000000086
0 0.4039814814814815 0.7037552083333333 0.009509259259259295 0.0056666666666666645
0 0.39055555555555554 0.7017083333333333 0.015666666666666627 0.005036458333333371
0 0.3976944444444444 0.6948645833333333 0.009796296296296386 0.004562500000000113
0 0.4035648148148148 0.6900625 0.009231481481481453 0.006296875000000135
0 0.40622222222222226 0.6966718749999999 0.015666666666666627 0.006296875000000135
0 0.41224074074074074 0.6883333333333332 0.00867592592592593 0.005036458333333371
0 0.42706481481481484 0.6905364583333332 0.007555555555555473 0.007552083333333392
0 0.4459537037037037 0.6887291666666666 0.01007407407407407 0.005510416666666629
0 0.4446944444444444 0.6862864583333333 0.016509259259259244 0.0037760416666666073
0 0.3950277777777777 0.6634687499999999 0.013425925925925872 0.005348958333333265
0 0.4530833333333333 0.6733854166666667 0.01594444444444447 0.0044062500000000785
0 0.46525000000000005 0.6628385416666667 0.00727777777777779 0.007552083333333392
0 0.47211111111111104 0.6562291666666666 0.015388888888888787 0.004718749999999971
0 0.4849814814814814 0.6891197916666666 0.011472222222222368 0.005348958333333265
0 0.5130925925925925 0.705328125 0.007833333333333314 0.006296875000000135
0 0.4972870370370371 0.7149270833333333 0.01314814814814819 0.0044062500000000785
0 0.5198055555555555 0.7190208333333332 0.010629629629629593 0.005979166666666735
0 0.549601851851852 0.7261041666666666 0.009231481481481453 0.0056666666666666645
0 0.5696111111111111 0.7332604166666666 0.009509259259259295 0.005192708333333229
0 0.5908703703703703 0.7414479166666667 0.006712962962963016 0.006765624999999886
0 0.6112962962962963 0.7441979166666666 0.013990740740740647 0.006921874999999922
0 0.5992592592592593 0.7400312499999999 0.013990740740740647 0.003619791666666572
0 0.5926851851851852 0.7336562499999999 0.01035185185185191 0.0031458333333333143
0 0.6342314814814815 0.7345208333333333 0.007833333333333314 0.008656249999999944
0 0.625 0.7362552083333332 0.008388888888888838 0.005510416666666629
0 0.6236018518518519 0.7336562499999999 0.005592592592592559 0.005036458333333371
0 0.605712962962963 0.7269427083333333 0.012546296296296253 0.004937499999999951
0 0.584787037037037 0.71340625 0.0067407407407407685 0.0069687500000000565
0 0.5940370370370369 0.7092135416666666 0.008314814814814832 0.006526041666666771
0 0.5934074074074074 0.7031302083333333 0.007685185185185143 0.005822916666666522
0 0.5941111111111111 0.6961614583333333 0.0059629629629630665 0.009171875000000006
0 0.6156759259259259 0.6984999999999999 0.005805555555555486 0.0076718749999999504
0 0.6773703703703703 0.7239427083333333 0.01035185185185191 0.004057291666666707
0 0.6978333333333333 0.7228854166666666 0.00893518518518527 0.004234375000000057
0 0.7298981481481481 0.7082864583333334 0.008157407407407252 0.005911458333333286
0 0.7327222222222222 0.7022916666666668 0.015370370370370286 0.005026041666666714
0 0.6488333333333333 0.7063020833333333 0.007842592592592566 0.003880208333333179
0 0.6595 0.7011875 0.0059629629629630665 0.0067031249999999435
0 0.6429537037037036 0.69421875 0.009249999999999956 0.00529166666666665
0 0.6243796296296297 0.6938697916666666 0.011916666666666565 0.004588541666666579
0 0.5882314814814814 0.6896770833333333 0.004861111111111111 0.007848958333333479
0 0.5705185185185185 0.6885312499999999 0.015527777777777708 0.005557291666666764
0 0.5754537037037036 0.6831979166666666 0.010037037037036909 0.003880208333333179
0 0.5368055555555555 0.692546875 0.011129629629629613 0.0067031249999999435
0 0.5196296296296297 0.68359375 0.012546296296296253 0.006260416666666657
0 0.5334351851851852 0.672125 0.00815740740740741 0.007322916666666579
0 0.5724537037037036 0.674078125 0.010361111111111161 0.004494791666666664
0 0.5688055555555555 0.6666354166666666 0.0060185185185185714 0.0060520833333333355
0 0.5832129629629629 0.6610572916666666 0.00740740740740746 0.005661458333333336
0 0.5902222222222223 0.66275 0.007796296296296311 0.004052083333333378
0 0.6774259259259259 0.6991458333333332 0.006314814814814756 0.007770833333333371
0 0.6848333333333333 0.6962291666666667 0.006712962962963016 0.003718749999999993
0 0.6442592592592592 0.686015625 0.006314814814814756 0.005052083333333179
0 0.6708148148148149 0.6815416666666666 0.008685185185185339 0.004885416666666665
0 0.6920833333333334 0.690234375 0.007796296296296311 0.005385416666666742
0 0.7098055555555555 0.6938124999999999 0.006907407407407362 0.00544270833333318
0 0.7167129629629629 0.6932031249999999 0.00651851851851859 0.00544270833333318
0 0.7270277777777778 0.687265625 0.006611111111111099 0.005776041666666743
0 0.75625 0.6879270833333333 0.01234259259259242 0.005552083333333258
0 0.7440092592592592 0.6839895833333334 0.009175925925926106 0.002885416666666707
0 0.7693796296296296 0.6817395833333333 0.0077962962962964686 0.00560937500000005
0 0.6762962962962962 0.6688020833333332 0.005425925925925886 0.0054947916666668204
0 0.689324074074074 0.66721875 0.0042407407407406734 0.004994791666666743
0 0.6997407407407408 0.6640520833333333 0.007898148148148071 0.0038854166666666854
0 0.7044722222222223 0.6584479166666666 0.004740740740740692 0.004552083333333279
0 0.6831574074074074 0.6591406249999999 0.009083333333333284 0.004494791666666664
0 0.6643518518518519 0.6593333333333333 0.01095370370370369 0.00610937499999995
0 0.643574074074074 0.6684947916666666 0.004342592592592591 0.0038854166666666854
0 0.684287037037037 0.6507864583333334 0.008583333333333264 0.00877083333333335
0 0.6338518518518518 0.6550312500000001 0.00957407407407405 0.006942708333333237
0 0.6131666666666666 0.6513958333333333 0.009083333333333284 0.00521875000000005
0 0.7276203703703703 0.6481770833333333 0.008981481481481524 0.004885416666666665
0 0.7618703703703703 0.6513697916666666 0.009972222222222311 0.004166666666666608
0 0.7996296296296297 0.6531458333333333 0.012435185185185244 0.004385416666666764
0 0.8160185185185185 0.6583645833333333 0.006907407407407441 0.005942708333333257
0 0.8291944444444445 0.6575885416666666 0.012731481481481587 0.0057187499999999504
0 0.8158703703703704 0.6513125 0.011546296296296216 0.0060520833333333355
0 0.788824074074074 0.6491458333333332 0.006611111111111099 0.008385416666666678
0 0.7754907407407406 0.6457604166666666 0.011157407407407366 0.006494791666666622
0 0.8403425925925926 0.6424843749999999 0.006018518518518414 0.0060520833333333355
0 0.8231203703703703 0.6430104166666666 0.0053333333333332195 0.005776041666666743
0 0.8284537037037037 0.6333489583333333 0.007898148148148229 0.006218750000000028
0 0.8167592592592592 0.6389583333333333 0.005629629629629563 0.005776041666666743
0 0.8083611111111111 0.6385416666666666 0.006018518518518414 0.0063854166666667215
0 0.7963240740740739 0.6309375 0.005629629629629563 0.0051614583333332575
0 0.8019999999999999 0.627328125 0.00887962962962945 0.006828125000000007
0 0.822824074074074 0.625328125 0.012833333333333346 0.0063854166666667215
0 0.8339259259259258 0.61525 0.007407407407407302 0.006552083333333236
0 0.8042222222222222 0.6161666666666666 0.005037037037037193 0.00560937500000005
0 0.7953333333333333 0.6129739583333333 0.006018518518518414 0.007218750000000007
0 0.8561388888888888 0.6069479166666666 0.008981481481481524 0.0060520833333333355
0 0.8663518518518518 0.609890625 0.005129629629629701 0.004276041666666686
0 0.8698611111111111 0.6126406249999999 0.008388888888888838 0.005776041666666743
0 0.7293703703703703 0.6445052083333334 0.010120370370370325 0.0056927083333333075
0 0.7344259259259259 0.6408333333333334 0.005546296296296304 0.005875000000000163
0 0.7391574074074073 0.6465208333333333 0.008157407407407252 0.006609375000000028
0 0.7154166666666666 0.6346822916666666 0.005055555555555694 0.006973958333333208
0 0.7439722222222221 0.6342708333333332 0.007342592592592546 0.007249999999999979
0 0.7584166666666666 0.63440625 0.006851851851851936 0.007161458333333393
0 0.7651018518518516 0.6251822916666666 0.00522222222222221 0.006885416666666621
0 0.7668148148148147 0.6202239583333332 0.006694444444444356 0.006333333333333258
0 0.7676388888888888 0.6121927083333334 0.006037037037036915 0.005322916666666622
0 0.6685092592592592 0.6346822916666666 0.010768518518518672 0.005505208333333478
0 0.6181666666666666 0.6406041666666666 0.008972222222222272 0.006515625000000113
0 0.5783611111111111 0.6381718749999999 0.011583333333333378 0.006973958333333208
0 0.6599444444444444 0.60609375 0.011583333333333378 0.010921874999999836
0 0.7007314814814815 0.6042083333333332 0.00995370370370365 0.008812499999999978
0 0.7345092592592591 0.6097187500000001 0.010277777777777589 0.0056927083333333075
0 0.7507499999999999 0.6053593749999999 0.013703703703703557 0.00486458333333335
0 0.7704074074074073 0.6018697916666665 0.008972222222222272 0.005781249999999893
0 0.729537037037037 0.5996197916666667 0.009462962962962883 0.006057291666666664
0 0.8305462962962963 0.5857812499999999 0.006712962962962857 0.007078125000000135
0 0.8381018518518518 0.5860729166666666 0.0058703703703704 0.006489583333333293
0 0.7853425925925925 0.5830677083333333 0.009444444444444382 0.007552083333333392
0 0.8077870370370369 0.5694374999999999 0.005666666666666566 0.00696354166666655
0 0.8462870370370369 0.5703802083333334 0.008388888888888838 0.00838020833333335
0 0.8418796296296296 0.5570468749999999 0.013425925925926032 0.009796874999999972
0 0.8186944444444445 0.5499635416666667 0.008185185185185004 0.008140625000000058
0 0.9144629629629629 0.5491979166666667 0.007555555555555631 0.008260416666666793
0 0.8941111111111111 0.5496718749999999 0.0058703703703704 0.007317708333333428
0 0.8322314814814814 0.5419427083333332 0.010490740740740674 0.005781249999999893
0 0.8933796296296297 0.53303125 0.008185185185185004 0.008494791666666756
0 0.8843611111111112 0.535390625 0.012379629629629423 0.004958333333333264
0 0.9093240740740741 0.5254791666666666 0.007759259259259466 0.006369791666666735
0 0.8756574074074075 0.5296666666666667 0.008814814814814692 0.004604166666666565
0 0.8682037037037036 0.5369270833333333 0.005666666666666566 0.005901041666666629
0 0.8721944444444445 0.52725 0.005666666666666566 0.006843749999999993
0 0.8453425925925926 0.5290208333333333 0.011537037037036965 0.0056666666666666645
0 0.8146018518518519 0.5261302083333332 0.010907407407407277 0.006255208333333329
0 0.8217407407407407 0.5253020833333333 0.0058703703703704 0.007432291666666657
0 0.8650555555555555 0.5204635416666666 0.007342592592592546 0.005781249999999893
0 0.7571203703703704 0.5257760416666667 0.007129629629629777 0.005072916666666672
0 0.7466296296296295 0.5447135416666666 0.007972222222222235 0.004958333333333264
0 0.7090833333333333 0.5374583333333334 0.007972222222222157 0.006489583333333293
0 0.6602037037037036 0.5693177083333333 0.011324074074074039 0.007906249999999915
0 0.6797129629629629 0.5791718749999999 0.008388888888888838 0.00849479166666658
0 0.6435277777777777 0.580171875 0.004407407407407346 0.0076718749999999504
0 0.5688425925925926 0.5717968749999999 0.011120370370370362 0.0038958333333333427
0 0.5534166666666667 0.5799947916666666 0.011324074074074039 0.00330208333333335
0 0.5483888888888888 0.567546875 0.01175000000000005 0.006489583333333293
0 0.538212962962963 0.5481927083333333 0.009861111111111143 0.007432291666666657
0 0.5545462962962963 0.6064218749999999 0.00929629629629621 0.004578124999999922
0 0.5328425925925926 0.6157135416666667 0.005620370370370311 0.004416666666666735
0 0.5044074074074073 0.6266927083333333 0.015601851851851716 0.005447916666666686
0 0.49244444444444446 0.6332604166666667 0.008333333333333333 0.004520833333333307
0 0.4901666666666666 0.6419531249999999 0.014240740740740894 0.0034895833333331793
0 0.5106111111111111 0.6430416666666667 0.008037037037037148 0.0034895833333331793
0 0.4839629629629629 0.6487916666666667 0.0076574074074073906 0.0037604166666666216
0 0.4348240740740741 0.6362239583333332 0.012055555555555486 0.0029947916666666075
0 0.42185185185185187 0.6364583333333333 0.012759259259259182 0.004255208333333371
0 0.4368518518518518 0.632875 0.009675925925925968 0.0035468749999999715
0 0.3905277777777777 0.6396927083333332 0.008694444444444432 0.008359375000000035
0 0.455074074074074 0.6201770833333333 0.007712962962963053 0.0074895833333334496
0 0.46502777777777776 0.6197447916666666 0.009388888888888875 0.006624999999999837
0 0.48605555555555563 0.604765625 0.008268518518518578 0.007093749999999943
0 0.35744444444444445 0.6460416666666667 0.015416666666666658 0.005755208333333428
0 0.322537037037037 0.627390625 0.012898148148148101 0.004255208333333371
0 0.2942962962962963 0.646984375 0.00995370370370373 0.0038645833333333713
0 0.2717962962962963 0.6357916666666666 0.007009259259259279 0.0063854166666667215
0 0.28462037037037036 0.6295989583333332 0.0130370370370371 0.008041666666666636
0 0.2684351851851852 0.6277083333333333 0.011212962962962949 0.005203124999999887
0 0.25504629629629627 0.6421770833333333 0.012472222222222247 0.0037083333333333356
0 0.24677777777777773 0.6471041666666666 0.01275925925925926 0.003468749999999865
0 0.2446759259259259 0.6517187499999999 0.01555555555555554 0.005125000000000135
0 0.23324999999999999 0.6390989583333333 0.008972222222222194 0.006229166666666686
0 0.22378703703703703 0.631296875 0.015000000000000015 0.0035468749999999715
0 0.2165 0.6336197916666666 0.017805555555555547 0.0040989583333333355
0 0.2741018518518518 0.6186979166666667 0.014749999999999928 0.006666666666666821
0 0.259712962962963 0.6139374999999999 0.009185185185185121 0.0036718750000000354
0 0.32766666666666666 0.61584375 0.012092592592592568 0.007479166666666792
0 0.2900648148148148 0.6103333333333333 0.007500000000000047 0.006531249999999922
0 0.2816018518518518 0.609859375 0.01136111111111112 0.0047604166666666
0 0.2577777777777777 0.6069322916666666 0.014027777777777731 0.007072916666666628
0 0.28123148148148147 0.6001302083333333 0.012092592592592568 0.005713541666666622
0 0.26769444444444446 0.5969374999999999 0.012574074074074086 0.0047604166666666
0 0.23879629629629626 0.5910208333333333 0.013296296296296282 0.006802083333333364
0 0.35559259259259257 0.5906770833333332 0.01426851851851849 0.0053072916666666355
0 0.19949999999999998 0.5840833333333333 0.014509259259259248 0.005166666666666764
0 0.2977962962962963 0.5706822916666667 0.007500000000000047 0.007479166666666792
0 0.3855555555555555 0.5694687500000001 0.017305555555555605 0.006546875000000086
0 0.3907777777777778 0.5572968749999999 0.011638888888888883 0.008057291666666622
0 0.2969259259259259 0.5595677083333332 0.007166666666666701 0.007552083333333392
0 0.46359259259259256 0.5520937499999999 0.006861111111111029 0.005369791666666579
0 0.49120370370370364 0.550921875 0.013731481481481466 0.004364583333333449
0 0.502537037037037 0.556796875 0.010740740740740605 0.010072916666666742
0 0.4892592592592592 0.59271875 0.014620370370370337 0.004364583333333449
0 0.4973518518518518 0.6656302083333333 0.01798148148148155 0.006296875000000135
0 0.4983518518518518 0.6850729166666666 0.012787037037036934 0.005171874999999914
0 0.0539537037037037 0.5789687499999999 0.013583333333333334 0.011015625000000107
0 0.09750925925925925 0.5759375 0.008796296296296309 0.008989583333333506
0 0.12112962962962961 0.5709270833333333 0.009861111111111103 0.007322916666666579
0 0.1087962962962963 0.5613854166666666 0.016370370370370365 0.007322916666666579
0 0.12172222222222222 0.5596614583333333 0.01262962962962963 0.005437500000000028
0 0.07210185185185185 0.558828125 0.012824074074074075 0.006213541666666522
0 0.036000000000000004 0.5425208333333333 0.013212962962962956 0.00909895833333323
0 0.0750648148148148 0.5458489583333332 0.02387037037037037 0.004661458333333179
0 0.07299074074074073 0.5529479166666667 0.010657407407407405 0.007546874999999886
0 0.05276851851851852 0.53203125 0.012425925925925934 0.007213541666666679
0 0.03925925925925926 0.5256510416666667 0.015388888888888886 0.00532812499999995
0 0.1003148148148148 0.5375260416666666 0.009666666666666678 0.007546874999999886
0 0.11264814814814814 0.5422395833333333 0.015388888888888907 0.0067708333333333925
0 0.03442592592592592 0.515609375 0.01006481481481482 0.006322916666666778
0 0.02259259259259259 0.5090625 0.009268518518518516 0.005213541666666721
0 0.05306481481481481 0.5199374999999999 0.011046296296296295 0.0061041666666666215
0 0.053657407407407404 0.514109375 0.015388888888888886 0.005546875000000106
0 0.05700925925925926 0.5014062499999999 0.011444444444444438 0.00809895833333325
0 0.07999074074074074 0.5213229166666666 0.008092592592592594 0.0064375000000000075
0 0.09202777777777776 0.5199895833333332 0.013611111111111098 0.008432291666666637
0 0.11224999999999999 0.5254270833333333 0.009472222222222213 0.008874999999999921
0 0.13148148148148148 0.5280364583333333 0.009666666666666678 0.00809895833333325
0 0.1476574074074074 0.5247656249999999 0.011638888888888883 0.007546875000000064
0 0.1732037037037037 0.5368593749999999 0.009472222222222252 0.006656250000000164
0 0.15643518518518518 0.5171614583333334 0.009472222222222252 0.005437500000000028
0 0.18257407407407406 0.5235989583333333 0.011240740740740721 0.00809895833333325
0 0.18899074074074074 0.5147760416666667 0.009074074074074111 0.007546875000000064
0 0.1983611111111111 0.5124479166666667 0.006509259259259261 0.0062135416666667
0 0.10534259259259258 0.5078958333333332 0.011833333333333347 0.006656249999999986
0 0.09735185185185186 0.49546874999999996 0.01085185185185185 0.006656249999999986
0 0.1148148148148148 0.4970208333333333 0.011444444444444457 0.007322916666666579
0 0.13198148148148148 0.4975208333333333 0.014601851851851835 0.008322916666666735
0 0.1473611111111111 0.48626041666666664 0.009472222222222252 0.0064375000000000075
0 0.07822222222222222 0.4834270833333333 0.01952777777777778 0.004552083333333279
0 0.13592592592592595 0.47815624999999995 0.010657407407407386 0.00532812499999995
0 0.16393518518518518 0.47294270833333324 0.014203703703703694 0.002885416666666707
0 0.18178703703703702 0.4702239583333333 0.009666666666666658 0.007432291666666657
0 0.2194722222222222 0.49208333333333326 0.013212962962962945 0.007432291666666657
0 0.20506481481481478 0.4898645833333333 0.008481481481481505 0.004994791666666565
0 0.2195648148148148 0.4834843749999999 0.013018518518518521 0.005546875000000106
0 0.13148148148148148 0.4739427083333333 0.004935185185185157 0.00443750000000005
0 0.12625925925925927 0.46633854166666666 0.013805555555555592 0.006546874999999908
0 0.11175925925925927 0.46156770833333327 0.008481481481481465 0.007432291666666657
0 0.07752777777777778 0.474828125 0.009861111111111123 0.0035520833333333003
0 0.0470462962962963 0.4698333333333333 0.013212962962962961 0.009541666666666693
0 0.06362037037037035 0.471390625 0.009666666666666658 0.004661458333333357
0 0.06342592592592593 0.467890625 0.014398148148148158 0.004328124999999972
0 0.04763888888888888 0.4575156249999999 0.007694444444444448 0.007546875000000064
0 0.057703703703703695 0.4575729166666666 0.008879629629629626 0.006989583333333371
0 0.06953703703703704 0.4533020833333333 0.008092592592592594 0.0035520833333333003
0 0.07269444444444445 0.44647395833333337 0.01006481481481482 0.009656249999999922
0 0.11392592592592593 0.44885937499999995 0.016796296296296295 0.011421875000000092
0 0.1366111111111111 0.4535833333333333 0.012537037037037043 0.00845833333333328
0 0.1717037037037037 0.4450520833333333 0.010027777777777776 0.005781249999999893
0 0.1531574074074074 0.43962500000000004 0.008018518518518529 0.006484374999999964
0 0.1366111111111111 0.4346927083333333 0.012027777777777773 0.008177083333333357
0 0.11668518518518517 0.43708854166666666 0.009777777777777767 0.007333333333333236
0 0.09900925925925926 0.435890625 0.0060185185185185315 0.005499999999999972
0 0.236 0.4749427083333333 0.005259259259259213 0.004369791666666778
0 0.250537037037037 0.5030729166666666 0.008768518518518518 0.008177083333333357
0 0.2845 0.5118854166666666 0.010527777777777756 0.006062499999999993
0 0.2771018518518518 0.5357864583333333 0.010277777777777825 0.008177083333333357
0 0.3001666666666667 0.5265520833333334 0.015787037037036968 0.009166666666666679
0 0.2752222222222222 0.4878489583333333 0.010027777777777816 0.009026041666666628
0 0.2883796296296296 0.4888333333333333 0.015787037037036968 0.00958854166666665
0 0.2460185185185185 0.4739583333333333 0.012277777777777743 0.0046510416666667
0 0.2709629629629629 0.474453125 0.01453703703703708 0.0056406250000000215
0 0.25015740740740744 0.469515625 0.022055555555555627 0.0031041666666666856
0 0.2461481481481481 0.4581666666666666 0.006518518518518511 0.007473958333333286
0 0.25416666666666665 0.4615520833333333 0.005518518518518552 0.0035260416666666574
0 0.24125925925925923 0.45048437499999994 0.009777777777777727 0.0047916666666667496
0 0.27497222222222223 0.4459687499999999 0.015037037037037019 0.0053593749999999215
0 0.2598055555555555 0.4471666666666666 0.008268518518518498 0.006343750000000092
0 0.2772314814814815 0.4553489583333333 0.008518518518518587 0.005781249999999893
0 0.32912037037037034 0.48319270833333333 0.011527777777777793 0.0033854166666666074
0 0.32811111111111113 0.4795989583333333 0.009527777777777718 0.004088541666666679
0 0.3358796296296296 0.4706458333333333 0.010527777777777756 0.0053593749999999215
0 0.30191666666666667 0.4655677083333333 0.017796296296296296 0.003947916666666629
0 0.2970277777777778 0.4493541666666666 0.01604629629629631 0.006765625000000064
0 0.39390740740740743 0.45421875 0.010277777777777747 0.006343750000000092
0 0.4502592592592592 0.5194583333333334 0.008592592592592515 0.004645833333333372
0 0.48160185185185184 0.5213802083333332 0.005935185185185313 0.00798958333333335
0 0.4717592592592592 0.5180885416666666 0.005620370370370311 0.005442708333333357
0 0.4399166666666667 0.5042604166666667 0.009990740740740654 0.0072864583333332785
0 0.6212314814814814 0.5478697916666666 0.01161111111111113 0.0036562500000000497
0 0.5641018518518518 0.5246197916666666 0.009749999999999974 0.0036562500000000497
0 0.507898148148148 0.5107708333333333 0.007898148148148071 0.007317708333333251
0 0.5021296296296296 0.4954270833333333 0.010018518518518408 0.005286458333333322
0 0.4985833333333334 0.49296354166666667 0.012944444444444514 0.005286458333333322
0 0.5593333333333333 0.4915520833333333 0.00584259259259249 0.00998437499999998
0 0.6079814814814815 0.49102604166666663 0.010018518518518408 0.0075156250000000925
0 0.6266666666666666 0.5148645833333333 0.011064814814814857 0.00610937499999995
0 0.9348333333333332 0.4865364583333333 0.009000000000000025 0.007197916666666693
0 0.9338333333333332 0.4910364583333333 0.0077962962962964686 0.006296874999999957
0 0.901148148148148 0.5032395833333333 0.007601851851851886 0.0064114583333333645
0 0.9032407407407407 0.48760416666666667 0.011796296296296305 0.005062500000000014
0 0.8898518518518518 0.49638020833333324 0.012194444444444407 0.006187500000000057
0 0.8509629629629629 0.5119010416666667 0.007601851851851886 0.0073124999999999215
0 0.8430648148148148 0.5147083333333333 0.009796296296296228 0.005062500000000014
0 0.8356666666666666 0.5099322916666666 0.005796296296296393 0.005848958333333343
0 0.8710555555555555 0.49935937499999994 0.0066018518518518475 0.00607291666666665
0 0.8779537037037037 0.49216145833333336 0.008398148148148089 0.006750000000000078
0 0.8685555555555554 0.4935677083333333 0.010398148148148165 0.005510416666666629
0 0.8590555555555556 0.4861979166666666 0.009000000000000025 0.004499999999999993
0 0.8635555555555555 0.48456770833333335 0.007601851851851886 0.005286458333333322
0 0.8457592592592592 0.47928125 0.010796296296296267 0.00888541666666658
0 0.831462962962963 0.4892916666666666 0.013398148148148279 0.004385416666666764
0 0.8188703703703702 0.4941822916666666 0.009398148148148128 0.008322916666666735
0 0.8068703703703702 0.5006510416666666 0.007398148148148051 0.009109375000000064
0 0.758287037037037 0.5091406249999999 0.008194444444444254 0.0076458333333333075
0 0.704 0.512234375 0.0060000000000000695 0.0064114583333333645
0 0.7833796296296296 0.48524479166666656 0.007194444444444533 0.005958333333333421
0 0.8309629629629629 0.4739947916666667 0.009194444444444609 0.004161458333333279
0 0.8521574074074073 0.46820312499999994 0.014398148148148 0.006973958333333386
0 0.8592592592592592 0.46061458333333327 0.015796296296296142 0.009109375000000064
0 0.8750555555555555 0.459375 0.012194444444444407 0.006859374999999978
0 0.9100462962962963 0.4563958333333333 0.013796296296296381 0.006520833333333265
0 0.7842777777777777 0.4617395833333333 0.014999999999999937 0.005510416666666629
0 0.7478888888888889 0.4563958333333333 0.00699999999999995 0.00607291666666665
0 0.6650092592592592 0.497671875 0.009601851851851804 0.006750000000000078
0 0.8606574074074074 0.4475677083333333 0.013398148148148279 0.005958333333333421
0 0.8542592592592592 0.4418333333333333 0.011398148148148202 0.005734374999999936
0 0.8731481481481481 0.43170833333333325 0.011194444444444368 0.007760416666666714
0 0.8369629629629628 0.44087499999999996 0.005999999999999912 0.005848958333333343
0 0.8271666666666666 0.44644270833333327 0.015592592592592621 0.004838541666666707
0 0.8132685185185184 0.4445885416666666 0.010592592592592749 0.003151041666666643
0 0.8196666666666667 0.43856770833333325 0.013398148148148279 0.0032604166666667213
0 0.791574074074074 0.4400885416666666 0.007194444444444533 0.003151041666666643
0 0.8088703703703704 0.42625520833333325 0.008194444444444254 0.007421875
0 0.8440648148148149 0.42175520833333324 0.012592592592592508 0.00337499999999995
0 0.9022407407407406 0.4200104166666666 0.007398148148148051 0.0064114583333333645
0 0.8720555555555556 0.4188854166666666 0.01299999999999986 0.007083333333333286
0 0.8551574074074074 0.41703124999999996 0.008398148148148089 0.006750000000000078
0 0.9127407407407406 0.4088802083333333 0.009601851851851646 0.005286458333333322
0 0.8660555555555555 0.4067395833333333 0.013398148148148279 0.006187500000000057
0 0.8496574074074074 0.4088802083333333 0.009000000000000025 0.007536458333333407
0 0.8389629629629629 0.405109375 0.010398148148148165 0.00337499999999995
0 0.8659537037037037 0.3984739583333333 0.008398148148148089 0.004723958333333255
0 0.8189722222222222 0.41033854166666667 0.015999999999999976 0.004838541666666707
0 0.8166666666666667 0.40229687499999994 0.01299999999999986 0.003822916666666565
0 0.7684814814814814 0.4182708333333333 0.009398148148148128 0.007197916666666693
0 0.7720833333333333 0.4103958333333333 0.01299999999999986 0.00877083333333335
0 0.8073703703703703 0.3935260416666667 0.017592592592592698 0.005848958333333343
0 0.802574074074074 0.3954375 0.014398148148148 0.004947916666666696
0 0.8180648148148149 0.38188541666666664 0.014592592592592584 0.003937499999999971
0 0.8138703703703704 0.3861614583333333 0.009000000000000025 0.006187500000000057
0 0.8077685185185184 0.3839635416666667 0.008796296296296191 0.004947916666666696
0 0.8529537037037037 0.3717083333333333 0.010000000000000063 0.0060729166666667386
0 0.7834814814814813 0.38964583333333336 0.017398148148148114 0.005062500000000014
0 0.7658796296296295 0.3933020833333333 0.009000000000000025 0.00809895833333334
0 0.7422870370370369 0.398921875 0.018194444444444634 0.006520833333333353
0 0.7568888888888889 0.3853177083333333 0.007398148148148051 0.006520833333333353
0 0.7136944444444443 0.42940104166666665 0.00699999999999995 0.00809895833333325
0 0.7018981481481481 0.4152864583333333 0.013796296296296381 0.006187500000000057
0 0.7735833333333334 0.37333854166666663 0.013194444444444444 0.005958333333333332
0 0.8161666666666666 0.36810937499999996 0.012000000000000139 0.005848958333333343
0 0.7230925925925926 0.37822916666666667 0.010592592592592749 0.004500000000000082
0 0.8130740740740741 0.35708854166666665 0.011796296296296305 0.006973958333333386
0 0.8014722222222221 0.3601770833333333 0.011796296296296305 0.004385416666666675
0 0.7885740740740741 0.35315104166666667 0.01719444444444428 0.005848958333333343
0 0.758287037037037 0.3506197916666667 0.015398148148148355 0.004838541666666618
0 0.8569537037037037 0.34297395833333333 0.015999999999999976 0.004838541666666618
0 0.8222685185185185 0.3358854166666666 0.011000000000000102 0.01001041666666671
0 0.797175925925926 0.3300364583333333 0.0067962962962961155 0.010682291666666632
0 0.7724814814814814 0.33560416666666665 0.0077962962962964686 0.0067499999999999895
0 0.7488888888888888 0.34381249999999997 0.01659259259259266 0.005401041666666639
0 0.7274907407407407 0.34347916666666667 0.007398148148148051 0.010572916666666644
0 0.7415925925925925 0.33825000000000005 0.01519444444444452 0.00528645833333341
0 0.6929074074074074 0.3520260416666666 0.018592592592592577 0.0067499999999999895
0 0.6828055555555554 0.34319791666666666 0.01479629629629626 0.006187500000000057
0 0.6532129629629629 0.34555729166666665 0.013592592592592705 0.007760416666666714
0 0.7570833333333332 0.32834895833333333 0.011398148148148202 0.005062500000000014
0 0.7635833333333333 0.3322291666666667 0.007999999999999988 0.005171875000000004
0 0.7950740740740739 0.318734375 0.0077962962962964686 0.0060729166666667386
0 0.7908796296296295 0.3088385416666667 0.011398148148148202 0.006296874999999957
0 0.7863796296296296 0.299390625 0.012796296296296342 0.004947916666666696
0 0.7720833333333333 0.2945520833333333 0.01939814814814819 0.005624999999999947
0 0.754685185185185 0.3198020833333333 0.01299999999999986 0.00528645833333341
0 0.7595833333333333 0.314796875 0.010000000000000063 0.004276041666666686
0 0.7464907407407407 0.3086145833333333 0.009000000000000025 0.009895833333333303
0 0.7326944444444444 0.320703125 0.014194444444444482 0.010234375000000018
0 0.7361944444444444 0.295453125 0.011194444444444368 0.007197916666666604
0 0.7273981481481482 0.27976562499999996 0.005999999999999912 0.00528645833333341
0 0.7026018518518518 0.28212499999999996 0.012796296296296184 0.004385416666666675
0 0.6822037037037036 0.2845989583333333 0.012398148148148241 0.00528645833333341
0 0.6658148148148147 0.2907864583333333 0.008398148148148089 0.008437500000000053
0 0.6514166666666666 0.300234375 0.011999999999999981 0.004385416666666675
0 0.6540185185185184 0.305578125 0.009999999999999905 0.004500000000000082
0 0.6697129629629629 0.2750416666666667 0.01339814814814812 0.004609374999999982
0 0.6619166666666666 0.2805520833333333 0.015796296296296298 0.005062500000000014
0 0.6584166666666667 0.26407291666666666 0.008796296296296349 0.009895833333333303
0 0.6744074074074073 0.2532760416666667 0.01479629629629626 0.006296875000000046
0 0.645611111111111 0.26293749999999994 0.00894444444444452 0.003161458333333389
0 0.6389722222222223 0.27982291666666664 0.0150740740740741 0.006463541666666739
0 0.6256851851851852 0.2869322916666667 0.01404629629629631 0.005458333333333343
0 0.6239722222222223 0.2941041666666666 0.013870370370370387 0.005078125
0 0.6179166666666667 0.30603125000000003 0.007583333333333384 0.008979166666666672
0 0.6057407407407407 0.300859375 0.013870370370370387 0.004807291666666646
0 0.5847777777777777 0.2994114583333333 0.021287037037037097 0.0057135416666667105
0 0.5615555555555556 0.30408333333333337 0.007092592592592616 0.006166666666666654
0 0.5898611111111111 0.2853020833333333 0.01209259259259249 0.007984374999999932
0 0.5821944444444443 0.2792239583333333 0.009999999999999905 0.0072552083333333964
0 0.6234074074074074 0.27714062500000003 0.013064814814814776 0.004354166666666615
0 0.6105 0.26965625 0.007583333333333384 0.007890625000000017
0 0.6104166666666667 0.26171875 0.01161111111111113 0.005989583333333303
0 0.5849351851851852 0.26271354166666666 0.013870370370370387 0.005624999999999947
0 0.5513981481481481 0.26457291666666666 0.01289814814814826 0.008979166666666672
0 0.539861111111111 0.2591302083333333 0.011768518518518551 0.005171875000000004
0 0.5233333333333333 0.27677604166666664 0.018388888888888743 0.004718749999999971
0 0.5081759259259259 0.2825833333333333 0.011935185185185226 0.004536458333333382
0 0.5147037037037037 0.27269270833333337 0.009518518518518546 0.003265624999999961
0 0.534787037037037 0.25060416666666663 0.01225925925925932 0.004265625000000028
0 0.507287037037037 0.25423437499999996 0.01145370370370355 0.008072916666666697
0 0.4995462962962962 0.25006249999999997 0.011768518518518551 0.004265625000000028
0 0.4846296296296296 0.2565 0.007740740740740648 0.006619791666666685
0 0.47358333333333336 0.257046875 0.005648148148148064 0.0060781249999999785
0 0.46849999999999997 0.26303124999999994 0.009027777777777777 0.005531250000000032
0 0.46519444444444447 0.25822395833333334 0.011453703703703707 0.005354166666666682
0 0.4549537037037037 0.24725000000000003 0.011287037037037035 0.005171875000000004
0 0.46906481481481477 0.23704166666666665 0.012416666666666585 0.004536458333333382
0 0.5109999999999999 0.23731249999999998 0.008222222222222323 0.008708333333333318
0 0.5695370370370371 0.2382239583333333 0.009194444444444451 0.005624999999999947
0 0.47946296296296304 0.22951041666666666 0.009027777777777777 0.0036302083333333178
0 0.4963333333333333 0.25851562499999997 0.008685185185185339 0.0028802083333332893
0 0.43074074074074076 0.24617708333333335 0.006685185185185263 0.00902083333333339
0 0.42461111111111105 0.2545677083333333 0.00600925925925932 0.006765624999999975
0 0.4377592592592592 0.27799479166666663 0.010472222222222171 0.00401041666666666
0 0.42839814814814814 0.27836979166666664 0.009129629629629694 0.006015624999999946
0 0.4132592592592592 0.24849479166666666 0.01492592592592593 0.004885416666666665
0 0.39633333333333337 0.24185416666666665 0.010472222222222171 0.005385416666666654
0 0.4064629629629629 0.26941666666666664 0.008018518518518489 0.004385416666666675
0 0.40067592592592594 0.2749270833333333 0.008907407407407359 0.006640625
0 0.3851944444444444 0.2889583333333333 0.01225000000000007 0.0051354166666666146
0 0.5016759259259258 0.3075 0.006907407407407441 0.005890624999999971
0 0.5180462962962963 0.3228489583333333 0.006240740740740749 0.005510416666666629
0 0.5024537037037037 0.31683333333333336 0.008907407407407359 0.00927083333333334
0 0.6115925925925926 0.34370312499999994 0.0071296296296296195 0.005635416666666604
0 0.6047962962962962 0.371140625 0.009129629629629536 0.006140625000000011
0 0.5317407407407407 0.35153645833333336 0.008685185185185339 0.006015624999999946
0 0.45278703703703704 0.34715104166666666 0.007574074074073975 0.006515625000000025
0 0.4530092592592592 0.37840624999999994 0.008462962962963004 0.004385416666666675
0 0.4912129629629629 0.38736458333333335 0.009129629629629536 0.006515625000000025
0 0.5622592592592592 0.40089583333333334 0.007351851851851955 0.009020833333333301
0 0.7046574074074073 0.4430052083333333 0.010129629629629733 0.009072916666666764
0 0.6979074074074074 0.449125 0.010879629629629682 0.004854166666666692
0 0.6872222222222223 0.44701562499999997 0.009000000000000025 0.00401041666666675
0 0.5958796296296296 0.47697395833333334 0.0071296296296296195 0.005697916666666636
0 0.5848148148148148 0.46927604166666664 0.0074999999999999685 0.006750000000000078
0 0.6332037037037037 0.4365677083333333 0.019509259259259202 0.005062500000000014
0 0.6490925925925926 0.4165260416666666 0.015083333333333353 0.006489583333333293
0 0.6757129629629629 0.39643749999999994 0.011537037037037123 0.0032447916666666467
0 0.6712777777777778 0.4086666666666666 0.007101851851851867 0.003744791666666636
0 0.6053888888888889 0.43424479166666663 0.007546296296296381 0.005989583333333393
0 0.4423518518518519 0.4611979166666666 0.015203703703703613 0.010588541666666628
0 0.5234351851851851 0.43594791666666666 0.007962962962962826 0.011401041666666778
0 0.5627129629629629 0.46211458333333333 0.014120370370370318 0.007536458333333407
0 0.45095370370370363 0.387890625 0.007888888888888819 0.007151041666666647
0 0.4117314814814815 0.41118749999999993 0.009203703703703702 0.012328124999999978
0 0.35300925925925924 0.43854687499999995 0.005694444444444397 0.007890625000000106
0 0.3251759259259259 0.438671875 0.007009259259259279 0.004682291666666671
0 0.20591666666666666 0.43983333333333335 0.0052407407407407906 0.006375000000000064
0 0.2124259259259259 0.44172395833333333 0.006083333333333327 0.005192708333333407
0 0.21588888888888888 0.4388333333333333 0.006296296296296333 0.00696354166666655
0 0.2260648148148148 0.42820833333333325 0.011537037037037044 0.008614583333333314
0 0.213787037037037 0.4313958333333333 0.013009259259259269 0.005072916666666672
0 0.20749074074074073 0.4286822916666667 0.013842592592592556 0.004364583333333449
0 0.17727777777777776 0.42225 0.012166666666666635 0.003541666666666643
0 0.23099074074074075 0.4139322916666666 0.010490740740740752 0.004838541666666707
0 0.24473148148148147 0.41274999999999995 0.0056666666666666445 0.006020833333333364
0 0.27075 0.4012447916666666 0.011120370370370362 0.006609375000000028
0 0.3312777777777777 0.4152864583333333 0.006296296296296254 0.006375000000000064
0 0.2937222222222223 0.4034270833333333 0.013842592592592635 0.005312499999999965
0 0.3630648148148148 0.40484374999999995 0.010277777777777747 0.0036562500000000497
0 0.3548796296296296 0.40383854166666666 0.008601851851851805 0.006843749999999993
0 0.3344259259259259 0.3955208333333333 0.009648148148148137 0.008848958333333368
0 0.31113888888888885 0.3931614583333333 0.008388888888888838 0.010505208333333372
0 0.29624074074074075 0.3908020833333333 0.011333333333333369 0.010973958333333301
0 0.26004629629629633 0.38873437499999997 0.00944444444444446 0.007317708333333339
0 0.23801851851851852 0.3813020833333333 0.011120370370370362 0.003302083333333261
0 0.18410185185185185 0.38714062499999996 0.013638888888888898 0.008140625000000058
0 0.19322222222222224 0.3795885416666666 0.009648148148148137 0.009557291666666589
0 0.212 0.3782916666666667 0.011537037037037044 0.006729166666666675
0 0.22186111111111112 0.3723333333333333 0.009018518518518526 0.004484374999999918
0 0.21462962962962961 0.37474999999999997 0.009648148148148137 0.004364583333333361
0 0.15902777777777777 0.39239583333333333 0.01007407407407407 0.008734374999999961
0 0.14434259259259258 0.4061406249999999 0.012592592592592627 0.005312499999999965
0 0.13060185185185186 0.42573437499999994 0.010277777777777785 0.005781249999999893
0 0.11958333333333332 0.4311614583333333 0.00587037037037036 0.004130208333333307
0 0.10280555555555555 0.43009895833333334 0.011333333333333329 0.0036562500000000497
0 0.09304629629629628 0.4298020833333333 0.008185185185185202 0.008260416666666614
0 0.11643518518518518 0.4187708333333333 0.01007407407407407 0.00838020833333335
0 0.08790740740740739 0.4229583333333333 0.010490740740740743 0.006135416666666593
0 0.12881481481481483 0.412453125 0.007555555555555592 0.011093750000000036
0 0.1356388888888889 0.40932812499999993 0.010277777777777785 0.005546875000000106
0 0.0897962962962963 0.4116302083333333 0.009648148148148137 0.007317708333333251
0 0.05276851851851852 0.40932812499999993 0.014055555555555542 0.00696354166666655
0 0.07249074074074074 0.39380729166666667 0.014055555555555562 0.007552083333333304
0 0.08109259259259259 0.39894270833333334 0.007342592592592605 0.0071979166666666485
0 0.10038888888888889 0.3955208333333333 0.006083333333333327 0.007432291666666657
0 0.10794444444444444 0.39799999999999996 0.005666666666666684 0.0071979166666666485
0 0.11329629629629628 0.39451562500000004 0.010490740740740752 0.00401041666666666
0 0.10458333333333333 0.3914479166666667 0.0073425925925925855 0.006609375000000028
0 0.08633333333333333 0.38 0.011537037037037044 0.004250000000000043
0 0.08171296296296296 0.37563541666666667 0.01237962962962964 0.007552083333333304
0 0.11329629629629628 0.3814791666666667 0.006712962962962976 0.006020833333333276
0 0.11361111111111111 0.36896874999999996 0.007759259259259268 0.006729166666666675
0 0.152 0.38265625000000003 0.008185185185185162 0.007671875000000039
0 0.13962037037037037 0.37699479166666666 0.005666666666666684 0.005546875000000018
0 0.14255555555555555 0.37262500000000004 0.00944444444444442 0.006729166666666675
0 0.1361574074074074 0.3634791666666667 0.008814814814814812 0.007786458333333357
0 0.1168611111111111 0.3550416666666666 0.009648148148148137 0.008848958333333368
0 0.12503703703703703 0.3546302083333333 0.008814814814814812 0.00991145833333329
0 0.14812037037037037 0.361 0.007972222222222235 0.007552083333333304
0 0.1477037037037037 0.35433333333333333 0.007972222222222235 0.007906250000000004
0 0.17371296296296296 0.35681250000000003 0.007972222222222235 0.007906250000000004
0 0.15388888888888885 0.3506770833333333 0.014898148148148138 0.00696354166666664
0 0.1392037037037037 0.3500833333333333 0.00944444444444442 0.007906250000000004
0 0.1342685185185185 0.3445989583333333 0.0071296296296296195 0.0068437500000000815
0 0.14255555555555555 0.3424166666666667 0.007759259259259268 0.006255208333333329
0 0.22060185185185183 0.3572239583333333 0.009018518518518526 0.010619791666666689
0 0.2615185185185185 0.35893749999999996 0.015731481481481464 0.004604166666666654
0 0.22774074074074074 0.34990625 0.009861111111111064 0.007083333333333286
0 0.2573240740740741 0.33433333333333326 0.008185185185185241 0.008494791666666668
0 0.2467222222222222 0.3423541666666667 0.007555555555555552 0.0068437500000000815
0 0.2559537037037037 0.3448333333333333 0.006712962962962936 0.006609375000000028
0 0.24987037037037038 0.3460729166666667 0.008388888888888838 0.00696354166666664
0 0.20298148148148146 0.34796354166666665 0.006500000000000009 0.007906250000000004
0 0.21577777777777776 0.3392864583333333 0.016157407407407398 0.007552083333333304
0 0.18546296296296297 0.3402291666666667 0.014685185185185171 0.00401041666666666
0 0.1768611111111111 0.3418854166666666 0.010490740740740714 0.009203125000000067
0 0.18242592592592594 0.33362499999999995 0.009444444444444441 0.008494791666666668
0 0.1736111111111111 0.332265625 0.007759259259259268 0.008614583333333314
0 0.15713888888888888 0.33126041666666667 0.009231481481481493 0.008260416666666614
0 0.1993148148148148 0.31385416666666666 0.006296296296296333 0.006489583333333382
0 0.20969444444444443 0.319640625 0.007759259259259229 0.004604166666666654
0 0.2156759259259259 0.31639062500000004 0.008814814814814772 0.005192708333333318
0 0.22973148148148148 0.3218802083333333 0.011333333333333369 0.006729166666666675
0 0.2328796296296296 0.325890625 0.010490740740740752 0.006489583333333382
0 0.2916203703703703 0.321703125 0.008388888888888838 0.006374999999999975
0 0.3108240740740741 0.32848958333333333 0.014472222222222244 0.006020833333333276
0 0.3447037037037037 0.34146875 0.007972222222222235 0.006489583333333382
0 0.3206851851851852 0.3690833333333333 0.006500000000000009 0.007671875000000039
0 0.34480555555555553 0.37156249999999996 0.006083333333333406 0.006489583333333382
0 0.4030277777777777 0.39622916666666663 0.007555555555555473 0.006255208333333329
0 0.4119444444444444 0.3828333333333333 0.005240740740740712 0.005666666666666753
0 0.37617592592592586 0.367375 0.0058703703703704 0.005192708333333318
0 0.38844444444444437 0.36064583333333333 0.007342592592592546 0.0068437500000000815
0 0.4298796296296296 0.3599375 0.006712962962963016 0.004958333333333354
0 0.4215925925925925 0.3525625 0.011120370370370362 0.005312500000000053
0 0.3604351851851852 0.3423541666666667 0.012592592592592627 0.004718749999999971
0 0.43737037037037035 0.3275520833333333 0.016157407407407398 0.005343750000000025
0 0.41487037037037033 0.32380729166666666 0.0072870370370370415 0.008911458333333311
0 0.40521296296296294 0.31267187500000004 0.012675925925925924 0.005166666666666675
0 0.3664074074074074 0.3021979166666667 0.008287037037037079 0.006552083333333325
0 0.37436111111111103 0.2928697916666666 0.007620370370370388 0.008317708333333318
0 0.28900925925925924 0.31278124999999996 0.013888888888888888 0.007307291666666682
0 0.21350925925925926 0.30156770833333335 0.007620370370370388 0.008567708333333358
0 0.2394907407407407 0.3001145833333333 0.008064814814814822 0.008192708333333344
0 0.2654814814814815 0.29746875 0.005824074074074067 0.005416666666666714
0 0.2567407407407407 0.288015625 0.011648148148148213 0.006932291666666668
0 0.3816481481481481 0.28127604166666664 0.01366666666666671 0.004536458333333382
0 0.37055555555555547 0.2772447916666666 0.010750000000000013 0.006046874999999919
0 0.359462962962963 0.2572708333333333 0.00918518518518516 0.007687500000000025
0 0.34837037037037033 0.27434375 0.008962962962962943 0.009578125000000081
0 0.3249629629629629 0.27151041666666664 0.013222222222222198 0.0089479166666667
0 0.3367222222222222 0.2630052083333333 0.006268518518518501 0.006807291666666692
0 0.30894444444444447 0.2600416666666666 0.011203703703703698 0.007937499999999976
0 0.2661574074074074 0.2792604166666666 0.007166666666666701 0.01033333333333326
0 0.2763518518518518 0.2653333333333333 0.010083333333333321 0.005921875000000032
0 0.3006574074074074 0.2703125 0.009407407407407378 0.011343749999999986
0 0.33347222222222217 0.24901562500000002 0.01098148148148152 0.009072916666666675
0 0.48496296296296293 0.47123958333333327 0.0074999999999999685 0.004218749999999894
0 0.5059537037037036 0.4625989583333333 0.0060000000000000695 0.004078125000000021
0 0.5320648148148148 0.4691354166666667 0.005749999999999981 0.003937499999999971