0 0.4272685185185185 0.31172916666666667 0.010824074074074177 0.008552083333333372
0 0.42224074074074075 0.3240520833333333 0.015203703703703613 0.004781250000000003
0 0.39505555555555555 0.31651562499999997 0.013916666666666641 0.0027552083333333144
0 0.3998703703703703 0.32355729166666664 0.010472222222222171 0.004031249999999975
0 0.3860185185185184 0.3181927083333333 0.013175925925925943 0.0030937500000000283
0 0.37581481481481477 0.32719270833333336 0.00665740740740751 0.003989583333333347
0 0.4049907407407407 0.33151041666666664 0.01375925925925922 0.006270833333333314
0 0.3487037037037037 0.32123437499999996 0.017083333333333388 0.0034947916666666855
0 0.3491388888888889 0.326765625 0.01276851851851851 0.0038854166666666854
0 0.35681481481481475 0.335796875 0.012601851851851878 0.0031041666666666856
0 0.40838888888888886 0.33970833333333333 0.011703703703703638 0.0034583333333333853
0 0.4255185185185185 0.3453072916666667 0.009287037037036958 0.006786458333333289
0 0.44096296296296295 0.34459375 0.0088055555555556 0.004140625000000053
0 0.45917592592592593 0.3489739583333333 0.013629629629629707 0.004614583333333311
0 0.4501851851851852 0.3435416666666667 0.011101851851851861 0.006380208333333304
0 0.452537037037037 0.36430729166666664 0.0150740740740741 0.006244791666666671
0 0.38365740740740745 0.3634270833333333 0.014351851851851904 0.0075989583333332614
0 0.4338425925925926 0.37940625 0.0150740740740741 0.00522395833333329
0 0.39772222222222225 0.4164114583333333 0.011972222222222228 0.0036718750000000354
0 0.3871111111111111 0.42110416666666667 0.013240740740740699 0.0053072916666666355
0 0.2610462962962963 0.41594791666666664 0.009009259259259276 0.007213541666666679
0 0.26991666666666664 0.42461979166666663 0.005999999999999991 0.004604166666666565
0 0.23184259259259257 0.4212447916666666 0.012277777777777743 0.005526041666666615
0 0.21055555555555555 0.4055833333333333 0.013370370370370368 0.006447916666666664
0 0.18047222222222223 0.4027916666666666 0.007870370370370377 0.003718749999999993
0 0.17135185185185187 0.3775677083333333 0.020453703703703675 0.005312500000000053
0 0.16269444444444445 0.40456249999999994 0.01007407407407407 0.0040729166666666925
0 0.15199074074074076 0.4180989583333333 0.011953703703703727 0.006375000000000064
0 0.1250925925925926 0.4101354166666667 0.008500000000000006 0.005312499999999965
0 0.21962962962962962 0.3560208333333333 0.011546296296296296 0.008656249999999944
0 0.24945370370370373 0.36134374999999996 0.010259259259259324 0.0037864583333333535
0 0.2763888888888889 0.35457812499999997 0.016027777777777728 0.004328124999999972
0 0.28774999999999995 0.34019270833333326 0.013805555555555552 0.0051354166666666146
0 0.27361111111111114 0.35153125 0.013583333333333296 0.003505208333333343
0 0.2400925925925926 0.34620833333333334 0.021379629629629606 0.004885416666666753
0 0.2973240740740741 0.3281041666666667 0.016481481481481413 0.0052604166666665895
0 0.304537037037037 0.45654166666666657 0.020111111111111135 0.004302083333333329
0 0.38127777777777777 0.4624479166666666 0.01224074074074082 0.009468750000000092
0 0.1981388888888889 0.46756770833333333 0.008203703703703743 0.0069270833333332504
0 0.1549074074074074 0.46188020833333326 0.005564814814814806 0.008078124999999936
0 0.1194351851851852 0.43739583333333326 0.0108425925925926 0.005604166666666721
0 0.08250925925925925 0.43129687499999997 0.011435185185185187 0.007583333333333364
0 0.06917592592592592 0.43566666666666665 0.011722222222222219 0.006098958333333293
0 0.0618425925925926 0.4428385416666666 0.007037037037037032 0.007583333333333364
0 0.08060185185185186 0.45281249999999995 0.014064814814814813 0.005770833333333236
0 0.08455555555555555 0.45652083333333326 0.011435185185185177 0.005276041666666664
0 0.09364814814814815 0.45783854166666665 0.008500000000000006 0.005604166666666721
0 0.10859259259259259 0.46319791666666665 0.012018518518518522 0.004453125000000035
0 0.1289814814814815 0.4676718749999999 0.009027777777777777 0.006322916666666778
0 0.1282962962962963 0.4733229166666666 0.012425925925925953 0.004598958333333236
0 0.11833333333333332 0.472078125 0.01225925925925924 0.008619791666666644
0 0.07909259259259259 0.47130729166666663 0.012092592592592589 0.005937500000000107
0 0.057888888888888886 0.4633593749999999 0.016342592592592593 0.004979166666666579
0 0.04426851851851852 0.461828125 0.008851851851851854 0.006510416666666607
0 0.036009259259259255 0.48648958333333325 0.011064814814814817 0.006223958333333357
0 0.1347685185185185 0.4881666666666666 0.006981481481481487 0.006510416666666607
0 0.04290740740740741 0.49874999999999997 0.012601851851851848 0.005651041666666678
0 0.032777777777777774 0.5036822916666667 0.007999999999999997 0.005937500000000107
0 0.020259259259259258 0.503296875 0.01566666666666667 0.0067031249999999435
0 0.017277777777777777 0.5098593749999999 0.012768518518518516 0.01197395833333328
0 0.017879629629629627 0.5226458333333334 0.013277777777777774 0.005171875000000092
0 0.019074074074074077 0.529921875 0.012944444444444444 0.004786458333333421
0 0.04162962962962962 0.5263333333333333 0.015490740740740739 0.00852604166666655
0 0.08887962962962961 0.5183333333333333 0.009879629629629615 0.009578124999999993
0 0.0761111111111111 0.5346145833333333 0.014638888888888897 0.004598958333333236
0 0.05397222222222222 0.5447708333333333 0.01021296296296297 0.007661458333333293
0 0.018898148148148147 0.546203125 0.011240740740740742 0.004598958333333236
0 0.016342592592592593 0.54975 0.008509259259259256 0.005171874999999914
0 0.030879629629629632 0.5535416666666666 0.013611111111111107 0.0037499999999999643
0 0.10504629629629629 0.55315625 0.007814814814814813 0.007322916666666579
0 0.1532314814814815 0.530875 0.008250000000000037 0.0108645833333334
0 0.18545370370370368 0.5499218749999999 0.00802777777777782 0.0069583333333334
0 0.20835185185185184 0.5604166666666666 0.008249999999999997 0.009645833333333265
0 0.18046296296296296 0.566765625 0.018018518518518493 0.0047604166666666
0 0.10124999999999999 0.5732395833333332 0.008898148148148148 0.007937499999999886
0 0.06793518518518518 0.5728697916666666 0.013018518518518521 0.0089114583333334
0 0.05675925925925925 0.5684791666666666 0.008898148148148148 0.009645833333333265
0 0.04351851851851851 0.5750677083333333 0.009768518518518511 0.008421874999999978
0 0.028648148148148145 0.575375 0.015194444444444444 0.007083333333333286
0 0.019537037037037037 0.583796875 0.0095462962962963 0.006838541666666665
0 0.014212962962962964 0.58721875 0.008462962962962964 0.0036614583333333785
0 0.03646296296296296 0.6051614583333333 0.01606481481481482 0.004395833333333421
0 0.026416666666666665 0.6127708333333333 0.017287037037037035 0.004999999999999893
0 0.04634259259259258 0.6218177083333334 0.007685185185185183 0.007427083333333506
0 0.14432407407407408 0.6285052083333333 0.009601851851851842 0.0067552083333332295
0 0.13267592592592592 0.6373541666666667 0.0098425925925926 0.0060781249999999785
0 0.13939814814814816 0.6443072916666666 0.008407407407407379 0.005942708333333257
0 0.14287962962962963 0.6481614583333333 0.007685185185185183 0.007427083333333506
0 0.08692592592592592 0.6493072916666667 0.010564814814814808 0.004052083333333378
0 0.05547222222222222 0.6395833333333333 0.012962962962962956 0.0037812500000001135
0 0.06255555555555556 0.6563333333333333 0.021370370370370356 0.004593750000000086
0 0.08452777777777777 0.6646406249999999 0.011046296296296306 0.0031041666666666856
0 0.023175925925925926 0.6476875 0.008407407407407407 0.006213541666666522
0 0.031101851851851853 0.6536979166666665 0.007925925925925932 0.0044583333333333645
0 0.03529629629629629 0.6566666666666666 0.009601851851851853 0.0036458333333333924
0 0.046101851851851845 0.6634895833333333 0.008648148148148153 0.004593750000000086
0 0.13275925925925924 0.67578125 0.011777777777777804 0.009291666666666743
0 0.12212037037037035 0.6776614583333332 0.0098425925925926 0.009687499999999894
0 0.18846296296296294 0.6822552083333333 0.009666666666666638 0.010380208333333307
0 0.13099999999999998 0.7014843749999999 0.009666666666666678 0.006718750000000107
0 0.10183333333333332 0.7040520833333332 0.012472222222222207 0.006328125000000106
0 0.10235185185185185 0.710578125 0.014935185185185182 0.0035572916666666288
0 0.12309259259259259 0.7152708333333333 0.005796296296296275 0.007015624999999836
0 0.11307407407407406 0.7210520833333334 0.008611111111111135 0.007906249999999915
0 0.0969074074074074 0.7214479166666667 0.012120370370370361 0.007906249999999915
0 0.12098148148148147 0.732421875 0.017398148148148156 0.008104166666666579
0 0.14918518518518517 0.7315781250000001 0.005268518518518503 0.005239583333333364
0 0.17308333333333334 0.7402760416666666 0.007731481481481515 0.010973958333333478
0 0.18116666666666667 0.74121875 0.007731481481481496 0.013442708333333364
0 0.1910092592592592 0.7549583333333333 0.008083333333333324 0.007906249999999915
0 0.22193518518518518 0.7475937500000001 0.015111111111111105 0.00958854166666665
0 0.24354629629629623 0.7589583333333334 0.005972222222222238 0.00681770833333335
0 0.24389814814814817 0.7684479166666667 0.0116018518518518 0.005833333333333179
0 0.20549999999999996 0.76884375 0.01107407407407403 0.008598958333333507
0 0.24337037037037032 0.7870312499999998 0.013703703703703714 0.009192708333333322
0 0.24820370370370368 0.7821354166666666 0.0079074074074074 0.0057343750000001135
0 0.25558333333333333 0.78915625 0.006500000000000009 0.0057343750000001135
0 0.2594537037037037 0.793453125 0.0079074074074074 0.004645833333333372
0 0.26823148148148146 0.7915260416666666 0.010370370370370412 0.003953125000000135
0 0.2792222222222222 0.79434375 0.006324074074074085 0.005437500000000028
0 0.3001296296296296 0.7832239583333334 0.011944444444444396 0.004348958333333286
0 0.30224074074074075 0.7799635416666666 0.011249999999999953 0.004348958333333286
0 0.29854629629629625 0.7682968750000001 0.007379629629629628 0.006718750000000107
0 0.32894444444444443 0.7924687499999999 0.006675925925925933 0.00642708333333335
0 0.3438796296296296 0.8101614583333333 0.008435185185185172 0.0052395833333331865
0 0.3940462962962963 0.7932083333333333 0.013175925925925943 0.008104166666666579
0 0.39695370370370364 0.800421875 0.01264814814814817 0.0059322916666666005
0 0.3949259259259259 0.8065 0.009314814814814712 0.0064270833333335275
0 0.42154629629629625 0.7992395833333333 0.010898148148148185 0.0057343750000001135
0 0.4120648148148147 0.7890572916666667 0.00984259259259264 0.0059322916666666005
0 0.4039814814814815 0.7840625 0.009490740740740793 0.005239583333333364
0 0.41654629629629625 0.7849062499999999 0.008611111111111016 0.0059322916666666005
0 0.35943518518518514 0.7734114583333334 0.014231481481481486 0.006265625000000163
0 0.38016666666666665 0.75896875 0.006185185185185086 0.004526041666666636
0 0.3998055555555556 0.7544479166666667 0.008972222222222272 0.004526041666666636
0 0.4349166666666667 0.7569687500000001 0.015462962962962953 0.008874999999999921
0 0.309787037037037 0.7386979166666666 0.012064814814814816 0.0053958333333334
0 0.4554814814814815 0.8243072916666666 0.013916666666666641 0.0046979166666666575
0 0.4540925925925926 0.8301354166666666 0.006185185185185086 0.006265624999999986
0 0.49770370370370365 0.8154322916666666 0.022268518518518476 0.006786458333333556
0 0.5059074074074074 0.82621875 0.017009259259259106 0.008526041666666729
0 0.5451851851851851 0.8290052083333332 0.007731481481481397 0.006088541666666813
0 0.5252407407407407 0.8131718749999999 0.00865740740740727 0.008177083333333357
0 0.5187407407407407 0.8082135416666667 0.011138888888888863 0.005218749999999872
0 0.5302407407407407 0.7945989583333334 0.013046296296296273 0.00432291666666682
0 0.5361851851851852 0.7998385416666667 0.015138888888888858 0.004062500000000124
0 0.5295462962962962 0.8064583333333333 0.011648148148148133 0.0055052083333333
0 0.54375 0.8075052083333333 0.015842592592592554 0.008385416666666501
0 0.5776481481481481 0.8090104166666666 0.011416666666666547 0.004588541666666756
0 0.5982685185185185 0.8099947916666667 0.006527777777777683 0.006552083333333414
0 0.6179537037037036 0.8127447916666666 0.009083333333333284 0.0055052083333333
0 0.6412499999999999 0.8054739583333334 0.008620370370370268 0.011140624999999904
0 0.5733425925925926 0.78640625 0.010249999999999993 0.0060260416666666925
0 0.6214537037037036 0.7934166666666667 0.016537037037036996 0.004848958333333364
0 0.61225 0.7841770833333332 0.012111111111110991 0.00759895833333335
0 0.6475462962962963 0.7851614583333333 0.013740740740740718 0.005635416666666693
0 0.652787037037037 0.7886354166666667 0.01490740740740727 0.004192708333333428
0 0.6682777777777777 0.7880468749999999 0.011416666666666547 0.007468750000000135
0 0.6927407407407407 0.79584375 0.017009259259259106 0.005765625000000085
0 0.7514444444444444 0.7827395833333333 0.013277777777777703 0.004718749999999971
0 0.7527314814814815 0.7767083333333333 0.006527777777777841 0.006812500000000022
0 0.8075925925925926 0.7991822916666667 0.007685185185185143 0.004588541666666668
0 0.6273888888888889 0.7573802083333334 0.018175925925925974 0.006161458333333236
0 0.6410185185185184 0.7494531249999999 0.016537037037036996 0.004979166666666579
0 0.6851666666666667 0.7509583333333333 0.01770370370370355 0.006161458333333236
0 0.6503333333333333 0.7644583333333334 0.01095370370370369 0.007994791666666678
0 0.6548796296296296 0.770421875 0.015842592592592554 0.00759895833333335
0 0.7662407407407407 0.746109375 0.014907407407407428 0.0053750000000000854
0 0.7572685185185185 0.7301249999999999 0.007222222222222285 0.007468750000000135
0 0.7755555555555556 0.7330052083333333 0.007453703703703556 0.007729166666666743
0 0.8481296296296296 0.7328072916666667 0.011879629629629563 0.005239583333333364
0 0.8287962962962964 0.729859375 0.011416666666666705 0.005109374999999972
0 0.815398148148148 0.7317604166666667 0.012583333333333257 0.004979166666666579
0 0.7738148148148147 0.7245520833333334 0.011416666666666705 0.007338541666666742
0 0.7373518518518518 0.7167552083333334 0.017703703703703708 0.009567708333333336
0 0.779287037037037 0.7163645833333334 0.02283333333333341 0.006682291666666629
0 0.6909907407407407 0.7314999999999999 0.018175925925925974 0.008385416666666678
0 0.6947129629629629 0.7194479166666665 0.0205833333333334 0.008406249999999994
0 0.8261296296296295 0.7028749999999999 0.011564814814814719 0.008567708333333179
0 0.8423425925925926 0.70509375 0.009027777777777777 0.007296875000000114
0 0.851648148148148 0.705171875 0.009027777777777777 0.005552083333333258
0 0.8211944444444444 0.6824114583333334 0.009592592592592394 0.0063437499999999146
0 0.8586944444444444 0.694546875 0.011277777777777942 0.005234375000000036
0 0.8709629629629628 0.6748749999999999 0.010435185185185169 0.005234375000000036
0 0.8957777777777778 0.678921875 0.008740740740740686 0.005078125
0 0.9080462962962963 0.6793177083333333 0.010148148148148076 0.004598958333333236
0 0.9056666666666666 0.6753697916666667 0.008638888888888927 0.0035208333333335063
0 0.9007499999999999 0.6666510416666667 0.01072222222222226 0.003854166666666714
0 0.7918425925925926 0.6465416666666666 0.017583333333333447 0.004192708333333428
0 0.755787037037037 0.6363177083333333 0.008638888888888927 0.005864583333333506
0 0.8387777777777777 0.6329635416666666 0.019074074074074094 0.0072083333333333496
0 0.8639537037037036 0.632375 0.01698148148148151 0.007041666666666657
0 0.8988148148148147 0.6486354166666667 0.008046296296296242 0.008713541666666736
0 0.8575462962962962 0.6504791666666667 0.014305555555555492 0.004359374999999943
0 0.9046203703703702 0.6544166666666666 0.009537037037036889 0.004192708333333428
0 0.9128148148148149 0.6576875 0.009833333333333232 0.0036875000000000215
0 0.9143055555555555 0.6534947916666667 0.011027777777777853 0.005026041666666714
0 0.8976203703703703 0.6223177083333333 0.006259259259259251 0.004692708333333506
0 0.9159444444444444 0.6332135416666667 0.009537037037036889 0.005697916666666636
0 0.937398148148148 0.6293593749999999 0.007148148148148278 0.007708333333333428
0 0.9171388888888887 0.6280208333333333 0.007148148148148278 0.004359374999999943
0 0.5080462962962963 0.7615 0.01682407407407409 0.005031249999999865
0 0.5343518518518519 0.7664322916666666 0.021472222222222274 0.007249999999999979
0 0.5309537037037036 0.7582760416666667 0.013240740740740699 0.0030208333333334282
0 0.5288055555555555 0.7335156249999999 0.012527777777777752 0.0042291666666665504
0 0.5665648148148148 0.7390520833333334 0.007870370370370318 0.007651041666666636
0 0.6172037037037037 0.727171875 0.006083333333333327 0.005234375000000036
0 0.5810555555555555 0.7112708333333334 0.015388888888888787 0.006843749999999993
0 0.5526018518518517 0.713484375 0.01145370370370355 0.004427083333333392
0 0.502324074074074 0.7004010416666666 0.013953703703703645 0.010067708333333236
0 0.6036111111111111 0.6957656249999999 0.010379629629629664 0.003218749999999915
0 0.4019259259259259 0.6759375 0.013601851851851955 0.0042291666666665504
0 0.28453703703703703 0.6974791666666667 0.010018518518518565 0.0038229166666667426
0 0.2918703703703704 0.70503125 0.008231481481481496 0.004427083333333392
0 0.39924074074074073 0.656109375 0.017537037037037035 0.005635416666666693
0 0.4822777777777778 0.6449322916666667 0.014675925925925842 0.008656249999999944
0 0.4876481481481481 0.6396979166666666 0.011092592592592609 0.007848958333333479
0 0.31602777777777774 0.6228906249999999 0.00930555555555554 0.006041666666666679
0 0.36071296296296296 0.5441770833333333 0.007240740740740787 0.013583333333333236
0 0.4273055555555555 0.5432083333333333 0.0162129629629629 0.012421874999999893
0 0.4540462962962962 0.5502916666666666 0.008972222222222272 0.0075677083333333785
0 0.4467962962962963 0.5743541666666666 0.008972222222222272 0.006015625000000036
0 0.44179629629629624 0.49721354166666665 0.014833333333333264 0.011645833333333222
0 0.5761759259259259 0.557765625 0.01518518518518527 0.007760416666666714
0 0.5313240740740741 0.44296875 0.012416666666666742 0.004463541666666693
0 0.6274166666666667 0.46810416666666665 0.023805555555555538 0.004270833333333357
0 0.702287037037037 0.4787760416666666 0.009314814814814712 0.009703125000000057
0 0.7535185185185185 0.5275833333333333 0.01173148148148155 0.007182291666666707
0 0.766111111111111 0.52971875 0.008629629629629676 0.005239583333333364
0 0.789398148148148 0.543015625 0.01518518518518527 0.006208333333333371
0 0.8411481481481482 0.5572760416666667 0.01173148148148155 0.01261458333333323
0 0.7931944444444443 0.5667864583333333 0.01173148148148155 0.004463541666666693
0 0.8815185185185185 0.5716406249999999 0.016564814814814907 0.010286458333333392
0 0.8697870370370371 0.5558229166666667 0.018629629629629423 0.007374999999999865
0 0.806824074074074 0.5205 0.00793518518518523 0.006598958333333372
0 0.8228703703703704 0.5257395833333333 0.01173148148148155 0.006208333333333371
0 0.845462962962963 0.5219583333333333 0.011388888888888952 0.007182291666666707
0 0.8741018518518517 0.5438854166666667 0.00931481481481487 0.006015625000000036
0 0.7521388888888888 0.5860989583333333 0.0068981481481481905 0.006598958333333372
0 0.8275277777777776 0.5881354166666666 0.011388888888888952 0.011447916666666735
0 0.8297685185185184 0.599390625 0.007592592592592635 0.006015625000000036
0 0.8396388888888888 0.6118125 0.008851851851851696 0.00255729166666665
0 0.8572129629629629 0.6065677083333332 0.007175925925926031 0.0063229166666666
0 0.8874722222222222 0.6099270833333332 0.00980555555555548 0.004171875000000114
0 0.9093611111111112 0.6210260416666665 0.0076574074074073906 0.005114583333333478
0 0.9263425925925927 0.6198854166666667 0.01148148148148146 0.00443750000000005
0 0.8956018518518517 0.6044114583333333 0.010759259259259264 0.0060520833333333355
0 0.885324074074074 0.5934479166666666 0.007416666666666553 0.005651041666666678
0 0.9138981481481482 0.5890104166666668 0.008129629629629499 0.005921874999999943
0 0.9263425925925927 0.5950624999999999 0.014833333333333422 0.004572916666666771
0 0.9455925925925925 0.6101979166666667 0.007888888888888976 0.005244791666666693
0 0.9327962962962961 0.5914322916666667 0.011962962962963135 0.004307291666666657
0 0.9318425925925925 0.583625 0.01148148148148146 0.0048437500000000355
0 0.9516944444444443 0.5768333333333333 0.011000000000000102 0.010359374999999994
0 0.9076851851851852 0.5683541666666667 0.010046296296296317 0.0057864583333333995
0 0.9243055555555556 0.564453125 0.010759259259259264 0.0060520833333333355
0 0.9513333333333334 0.5662708333333333 0.012675925925926082 0.006729166666666763
0 0.9096018518518518 0.5511354166666667 0.010527777777777676 0.005515625000000135
0 0.9122314814814814 0.538890625 0.0076574074074073906 0.0039010416666664938
0 0.9189259259259259 0.537546875 0.007175925925926031 0.00955208333333335
0 0.9272962962962963 0.5337812499999999 0.008611111111111173 0.007666666666666622
0 0.9272962962962963 0.5263125 0.008611111111111173 0.005651041666666678
0 0.9142592592592592 0.5292708333333334 0.007888888888888976 0.004572916666666593
0 0.8866388888888889 0.5175677083333333 0.009092592592592534 0.0051145833333333
0 0.9259814814814814 0.4846041666666666 0.011722222222222299 0.008343750000000049
0 0.8834074074074073 0.49140104166666665 0.011240740740740938 0.006322916666666778
0 0.865111111111111 0.4877656249999999 0.01578703703703689 0.005244791666666693
0 0.8996759259259259 0.5072083333333334 0.00932407407407412 0.0069947916666666995
0 0.9144999999999999 0.49456249999999996 0.010759259259259264 0.0032291666666667495
0 0.9231111111111111 0.49638020833333324 0.022240740740740724 0.0060520833333333355
0 0.9284907407407407 0.5012916666666667 0.014833333333333422 0.0069947916666666995
0 0.9339907407407407 0.507140625 0.013398148148148279 0.010088541666666551
0 0.894287037037037 0.45480729166666667 0.016268518518518564 0.005244791666666693
0 0.8652314814814815 0.4637552083333333 0.005500000000000051 0.01022395833333345
0 0.8580555555555555 0.46449479166666663 0.008851851851851696 0.007130208333333421
0 0.8545833333333333 0.47074999999999995 0.010046296296296317 0.006729166666666763
0 0.8307870370370369 0.45668749999999997 0.012675925925926082 0.0039010416666666716
0 0.8488425925925925 0.43354687499999994 0.010046296296296317 0.009281249999999908
0 0.8006481481481482 0.44229166666666664 0.00980555555555548 0.007937500000000064
0 0.7891666666666666 0.44249479166666666 0.005500000000000051 0.0069947916666666995
0 0.7748240740740739 0.4436406249999999 0.011240740740740938 0.007401041666666686
0 0.7702777777777776 0.474515625 0.006453703703703835 0.004036458333333393
0 0.7818796296296295 0.4877656249999999 0.013398148148148279 0.005244791666666693
0 0.8004166666666666 0.48877604166666666 0.013629629629629549 0.005651041666666678
0 0.7482685185185185 0.486828125 0.014592592592592584 0.005786458333333222
0 0.7566388888888889 0.4916718749999999 0.005500000000000051 0.005515624999999957
0 0.8422685185185185 0.4138177083333333 0.008398148148148089 0.012255208333333378
0 0.7703796296296296 0.4067291666666666 0.0139999999999999 0.010328125000000021
0 0.7510833333333333 0.40523958333333326 0.01275925925925934 0.006302083333333286
0 0.806324074074074 0.39964062499999997 0.007472222222222058 0.0056041666666666766
0 0.8265462962962962 0.3935156249999999 0.017425925925925866 0.004552083333333368
0 0.804611111111111 0.3859010416666666 0.006537037037037092 0.007874999999999943
0 0.7971388888888888 0.37382291666666667 0.013379629629629778 0.005427083333333371
0 0.8061666666666666 0.37793229166666664 0.010268518518518337 0.0066510416666666575
0 0.7359907407407407 0.37346874999999996 0.010583333333333498 0.010328124999999933
0 0.7196481481481481 0.38169791666666664 0.01898148148148151 0.0061250000000000245
0 0.7403518518518518 0.3652447916666667 0.013694444444444306 0.005427083333333371
0 0.6866666666666666 0.36839583333333337 0.011518518518518622 0.008578125000000015
0 0.6490092592592592 0.3627916666666666 0.01898148148148143 0.009979166666666739
0 0.7037777777777778 0.3512395833333333 0.015250000000000026 0.007874999999999943
0 0.7243240740740741 0.3457239583333333 0.010888888888888774 0.00770312500000001
0 0.7098518518518518 0.337671875 0.013694444444444464 0.007000000000000029
0 0.6541481481481481 0.3288333333333333 0.007472222222222216 0.0068281249999999185
0 0.6298703703703704 0.3285677083333333 0.006222222222222248 0.004552083333333368
0 0.6524351851851852 0.338375 0.009027777777777777 0.0028020833333333604
0 0.604037037037037 0.3336458333333333 0.01058333333333334 0.008052083333333382
0 0.6029537037037037 0.32734375 0.009648148148148215 0.007000000000000029
0 0.6038888888888889 0.32182812499999996 0.007157407407407372 0.0040260416666666465
0 0.59875 0.36173958333333334 0.006222222222222248 0.0040260416666666465
0 0.5618703703703704 0.3760104166666667 0.010888888888888932 0.008401041666666753
0 0.5749814814814815 0.37314583333333334 0.01262962962962967 0.004359374999999943
0 0.5691111111111111 0.36193229166666663 0.01506481481481485 0.0078489583333333
0 0.5954722222222222 0.35028125 0.017277777777777854 0.006729166666666675
0 0.5805185185185185 0.34124479166666666 0.023259259259259105 0.005359375000000011
0 0.5629074074074074 0.33582291666666664 0.011074074074074108 0.010718749999999933
0 0.5586944444444444 0.3199375 0.010629629629629593 0.005609374999999961
0 0.5572592592592593 0.31345833333333334 0.0117407407407408 0.00411458333333341
0 0.5491666666666666 0.303984375 0.011074074074074108 0.0066041666666667
0 0.5882685185185186 0.31040625 0.007749999999999899 0.009968750000000082
0 0.5083240740740741 0.325828125 0.013731481481481466 0.004635416666666714
0 0.5055833333333333 0.3131875 0.010240740740740743 0.005197916666666647
0 0.47911111111111115 0.311359375 0.01124074074074078 0.004635416666666714
0 0.48113888888888884 0.5150937499999999 0.007796296296296311 0.005479166666666657