0 0.3456111111111111 0.24031249999999998 0.011370370370370371 0.007093750000000032
0 0.33360185185185187 0.2526770833333333 0.006833333333333355 0.005052083333333357
0 0.3186759259259259 0.25101562499999996 0.007564814814814803 0.0059791666666666465
0 0.31049999999999994 0.2534895833333333 0.008009259259259239 0.006833333333333335
0 0.3149444444444444 0.261125 0.010527777777777756 0.0030416666666666535
0 0.33205555555555555 0.2650625 0.009351851851851873 0.004619791666666639
0 0.27799999999999997 0.272734375 0.01134259259259262 0.004520833333333396
0 0.265537037037037 0.2705416666666667 0.006861111111111108 0.006760416666666646
0 0.25913888888888886 0.2748125 0.011148148148148114 0.004270833333333357
0 0.23084259259259257 0.279890625 0.014194444444444482 0.002927083333333247
0 0.22258333333333333 0.2878697916666667 0.011675925925925965 0.006130208333333354
0 0.243537037037037 0.28581249999999997 0.008287037037037079 0.0072135416666665895
0 0.2570833333333333 0.2853333333333333 0.013472222222222207 0.004520833333333396
0 0.26587037037037037 0.29315625 0.005907407407407403 0.005515624999999957
0 0.2576018518518518 0.2984791666666667 0.0063888888888888416 0.005458333333333343
0 0.2531851851851852 0.297890625 0.006240740740740749 0.0047499999999999435
0 0.28344444444444444 0.29623437499999994 0.009351851851851873 0.004276041666666686
0 0.18860185185185183 0.30134895833333336 0.00587962962962965 0.008359374999999947
0 0.2092222222222222 0.30665624999999996 0.010722222222222182 0.0046510416666667
0 0.1822685185185185 0.31557812499999993 0.010861111111111122 0.0049947916666666535
0 0.24322222222222223 0.31790104166666666 0.010388888888888914 0.006020833333333276
0 0.24839814814814812 0.326984375 0.006694444444444435 0.0070208333333333425
0 0.16387037037037036 0.32058333333333333 0.016074074074074098 0.005156250000000018
0 0.1606388888888889 0.3280520833333333 0.012685185185185174 0.0028541666666666464
0 0.15836111111111112 0.3328333333333333 0.010083333333333321 0.003125
0 0.1499537037037037 0.33319270833333337 0.007842592592592604 0.008088541666666681
0 0.21059259259259258 0.33886458333333336 0.014027777777777731 0.0024218750000000178
0 0.22788888888888886 0.34035937499999996 0.01047222222222225 0.004468749999999933
0 0.16900925925925925 0.3400208333333333 0.006472222222222218 0.00489583333333341
0 0.2612407407407407 0.3339427083333333 0.010416666666666666 0.0036354166666666466
0 0.2676759259259259 0.3399322916666666 0.006944444444444444 0.0058229166666667
0 0.25752777777777774 0.352515625 0.00932407407407412 0.004046874999999961
0 0.27562037037037035 0.36870312499999996 0.011898148148148142 0.006973958333333386
0 0.17357407407407408 0.3594791666666667 0.017277777777777795 0.007265625000000053
0 0.1584722222222222 0.3437864583333333 0.008064814814814783 0.004588541666666668
0 0.1467037037037037 0.34479166666666666 0.011425925925925916 0.004989583333333325
0 0.1411388888888889 0.3656197916666667 0.015120370370370355 0.003765625000000039
0 0.13819444444444445 0.37113541666666666 0.007564814814814843 0.006598958333333372
0 0.15569444444444444 0.37419270833333335 0.009518518518518506 0.006447916666666753
0 0.1778148148148148 0.380984375 0.014564814814814833 0.00522395833333329
0 0.1587222222222222 0.3897708333333333 0.008851851851851854 0.005630208333333275
0 0.145 0.39528645833333337 0.01276851851851855 0.007208333333333261
0 0.1260277777777778 0.39083854166666665 0.010388888888888914 0.007354166666666639
0 0.14432407407407408 0.40421874999999996 0.010305555555555538 0.005859375
0 0.1542222222222222 0.42329687499999996 0.013583333333333334 0.0051354166666666146
0 0.20386111111111108 0.40909375 0.010638888888888923 0.0060000000000000496
0 0.2017037037037037 0.42240625 0.008009259259259239 0.005494791666666643
0 0.20829629629629628 0.4274947916666666 0.005407407407407384 0.004369791666666778
0 0.21499074074074073 0.426375 0.00713888888888887 0.008119791666666565
0 0.1894722222222222 0.4292916666666667 0.006944444444444444 0.00859375
0 0.1996018518518518 0.4458125 0.006833333333333355 0.009817708333333286
0 0.18100925925925923 0.4588749999999999 0.012657407407407423 0.0040729166666666925
0 0.14180555555555555 0.4354739583333333 0.008064814814814783 0.008338541666666721
0 0.12728703703703703 0.43253125 0.010666666666666637 0.007614583333333336
0 0.1108611111111111 0.45138541666666665 0.010694444444444468 0.0058385416666666854
0 0.10366666666666664 0.4667239583333333 0.007731481481481476 0.005171875000000092
0 0.11290740740740739 0.4660937499999999 0.010527777777777796 0.008953125000000029
0 0.12399999999999999 0.46879687499999995 0.009629629629629596 0.007583333333333364
0 0.16433333333333333 0.4925833333333333 0.020361111111111108 0.0047499999999999435
0 0.23139814814814813 0.5062447916666667 0.014648148148148169 0.0036822916666666926
0 0.24935185185185185 0.49878124999999995 0.00842592592592592 0.008052083333333293
0 0.2692222222222222 0.5034010416666665 0.013666666666666633 0.0054322916666667
0 0.227037037037037 0.5186666666666666 0.013305555555555534 0.006401041666666707
0 0.21394444444444444 0.5242552083333333 0.010638888888888923 0.010921875000000015
0 0.2422962962962963 0.5247916666666667 0.009101851851851863 0.006317708333333449
0 0.25835185185185183 0.5292395833333333 0.012546296296296253 0.0056145833333333785
0 0.17627777777777776 0.5381354166666666 0.01287962962962966 0.0073281250000000854
0 0.16039814814814812 0.5236302083333333 0.006324074074074046 0.008291666666666763
0 0.15635185185185185 0.533203125 0.007083333333333325 0.00408333333333335
0 0.14912962962962964 0.5369062499999999 0.012064814814814777 0.00802083333333332
0 0.11897222222222222 0.5500572916666666 0.017444444444444446 0.0069166666666667705
0 0.12928703703703703 0.5600937500000001 0.01635185185185186 0.005885416666666821
0 0.10132407407407408 0.5580729166666666 0.010000000000000024 0.005083333333333506
0 0.10259259259259258 0.5682395833333332 0.011564814814814837 0.005796875000000057
0 0.11310185185185186 0.6031458333333333 0.013499999999999998 0.009453125000000107
0 0.12041666666666667 0.6279791666666666 0.00727777777777779 0.005875000000000163
0 0.13513888888888886 0.6258177083333333 0.01366666666666667 0.005651041666666678
0 0.1733425925925926 0.6154895833333333 0.006722222222222227 0.008864583333333264
0 0.18035185185185185 0.6421354166666667 0.01312962962962963 0.005031249999999865
0 0.1608333333333333 0.6557499999999999 0.005518518518518513 0.011828125000000078
0 0.18917592592592591 0.6606093749999999 0.006185185185185165 0.006354166666666572
0 0.15975925925925924 0.6670104166666666 0.01596296296296297 0.006791666666666707
0 0.18246296296296297 0.674625 0.008620370370370346 0.008411458333333321
0 0.17721296296296293 0.69540625 0.011842592592592599 0.009859374999999915
0 0.19391666666666668 0.693828125 0.013444444444444453 0.00670833333333345
0 0.20512037037037037 0.688140625 0.013444444444444453 0.0061770833333334
0 0.2358148148148148 0.6774427083333333 0.014898148148148178 0.0052552083333333496
0 0.23371296296296293 0.6978020833333333 0.006666666666666683 0.00564583333333335
0 0.2427037037037037 0.696234375 0.007166666666666701 0.006135416666666771
0 0.2574166666666666 0.7086354166666666 0.007703703703703724 0.004786458333333421
0 0.3013518518518518 0.6999166666666665 0.014759259259259336 0.004302083333333507
0 0.33509259259259255 0.6963697916666666 0.016157407407407474 0.007302083333333265
0 0.31884259259259257 0.7099114583333332 0.008740740740740764 0.007151041666666735
0 0.2891574074074074 0.73246875 0.013666666666666633 0.0063072916666667925
0 0.2709814814814815 0.7299635416666665 0.006555555555555593 0.00728124999999995
0 0.27809259259259256 0.7402708333333333 0.00957407407407413 0.0033177083333333357
0 0.2778981481481481 0.7444843750000001 0.010416666666666666 0.003848958333333208
0 0.2342685185185185 0.7235677083333333 0.015907407407407387 0.0036250000000000782
0 0.20509259259259258 0.7184947916666666 0.008175925925925911 0.005135416666666792
0 0.2454444444444444 0.6545572916666667 0.014305555555555571 0.008880208333333427
0 0.2671296296296296 0.6539010416666666 0.015398148148148117 0.007302083333333265
0 0.20443518518518516 0.6184375 0.014851851851851845 0.00607291666666665
0 0.2161759259259259 0.6249114583333333 0.011583333333333298 0.005369791666666579
0 0.32466666666666666 0.5979895833333334 0.020833333333333332 0.010317708333333364
0 0.27817592592592594 0.5762708333333333 0.023638888888888862 0.009296874999999894
0 0.28350000000000003 0.561921875 0.02666666666666665 0.006838541666666665
0 0.3059722222222222 0.5325416666666667 0.02169444444444437 0.013682291666666657
0 0.31673148148148145 0.5549375 0.019592592592592536 0.009755208333333343
0 0.33617592592592593 0.54421875 0.01492592592592593 0.007572916666666707
0 0.3229537037037037 0.5456666666666667 0.011509259259259212 0.010187499999999971
0 0.4454444444444444 0.566421875 0.028842592592592572 0.0064635416666666504
0 0.38659259259259254 0.6417552083333333 0.011268518518518534 0.008421874999999978
0 0.39432407407407405 0.6501979166666667 0.014305555555555651 0.008151041666666714
0 0.39032407407407405 0.6714062499999999 0.011740740740740642 0.010213541666666793
0 0.42118518518518516 0.705578125 0.02215740740740731 0.009895833333333392
0 0.3786203703703704 0.7149375 0.020212962962963054 0.011130208333333336
0 0.48940740740740735 0.7155729166666667 0.020990740740740754 0.0072864583333332785
0 0.5081111111111111 0.699828125 0.015629629629629785 0.01544791666666665
0 0.40109259259259256 0.750078125 0.021148148148148176 0.009562500000000007
0 0.31934259259259257 0.7631145833333333 0.014379629629629577 0.011479166666666707
0 0.35257407407407404 0.758828125 0.018657407407407373 0.00955729166666668
0 0.34394444444444444 0.7718385416666667 0.025037037037037004 0.007578125000000035
0 0.3803333333333333 0.7616249999999999 0.02067592592592591 0.010953125000000164
0 0.39370370370370367 0.772734375 0.015398148148148197 0.007973958333333364
0 0.4002314814814814 0.7769791666666667 0.016018518518518477 0.009109374999999887
0 0.44691666666666663 0.784328125 0.022000000000000044 0.008401041666666664
0 0.43513888888888885 0.7579739583333333 0.015240740740740775 0.009947916666666678
0 0.4279907407407407 0.7494427083333333 0.023324074074074178 0.008854166666666607
0 0.46698148148148144 0.7553020833333333 0.021222222222222184 0.00916145833333335
0 0.4872314814814815 0.7706822916666667 0.011194444444444368 0.01295833333333345
0 0.5052314814814814 0.7673802083333332 0.014231481481481328 0.0112552083333334
0 0.5033240740740741 0.7851927083333333 0.01616666666666665 0.010171875000000163
0 0.5523796296296297 0.7484947916666667 0.01787962962962963 0.005729166666666607
0 0.6053240740740741 0.7750885416666666 0.02627777777777788 0.012015625000000085
0 0.6526759259259258 0.7769270833333334 0.023324074074074178 0.008338541666666721
0 0.6591296296296296 0.76678125 0.024416666666666566 0.011604166666666771
0 0.6437685185185185 0.7402291666666667 0.03412962962962954 0.017098958333333237
0 0.6468055555555554 0.7155520833333332 0.014074074074074064 0.01126041666666655
0 0.6246481481481482 0.698890625 0.027129629629629587 0.010515625000000028
0 0.6542685185185185 0.6945104166666667 0.014694444444444343 0.010489583333333208
0 0.6899537037037037 0.7508333333333332 0.016407407407407485 0.005859375
0 0.7139814814814814 0.749234375 0.02666666666666665 0.009932291666666693
0 0.706861111111111 0.76253125 0.01990740740740738 0.0060781249999999785
0 0.7268055555555555 0.7681302083333332 0.01811111111111106 0.007119791666666764
0 0.7125 0.766625 0.012361111111111 0.011453124999999887
0 0.7027407407407408 0.7730364583333333 0.013842592592592635 0.0061770833333334
0 0.6919351851851852 0.7698854166666667 0.01554629629629621 0.008624999999999971
0 0.7608148148148147 0.7614635416666666 0.020833333333333332 0.006031250000000021
0 0.7858518518518518 0.7469427083333333 0.011972222222222386 0.008656249999999944
0 0.7582499999999999 0.7348854166666666 0.012750000000000088 0.007140625000000078
0 0.7881481481481482 0.7299895833333332 0.016712962962962923 0.005562499999999915
0 0.8366944444444444 0.7294895833333332 0.013685185185185054 0.007005208333333179
0 0.8079351851851853 0.7254895833333334 0.009638888888888964 0.01079687499999995
0 0.7978611111111111 0.7248749999999999 0.013601851851851797 0.007817708333333506
0 0.8287685185185185 0.7178541666666666 0.01710185185185177 0.0057864583333333995
0 0.8306388888888888 0.7094322916666667 0.011509259259259212 0.012796875000000086
0 0.8381759259259259 0.6946458333333333 0.01492592592592593 0.0129635416666666
0 0.8667499999999999 0.6935052083333333 0.020444444444444484 0.006807291666666692
0 0.8866481481481482 0.6880833333333333 0.02106481481481492 0.0089114583333334
0 0.906787037037037 0.673640625 0.01034259259259266 0.010307291666666708
0 0.8792222222222221 0.6765052083333334 0.011814814814814806 0.012979166666666764
0 0.8601018518518518 0.6721718749999999 0.01586111111111121 0.008687499999999914
0 0.8636018518518518 0.6575208333333333 0.01975000000000004 0.008239583333333477
0 0.8307129629629628 0.6521041666666666 0.01865740740740749 0.012718749999999978
0 0.8319907407407408 0.6374947916666667 0.023555555555555607 0.011484375000000036
0 0.7854629629629629 0.6333385416666666 0.009018518518518526 0.01279166666666658
0 0.7382685185185185 0.6319374999999999 0.018499999999999912 0.009994791666666636
0 0.8324259259259258 0.6124270833333332 0.018351851851851897 0.011208333333333265
0 0.8510833333333333 0.6160781249999999 0.01212962962962965 0.01079687499999995
0 0.862787037037037 0.625984375 0.011268518518518691 0.007161458333333393
0 0.8780555555555555 0.6348854166666666 0.015703703703703633 0.0064114583333333645
0 0.9219074074074074 0.6277135416666667 0.015083333333333195 0.008515624999999893
0 0.9055000000000001 0.6278645833333333 0.005907407407407403 0.0042708333333331796
0 0.8973055555555555 0.6278697916666667 0.014231481481481486 0.006229166666666686
0 0.9429814814814815 0.6114166666666667 0.01492592592592593 0.009182291666666665
0 0.8987407407407406 0.6065833333333334 0.014768518518518665 0.004416666666666735
0 0.8918240740740739 0.6143489583333333 0.011509259259259212 0.007692708333333265
0 0.67075 0.6037291666666667 0.02371296296296287 0.006192708333333208
0 0.6094907407407407 0.6722135416666667 0.028064814814814713 0.008729166666666722
0 0.5816574074074075 0.6513489583333333 0.022000000000000044 0.00639062500000005
0 0.8393796296296295 0.5928697916666665 0.018425925925925905 0.009541666666666693
0 0.894037037037037 0.5881927083333333 0.01018518518518508 0.009281250000000085
0 0.909 0.5936822916666665 0.015240740740740775 0.008359375000000035
0 0.8803148148148148 0.5638281249999999 0.018194444444444634 0.011088541666666707
0 0.8723055555555554 0.55125 0.010888888888888774 0.009989583333333307
0 0.8336296296296297 0.5446666666666666 0.0143796296296295 0.0112552083333334
0 0.8055648148148148 0.553875 0.01920370370370361 0.005755208333333428
0 0.9411851851851851 0.5262864583333333 0.013064814814814616 0.0068489583333333215
0 0.9379259259259258 0.514453125 0.01772222222222221 0.009864583333333421
0 0.9071388888888888 0.49703645833333326 0.012750000000000088 0.009218749999999965
0 0.8517777777777777 0.5116979166666666 0.011509259259259212 0.012223958333333406
0 0.8854814814814814 0.4949635416666666 0.0117407407407408 0.010682291666666722
0 0.9200462962962962 0.49299479166666665 0.008703703703703682 0.0076197916666666645
0 0.9331018518518518 0.49214062499999994 0.013685185185185054 0.007223958333333336
0 0.8625092592592593 0.486703125 0.009953703703703808 0.011213541666666594
0 0.9271574074074074 0.4799635416666666 0.015472222222222361 0.007510416666666764
0 0.8931388888888888 0.46758854166666663 0.011972222222222386 0.006453124999999993
0 0.9361388888888889 0.4514739583333333 0.011509259259259212 0.008979166666666672
0 0.8961759259259259 0.4418697916666666 0.013685185185185054 0.008578125000000015
0 0.8730462962962962 0.4473802083333333 0.013916666666666641 0.007354166666666551
0 0.7539814814814814 0.46864583333333326 0.016796296296296493 0.01484375
0 0.7822407407407408 0.4567916666666666 0.01298148148148136 0.011437500000000078
0 0.6932962962962962 0.4542083333333333 0.019824074074074202 0.008723958333333393
0 0.813138888888889 0.43868229166666667 0.015703703703703633 0.006578125000000057
0 0.8607962962962963 0.42608854166666665 0.012750000000000088 0.010302083333333378
0 0.8366944444444444 0.4207552083333333 0.014305555555555492 0.008765625000000022
0 0.9069814814814815 0.433984375 0.019277777777777613 0.007192708333333364
0 0.9253703703703704 0.4295885416666666 0.01749074074074094 0.005052083333333357
0 0.9391666666666666 0.4348385416666666 0.013990740740740647 0.0067968750000000355
0 0.9290648148148147 0.4170989583333333 0.012435185185185244 0.005979166666666735
0 0.9063611111111111 0.41541666666666666 0.008083333333333245 0.008906249999999893
0 0.8793055555555555 0.4145416666666666 0.00933333333333337 0.008588541666666671
0 0.8278333333333333 0.4010260416666666 0.01586111111111121 0.00882812500000001
0 0.8787962962962963 0.4065625 0.012675925925926082 0.008802083333333321
0 0.9108333333333333 0.40071874999999996 0.013916666666666641 0.008567708333333358
0 0.895824074074074 0.39982291666666664 0.016712962962962923 0.0058229166666667
0 0.9235370370370369 0.3865416666666667 0.018037037037037053 0.006312499999999943
0 0.8908888888888888 0.3776822916666666 0.018037037037037053 0.0060989583333333815
0 0.9030185185185184 0.369546875 0.01865740740740749 0.004880208333333247
0 0.8748333333333334 0.3667239583333333 0.015157407407407201 0.0065833333333333854
0 0.8951203703703704 0.35332291666666665 0.022777777777777588 0.006270833333333314
0 0.8981203703703703 0.3349739583333333 0.011351851851851948 0.008421875000000068
0 0.8635185185185186 0.338015625 0.016796296296296493 0.010343749999999919
0 0.7876388888888888 0.3557708333333333 0.013064814814814616 0.0101197916666667
0 0.8323425925925926 0.3283697916666667 0.015398148148148355 0.008515624999999982
0 0.785935185185185 0.3355625 0.013370370370370525 0.010307291666666617
0 0.7437962962962963 0.322703125 0.0199074074074073 0.008036458333333395
0 0.7685185185185184 0.315046875 0.01710185185185177 0.010229166666666688
0 0.7124259259259258 0.3581822916666667 0.011898148148148064 0.014817708333333356
0 0.7457777777777779 0.34691666666666665 0.012046296296296393 0.00990624999999996
0 0.668611111111111 0.3355625 0.016324074074074227 0.006807291666666604
0 0.6486296296296297 0.3445729166666667 0.013685185185185213 0.009776041666666657
0 0.6571851851851851 0.3583125 0.022083333333333302 0.0050416666666666995
0 0.7967407407407407 0.31189062500000003 0.009638888888888964 0.012760416666666696
0 0.8443981481481482 0.302921875 0.018814814814814756 0.007942708333333303
0 0.8220833333333333 0.2993802083333333 0.013064814814814616 0.006979166666666714
0 0.8112407407407406 0.30742708333333335 0.015629629629629625 0.006666666666666643
0 0.7953425925925925 0.2868645833333333 0.012435185185185244 0.007552083333333304
0 0.8260462962962963 0.287 0.013212962962962945 0.012833333333333386
0 0.8065370370370369 0.28247395833333333 0.009953703703703808 0.008588541666666671
0 0.799962962962963 0.2963385416666667 0.010027777777777816 0.006541666666666668
0 0.7675092592592592 0.264515625 0.023787037037037193 0.006786458333333289
0 0.6884351851851851 0.298453125 0.013212962962962945 0.012994791666666661
0 0.667675925925926 0.28832291666666665 0.009638888888888964 0.011541666666666738
0 0.6665092592592592 0.27384375 0.010416666666666666 0.011447916666666646
0 0.688324074074074 0.2622291666666666 0.014231481481481328 0.0070208333333333425
0 0.7247037037037036 0.2570677083333333 0.009870370370370552 0.012442708333333297
0 0.7351203703703704 0.25457291666666665 0.010805555555555518 0.010078124999999983
0 0.7133518518518517 0.24932291666666667 0.017027777777777843 0.004828124999999961
0 0.6881666666666667 0.24866666666666665 0.008314814814814832 0.006109375000000039
0 0.6908888888888888 0.2559947916666666 0.016870370370370345 0.006760416666666646
0 0.6552407407407407 0.25934375 0.012129629629629492 0.0047447916666667036
0 0.6461018518518518 0.25488020833333336 0.014851851851851765 0.004567708333333353
0 0.6658148148148147 0.24396354166666664 0.01150925925925937 0.008541666666666625
0 0.6496018518518519 0.24083854166666666 0.007851851851851816 0.008848958333333368
0 0.6117777777777778 0.2669583333333333 0.019592592592592616 0.00948437499999999
0 0.6273703703703702 0.2888541666666667 0.013916666666666641 0.010848958333333325
0 0.6172962962962962 0.3008385416666667 0.016324074074074227 0.006833333333333247
0 0.5470925925925926 0.2827083333333333 0.01274999999999993 0.011239583333333325
0 0.539287037037037 0.29633333333333334 0.013453703703703626 0.014442708333333342
0 0.5771851851851851 0.2812864583333333 0.01570370370370379 0.007083333333333286
0 0.5746203703703704 0.2775208333333333 0.014925925925925771 0.004807291666666646
0 0.5731759259259258 0.276671875 0.022157407407407466 0.00966145833333334
0 0.5819629629629629 0.27121874999999995 0.024027777777777874 0.006046874999999919
0 0.578425925925926 0.23263541666666665 0.019435185185185194 0.006239583333333343
0 0.5424351851851852 0.25910416666666664 0.02145370370370377 0.0049166666666667245
0 0.5323611111111112 0.2694947916666666 0.011268518518518534 0.009937500000000021
0 0.5199629629629628 0.31170833333333337 0.016796296296296337 0.010348958333333247
0 0.48991666666666667 0.33497916666666666 0.01453703703703708 0.0064583333333334105
0 0.44237037037037036 0.33373437499999997 0.01710185185185193 0.009651041666666683
0 0.5481111111111111 0.23735937499999998 0.01710185185185193 0.010786458333333382
0 0.5204259259259258 0.24372916666666664 0.02705555555555558 0.0058802083333333146
0 0.49885185185185177 0.23703124999999997 0.01733333333333336 0.010135416666666685
0 0.4746018518518519 0.255453125 0.024953703703703745 0.005661458333333336
0 0.49181481481481476 0.2687708333333333 0.020833333333333332 0.006552083333333325
0 0.47704629629629636 0.2806302083333333 0.011814814814814806 0.011895833333333262
0 0.4701666666666666 0.27205208333333336 0.011268518518518534 0.008755208333333275
0 0.459787037037037 0.26605729166666664 0.020833333333333332 0.0076197916666666645
0 0.43537962962962956 0.25505729166666663 0.02487962962962958 0.008427083333333307
0 0.4331203703703703 0.24070833333333336 0.012287037037037072 0.0077187499999999964
0 0.43071296296296296 0.27203124999999995 0.012435185185185086 0.0073854166666667
0 0.422 0.267 0.010574074074074088 0.008692708333333332
0 0.3848796296296296 0.27255729166666665 0.016407407407407485 0.013687499999999986
0 0.37131481481481476 0.27065624999999993 0.018037037037037053 0.0076927083333333535
0 0.36652777777777773 0.28167708333333336 0.010805555555555518 0.01224999999999996
0 0.40287962962962964 0.28865104166666666 0.01274999999999993 0.008354166666666617
0 0.4153148148148148 0.2991979166666667 0.01897222222222218 0.004864583333333261
0 0.45593518518518517 0.29928645833333334 0.024796296296296323 0.003291666666666604
0 0.4296574074074074 0.3065677083333333 0.018425925925925905 0.008822916666666725
0 0.4137592592592592 0.32218749999999996 0.015240740740740775 0.009296874999999982
0 0.3857777777777778 0.31894791666666666 0.01897222222222218 0.011567708333333381
0 0.35762962962962963 0.33371354166666667 0.015546296296296249 0.01004687500000001
0 0.388787037037037 0.2368333333333333 0.009092592592592692 0.008671875000000018
0 0.4043796296296296 0.23515104166666667 0.010249999999999993 0.007328124999999996
0 0.4053888888888889 0.24074999999999996 0.00764814814814814 0.005015624999999968
0 0.3860462962962963 0.2506875 0.00649999999999993 0.008760416666666692
0 0.3924537037037037 0.25078645833333335 0.007759259259259308 0.006932291666666668
0 0.39954629629629623 0.2585677083333333 0.01616666666666665 0.005026041666666625
0 0.33224999999999993 0.3530833333333333 0.026361111111111137 0.009343750000000029
0 0.39844444444444443 0.353640625 0.016638888888888915 0.012390625000000011
0 0.39089814814814816 0.3849739583333333 0.050055555555555666 0.009010416666666642
0 0.4822592592592593 0.4000885416666666 0.036518518518518624 0.011302083333333357
0 0.26605555555555555 0.38890104166666667 0.03609259259259261 0.009880208333333317
0 0.38286111111111104 0.418 0.018185185185185224 0.008000000000000007
0 0.36037037037037034 0.4369635416666666 0.025092592592592628 0.015656249999999972
0 0.4154722222222222 0.4633541666666666 0.018583333333333327 0.01107812500000005
0 0.4002037037037037 0.4604895833333333 0.014240740740740736 0.008437499999999964
0 0.37178703703703697 0.474515625 0.015527777777777708 0.009244791666666608
0 0.23862037037037034 0.4752760416666666 0.014388888888888908 0.011567708333333293
0 0.3460462962962963 0.39680208333333333 0.013601851851851875 0.007234375000000038
0 0.5573611111111111 0.49096874999999995 0.023212962962962852 0.009921875000000035
0 0.6437037037037038 0.4848125 0.010749999999999855 0.009812499999999957
0 0.7671018518518518 0.5412552083333333 0.014462962962962757 0.015562500000000057