0 0.49406481481481485 0.29021875 0.014250000000000144 0.005723958333333367
0 0.5362962962962963 0.2927916666666667 0.010175925925925988 0.0068697916666667245
0 0.5362962962962963 0.3086770833333333 0.019333333333333435 0.012880208333333342
0 0.5014351851851852 0.3169791666666667 0.019842592592592703 0.010588541666666628
0 0.4810833333333333 0.3116822916666666 0.017805555555555626 0.004005208333333332
0 0.46200925925925923 0.33099999999999996 0.011194444444444526 0.010588541666666628
0 0.523824074074074 0.35418229166666665 0.027981481481481454 0.010015625000000038
0 0.43274999999999997 0.315546875 0.013740740740740718 0.0065833333333333854
0 0.43707407407407406 0.30495833333333333 0.0172962962962962 0.00944270833333336
0 0.4014351851851851 0.288328125 0.012046296296296236 0.009031249999999958
0 0.39691666666666664 0.33383854166666665 0.02358333333333336 0.005786458333333311
0 0.3586574074074074 0.3139427083333333 0.02082407407407408 0.009739583333333357
0 0.33946296296296297 0.30554166666666666 0.01455555555555558 0.0047968749999999895
0 0.3359537037037037 0.30208854166666665 0.017564814814814866 0.007760416666666714
0 0.32766666666666666 0.29580729166666664 0.016555555555555577 0.005078125
0 0.32264814814814813 0.3197291666666667 0.013546296296296292 0.0038124999999999964
0 0.29894444444444446 0.3093541666666667 0.010787037037037015 0.005364583333333339
0 0.2795 0.30871875 0.011037037037037026 0.010864583333333311
0 0.24312037037037035 0.3286875 0.013046296296296273 0.008468750000000025
0 0.2511481481481481 0.3521875 0.021074074074074092 0.00606770833333341
0 0.28125 0.35133854166666667 0.020574074074074074 0.00522395833333329
0 0.20398148148148149 0.3324270833333333 0.01505555555555552 0.006635416666666671
0 0.1884259259259259 0.3344739583333333 0.011537037037037044 0.005078125
0 0.19984259259259257 0.37427604166666667 0.01630555555555557 0.004234375000000057
0 0.18039814814814814 0.37081770833333333 0.009537037037037047 0.007479166666666615
0 0.16433333333333333 0.3697552083333333 0.01455555555555558 0.010442708333333339
0 0.16785185185185184 0.380203125 0.00852777777777776 0.007338541666666654
0 0.17800925925925926 0.3828802083333333 0.00777777777777775 0.009598958333333397
0 0.17199074074074072 0.38902083333333326 0.012296296296296284 0.004093749999999919
0 0.16860185185185184 0.3928333333333333 0.01555555555555558 0.00522395833333329
0 0.15216666666666667 0.39854687499999997 0.021824074074074083 0.006208333333333371
0 0.12331481481481481 0.39417187499999995 0.011287037037037035 0.009880208333333317
0 0.13949999999999999 0.37885937499999994 0.012046296296296275 0.004375000000000018
0 0.12469444444444443 0.3633385416666667 0.021574074074074072 0.00606770833333341
0 0.12318518518518518 0.37279166666666663 0.017564814814814787 0.004375000000000018
0 0.11641666666666665 0.36728645833333334 0.01605555555555556 0.006635416666666671
0 0.09308333333333332 0.3760364583333333 0.017064814814814817 0.007197916666666604
0 0.09973148148148146 0.37865104166666663 0.014805555555555551 0.0039531249999999575
0 0.13518518518518519 0.41707291666666657 0.01237037037037037 0.010218749999999943
0 0.12899074074074074 0.42661979166666664 0.01632407407407407 0.005625000000000035
0 0.08661111111111111 0.4312135416666666 0.018425925925925936 0.007994791666666678
0 0.09253703703703703 0.4241041666666666 0.009740740740740753 0.004442708333333378
0 0.06515740740740741 0.42817708333333326 0.019222222222222227 0.011401041666666778
0 0.07147222222222221 0.4400989583333333 0.023425925925925937 0.006515624999999936
0 0.09990740740740742 0.45505208333333336 0.022379629629629645 0.009182291666666665
0 0.025666666666666664 0.444171875 0.02185185185185185 0.005776041666666565
0 0.031324074074074074 0.4511302083333333 0.014740740740740745 0.007255208333333307
0 0.018296296296296297 0.4494999999999999 0.017111111111111108 0.006958333333333222
0 0.020398148148148148 0.4560885416666666 0.013425925925925923 0.005625000000000035
0 0.02685185185185185 0.46386458333333336 0.01685185185185185 0.00962499999999995
0 0.05186111111111111 0.47496875000000005 0.012638888888888901 0.005479166666666657
0 0.12399074074074073 0.4695677083333333 0.011055555555555567 0.006812500000000022
0 0.05396296296296296 0.4873333333333333 0.011583333333333338 0.00888541666666658
0 0.02553703703703703 0.4921458333333333 0.015796296296296298 0.004000000000000092
0 0.0916111111111111 0.5017708333333333 0.015796296296296298 0.010812499999999937
0 0.18203703703703702 0.5216145833333333 0.014481481481481475 0.009031249999999958
0 0.11121296296296294 0.5298229166666666 0.00903703703703703 0.007916666666666572
0 0.014509259259259258 0.524546875 0.011638888888888888 0.007916666666666749
0 0.026759259259259257 0.5302135416666667 0.007990740740740736 0.007723958333333236
0 0.027370370370370364 0.5369114583333332 0.010944444444444446 0.006255208333333507
0 0.01633333333333333 0.5403333333333333 0.00937962962962963 0.005083333333333506
0 0.024157407407407405 0.5458072916666666 0.011472222222222219 0.0056666666666666645
0 0.004435185185185185 0.5407708333333333 0.008518518518518517 0.008114583333333236
0 0.09431481481481481 0.572890625 0.010222222222222202 0.004598958333333236
0 0.0484537037037037 0.5862552083333332 0.009435185185185185 0.010265625000000079
0 0.020296296296296295 0.5874479166666667 0.008490740740740743 0.007166666666666721
0 0.01657407407407407 0.6066145833333334 0.007222222222222221 0.006145833333333428
0 0.047870370370370376 0.5975520833333332 0.007222222222222221 0.008854166666666607
0 0.0649074074074074 0.6005989583333333 0.006111111111111099 0.005052083333333179
0 0.048518518518518516 0.6120833333333333 0.01148148148148148 0.008124999999999893
0 0.027546296296296294 0.6240625 0.01046296296296296 0.004479166666666678
0 0.023564814814814813 0.6266666666666667 0.009907407407407405 0.0048958333333333215
0 0.051620370370370365 0.6259895833333333 0.009537037037037028 0.006458333333333321
0 0.04555555555555555 0.6336458333333332 0.01314814814814815 0.00979166666666682
0 0.08314814814814814 0.6250260416666666 0.010925925925925936 0.009218749999999965
0 0.12921296296296297 0.624609375 0.009166666666666658 0.010052083333333428
0 0.1348611111111111 0.6317447916666666 0.009166666666666658 0.0036979166666666783
0 0.14684259259259258 0.6148020833333334 0.011648148148148133 0.007630208333333321
0 0.1990185185185185 0.6541041666666667 0.012944444444444436 0.013348958333333449
0 0.04387037037037037 0.676796875 0.011277777777777765 0.010062500000000085
0 0.06911111111111111 0.675421875 0.009805555555555559 0.008411458333333321
0 0.08222222222222221 0.6847239583333333 0.016907407407407406 0.01047916666666655
0 0.08259259259259259 0.6957552083333333 0.00931481481481481 0.008822916666666635
0 0.08675925925925926 0.7031979166666666 0.014212962962962955 0.006067708333333322
0 0.10856481481481481 0.6998177083333333 0.006861111111111108 0.00951041666666672
0 0.1454537037037037 0.71015625 0.011027777777777813 0.012270833333333364
0 0.13393518518518518 0.713671875 0.017398148148148156 0.007442708333333314
0 0.13785185185185184 0.7264947916666665 0.008574074074074052 0.008822916666666635
0 0.12412962962962963 0.7238072916666667 0.0071111111111111175 0.010062500000000085
0 0.16027777777777777 0.7460677083333334 0.0063703703703703795 0.006614583333333179
0 0.19078703703703706 0.7583385416666666 0.01299074074074069 0.005515625000000135
0 0.21076851851851852 0.7704010416666667 0.02156481481481486 0.007859375000000135
0 0.21468518518518517 0.7676458333333334 0.013722222222222216 0.005927083333333449
0 0.21002777777777779 0.7602708333333333 0.008333333333333333 0.008822916666666635
0 0.20426851851851852 0.7633697916666666 0.008083333333333324 0.005098958333333315
0 0.22130555555555553 0.7497239583333333 0.01224999999999999 0.011166666666666636
0 0.23882407407407405 0.7673020833333333 0.013481481481481457 0.009375
0 0.22264814814814815 0.7300104166666666 0.00906481481481486 0.008135416666666551
0 0.2323333333333333 0.7295937499999999 0.011759259259259223 0.011166666666666636
0 0.2356388888888889 0.738765625 0.012009259259259311 0.0063437499999999146
0 0.24887037037037033 0.749859375 0.013481481481481457 0.008411458333333321
0 0.30021296296296296 0.7351093750000001 0.017157407407407357 0.009234374999999951
0 0.31492592592592594 0.7507552083333333 0.018138888888888892 0.009375
0 0.2668888888888889 0.7779166666666666 0.015194444444444441 0.009375
0 0.2969074074074074 0.7848072916666666 0.013972222222222226 0.010203125000000136
0 0.31173148148148144 0.78184375 0.009314814814814791 0.006203124999999865
0 0.30830555555555555 0.7856354166666667 0.00637037037037034 0.006067708333333322
0 0.3797407407407407 0.80059375 0.01887037037037042 0.007307291666666771
0 0.36099999999999993 0.7994895833333333 0.009314814814814712 0.007307291666666771
0 0.38525925925925925 0.7899791666666667 0.010296296296296248 0.014473958333333314
0 0.40694444444444444 0.7884583333333333 0.013481481481481379 0.00703125
0 0.40853703703703703 0.7830833333333332 0.013722222222222216 0.00895833333333318
0 0.41307407407407404 0.77984375 0.011027777777777695 0.006614583333333179
0 0.35988888888888887 0.7614427083333333 0.011518518518518582 0.00454687499999995
0 0.4241018518518518 0.807 0.016907407407407347 0.008822916666666814
0 0.4207962962962962 0.7995572916666667 0.004898148148148114 0.00716666666666681
0 0.4499537037037037 0.8027291666666667 0.017157407407407434 0.0052395833333331865
0 0.4693148148148148 0.8023125 0.01274074074074068 0.005239583333333275
0 0.3769259259259259 0.7503437500000001 0.023037037037037085 0.010755208333333321
0 0.4253240740740741 0.7654375 0.021324074074074103 0.005098958333333315
0 0.44530555555555557 0.7774322916666667 0.02156481481481478 0.0053750000000000854
0 0.4932129629629629 0.7786041666666667 0.019851851851851954 0.005515625000000135
0 0.5030185185185184 0.7898385416666667 0.012009259259259232 0.01282291666666655
0 0.49737962962962956 0.8003854166666666 0.00955555555555555 0.00606770833333341
0 0.5273981481481482 0.7861874999999999 0.02549074074074077 0.0063437499999999146
0 0.48487962962962955 0.7581302083333332 0.034064814814814784 0.007583333333333364
0 0.4704259259259258 0.7313177083333333 0.01641666666666658 0.01047916666666655
0 0.4864722222222222 0.7477916666666666 0.017648148148148045 0.003999999999999915
0 0.5030185185185184 0.7189114583333333 0.018379629629629492 0.005515625000000135
0 0.3662685185185185 0.7155364583333332 0.02475000000000003 0.010338541666666678
0 0.5388055555555554 0.7643854166666666 0.024462962962962978 0.005348958333333265
0 0.5561203703703703 0.7739583333333333 0.01403703703703706 0.010812500000000114
0 0.57275 0.7943645833333333 0.015879629629629712 0.007239583333333322
0 0.604175925925926 0.7829375 0.016879629629629595 0.005078125
0 0.6160462962962963 0.7808229166666667 0.016879629629629595 0.0053593749999999215
0 0.6004166666666667 0.7639479166666666 0.016379629629629733 0.005265625000000007
0 0.6100277777777778 0.7729739583333333 0.020222222222222145 0.004890624999999993
0 0.6190555555555556 0.7624427083333334 0.016546296296296246 0.005078125
0 0.6470555555555555 0.7639947916666665 0.011703703703703796 0.004609374999999893
0 0.6722962962962963 0.7656354166666667 0.020055555555555632 0.005265625000000007
0 0.6576666666666666 0.7754166666666666 0.01187037037037031 0.004135416666666636
0 0.6809814814814815 0.7763072916666667 0.01403703703703706 0.0057343750000001135
0 0.6089444444444444 0.7438229166666667 0.008361111111111087 0.006015625000000036
0 0.6177962962962963 0.7461302083333333 0.011370370370370293 0.003854166666666714
0 0.5927314814814815 0.7315520833333332 0.009027777777777777 0.006864583333333308
0 0.6836574074074074 0.73484375 0.0220648148148148 0.010625000000000107
0 0.6964444444444443 0.7529895833333333 0.007851851851851816 0.008369791666666692
0 0.6843240740740741 0.7513958333333333 0.013037037037037022 0.004984375000000085
0 0.7001203703703703 0.72421875 0.0162129629629629 0.007239583333333322
0 0.7181759259259258 0.7292500000000001 0.008527777777777917 0.009026041666666628
0 0.7072314814814814 0.7308020833333334 0.012703703703703755 0.004796875000000078
0 0.7058888888888889 0.7110104166666666 0.00635185185185176 0.0067708333333333925
0 0.748435185185185 0.7416614583333333 0.014203703703703734 0.004890624999999993
0 0.6698703703703703 0.702734375 0.01988888888888896 0.006583333333333208
0 0.7428333333333332 0.69765625 0.008694444444444432 0.008088541666666772
0 0.7452592592592592 0.7092708333333333 0.015546296296296367 0.00911979166666672
0 0.7566203703703703 0.7290625 0.01621296296296306 0.008088541666666772
0 0.7606296296296295 0.723140625 0.018222222222222386 0.004890624999999993
0 0.7821944444444444 0.734796875 0.01454629629629633 0.0069583333333334
0 0.7822777777777777 0.7184375000000001 0.012037037037037143 0.006395833333333378
0 0.7871296296296296 0.7035833333333333 0.018722222222222248 0.007145833333333229
0 0.8086111111111111 0.6751406249999999 0.01187037037037031 0.0042291666666665504
0 0.8386111111111111 0.691640625 0.015046296296296191 0.0056406250000000215
0 0.8193888888888889 0.6889635416666666 0.022398148148148302 0.00798958333333335
0 0.809861111111111 0.6927708333333332 0.01604629629629623 0.006203124999999865
0 0.784287037037037 0.6616927083333334 0.015712962962962884 0.010249999999999915
0 0.7923888888888888 0.6675260416666667 0.020555555555555494 0.0042291666666665504
0 0.813287037037037 0.6665833333333333 0.01287037037037035 0.010437499999999923
0 0.8226481481481481 0.6718489583333334 0.01120370370370362 0.004984375000000085
0 0.8424537037037036 0.6741979166666667 0.013370370370370525 0.006864583333333308
0 0.8328425925925925 0.658734375 0.007851851851851974 0.006015625000000036
0 0.8429537037037036 0.6643281249999999 0.020388888888888977 0.007239583333333322
0 0.8564166666666665 0.665125 0.01120370370370362 0.0056406250000000215
0 0.8632685185185185 0.6684635416666667 0.010527777777777676 0.00610937499999995
0 0.8827962962962962 0.6366145833333332 0.007481481481481309 0.007604166666666678
0 0.8730185185185184 0.6398072916666667 0.008203703703703507 0.007468750000000135
0 0.8001296296296295 0.6354635416666665 0.013518518518518539 0.012624999999999886
0 0.792648148148148 0.615234375 0.01158333333333322 0.007468750000000135
0 0.8619166666666666 0.620734375 0.014962962962962933 0.008687499999999914
0 0.7203518518518518 0.6007083333333332 0.013277777777777703 0.00909895833333323
0 0.6615833333333333 0.587671875 0.013518518518518381 0.008281250000000106
0 0.7324259259259258 0.5752499999999999 0.013277777777777703 0.006515625000000113
0 0.8750833333333332 0.6139635416666666 0.020111111111111135 0.006921874999999922
0 0.8759814814814814 0.5921822916666667 0.01470370370370391 0.00759895833333335
0 0.8969907407407406 0.5924375 0.012305555555555417 0.007427083333333506
0 0.7803888888888889 0.5543645833333334 0.009000000000000025 0.00759895833333335
0 0.7952407407407407 0.5615416666666666 0.011703703703703796 0.007088541666666792
0 0.8338148148148147 0.5608645833333332 0.011407407407407453 0.010130208333333179
0 0.8677314814814815 0.5594322916666666 0.009601851851851646 0.005234375000000036
0 0.8969907407407406 0.5764843749999999 0.011101851851851861 0.005911458333333286
0 0.9103518518518517 0.5682916666666665 0.0180092592592593 0.008781250000000008
0 0.8873888888888888 0.5650885416666667 0.011101851851851861 0.0037135416666666645
0 0.885287037037037 0.5693072916666666 0.009907407407407556 0.007427083333333506
0 0.8768796296296295 0.5608645833333332 0.011703703703703796 0.006416666666666693
0 0.8941388888888888 0.5599375 0.016805555555555744 0.008947916666666523
0 0.7704814814814814 0.5355416666666667 0.010203703703703581 0.011479166666666707
0 0.9258055555555554 0.5491302083333333 0.009907407407407556 0.009963541666666664
0 0.8935462962962961 0.5501458333333333 0.01260185185185176 0.008947916666666523
0 0.8815370370370369 0.5471874999999999 0.011407407407407453 0.008442708333333293
0 0.8549722222222221 0.5400989583333333 0.008101851851851747 0.008442708333333293
0 0.8647314814814814 0.5426302083333333 0.007203703703703783 0.008781250000000008
0 0.8797314814814814 0.53959375 0.010805555555555518 0.0060781249999999785
0 0.9029999999999999 0.5389166666666666 0.007499999999999811 0.009453125000000107
0 0.8896388888888889 0.5302239583333332 0.01260185185185176 0.00759895833333335
0 0.8989444444444444 0.5287968749999999 0.009870370370370552 0.007427083333333329
0 0.9160648148148147 0.5155520833333334 0.009833333333333232 0.008161458333333371
0 0.9002685185185184 0.5165416666666667 0.009592592592592394 0.00803124999999998
0 0.8924259259259258 0.5156822916666666 0.011231481481481688 0.006317708333333449
0 0.9113888888888888 0.5090364583333333 0.009833333333333232 0.006979166666666714
0 0.9141851851851852 0.5007916666666666 0.014425925925925754 0.004130208333333307
0 0.91425 0.5045208333333333 0.01481481481481492 0.004494791666666664
0 0.9011759259259258 0.5047395833333332 0.010564814814814995 0.007390625000000028
0 0.9092407407407407 0.4941614583333333 0.018064814814814808 0.009744791666666686
0 0.895361111111111 0.4932708333333333 0.013787037037037129 0.0060781249999999785
0 0.9055092592592593 0.4879270833333333 0.018814814814814756 0.005447916666666686
0 0.9076574074074074 0.47666145833333334 0.01415740740740748 0.0076458333333333075
0 0.8712407407407406 0.49059895833333333 0.0113611111111112 0.008484374999999923
0 0.8428333333333332 0.4907552083333333 0.012666666666666831 0.008171875000000028
0 0.8451666666666666 0.471421875 0.009870370370370552 0.008276041666666779
0 0.8423703703703703 0.474515625 0.009870370370370552 0.005447916666666686
0 0.897787037037037 0.4612604166666666 0.015277777777777777 0.007437499999999986
0 0.878037037037037 0.45775 0.007824074074074221 0.004192708333333251
0 0.8772962962962962 0.46220312499999994 0.007824074074074221 0.006598958333333372
0 0.7934722222222221 0.49609895833333334 0.015277777777777777 0.005239583333333364
0 0.7999074074074073 0.4707447916666666 0.0113611111111112 0.01215104166666663
0 0.7667499999999999 0.5043229166666666 0.009129629629629536 0.006598958333333372
0 0.7539907407407406 0.5231302083333332 0.021231481481481435 0.004609374999999893
0 0.7539166666666666 0.48028645833333333 0.014148148148148227 0.008130208333333222
0 0.7390740740740741 0.5113749999999999 0.012453703703703746 0.006833333333333335
0 0.714324074074074 0.5070520833333333 0.010296296296296168 0.010635416666666763
0 0.6649814814814814 0.4999583333333333 0.010611111111111092 0.008906249999999893
0 0.5963333333333333 0.5177708333333333 0.012296296296296324 0.00873437500000005
0 0.584648148148148 0.5274166666666666 0.015370370370370286 0.004494791666666664
0 0.6236203703703703 0.5261197916666667 0.009379629629629783 0.008130208333333222
0 0.6793055555555555 0.5608645833333332 0.010435185185185169 0.011734375000000163
0 0.5566574074074074 0.6705260416666666 0.02001851851851847 0.007578125000000035
0 0.5077685185185185 0.6537447916666667 0.018481481481481567 0.012994791666666571
0 0.5553148148148148 0.6539583333333333 0.010398148148148165 0.006062499999999993
0 0.5222037037037037 0.618015625 0.011935185185185226 0.0038958333333333427
0 0.40729629629629627 0.6165 0.009240740740740706 0.007796874999999837
0 0.37919444444444445 0.6678177083333333 0.018481481481481567 0.005197916666666735
0 0.38034259259259257 0.6419427083333333 0.008472222222222254 0.007578125000000035
0 0.32413888888888887 0.6352291666666667 0.009240740740740784 0.007578125000000035
0 0.3227962962962963 0.6801614583333333 0.016555555555555577 0.005630208333333364
0 0.2981388888888889 0.689890625 0.015759259259259216 0.008093749999999922
0 0.27175925925925926 0.687125 0.012787037037037013 0.007453124999999972
0 0.23453703703703704 0.68590625 0.0141574074074074 0.005526041666666792
0 0.22300925925925924 0.66259375 0.00982407407407406 0.009760416666666494
0 0.3612037037037037 0.568140625 0.011111111111111112 0.008953125000000029
0 0.3274166666666667 0.5368802083333333 0.012018518518518562 0.005239583333333364
0 0.3350740740740741 0.5271666666666667 0.008712962962962933 0.011828125000000078
0 0.39425000000000004 0.494046875 0.028537037037037135 0.008786458333333335
0 0.4137685185185185 0.4785052083333333 0.018925925925925922 0.012505208333333328
0 0.3304166666666667 0.49598958333333326 0.008407407407407419 0.00625
0 0.44095370370370374 0.5057916666666666 0.009009259259259276 0.0069270833333332504
0 0.45372222222222214 0.49531770833333333 0.014722222222222255 0.00625
0 0.35424999999999995 0.446984375 0.010481481481481501 0.007583333333333364
0 0.3731111111111111 0.4365104166666667 0.010796296296296267 0.005187500000000078
0 0.3252037037037037 0.405453125 0.00854629629629634 0.007083333333333286
0 0.32284259259259257 0.3938802083333333 0.015064814814814772 0.006197916666666714
0 0.38716666666666666 0.38369270833333335 0.008324074074074083 0.007338541666666654
0 0.42461111111111105 0.4096927083333333 0.00764814814814814 0.006197916666666714
0 0.45024999999999993 0.4153229166666666 0.009000000000000025 0.005567708333333421
0 0.4617222222222222 0.40146875 0.009898148148148146 0.004682291666666671
0 0.4736388888888889 0.40285937499999996 0.013046296296296273 0.005947916666666719
0 0.47588888888888886 0.41747395833333323 0.00944444444444454 0.009614583333333293
0 0.39175925925925925 0.36104166666666665 0.020305555555555563 0.007984374999999932
0 0.6241296296296296 0.302328125 0.009518518518518546 0.009140624999999947
0 0.6156388888888888 0.30911979166666664 0.01010185185185198 0.012354166666666711
0 0.6032777777777777 0.3011354166666666 0.014342592592592653 0.006421874999999933
0 0.6485833333333334 0.30702083333333335 0.006296296296296254 0.006010416666666618
0 0.6625648148148149 0.31929166666666664 0.006148148148148241 0.0061770833333333105
0 0.6007870370370371 0.32505208333333335 0.016685185185185167 0.0041979166666666675
0 0.6625277777777777 0.3448177083333333 0.0076944444444443936 0.0067031249999999435
0 0.6664907407407407 0.34663541666666664 0.011666666666666634 0.009213541666666724
0 0.6842407407407407 0.35131249999999997 0.01290740740740751 0.007401041666666686
0 0.6570648148148148 0.365828125 0.012157407407407561 0.008234374999999971
0 0.6818796296296296 0.3421666666666667 0.009675925925925968 0.006421874999999933
0 0.6914259259259259 0.345109375 0.009324074074073962 0.003239583333333318
0 0.6955648148148148 0.33836979166666664 0.00724999999999988 0.007125000000000004
0 0.7041481481481482 0.3377864583333333 0.006675925925926012 0.0072552083333333964
0 0.73725 0.3340625 0.012324074074073918 0.004468749999999933
0 0.7468333333333333 0.3433333333333334 0.013018518518518363 0.005229166666666618
0 0.7291666666666666 0.3390416666666667 0.011898148148148064 0.004598958333333325
0 0.7483148148148148 0.34824479166666666 0.015240740740740775 0.005854166666666672
0 0.7364166666666667 0.3455260416666667 0.00780555555555572 0.007109375000000018
0 0.7254444444444443 0.3490833333333333 0.010407407407407416 0.004598958333333325
0 0.7278055555555555 0.344796875 0.012212962962962908 0.008354166666666617
0 0.7592870370370369 0.36049999999999993 0.010898148148148027 0.006343750000000004
0 0.7402129629629629 0.3593333333333333 0.01033333333333341 0.005708333333333382
0 0.7387129629629628 0.361765625 0.012972222222222109 0.002958333333333396
0 0.7765833333333333 0.3686927083333333 0.012777777777777841 0.008354166666666617
0 0.754685185185185 0.37947395833333336 0.01033333333333341 0.0094114583333333
0 0.7802407407407407 0.3796875 0.012212962962962908 0.007083333333333286
0 0.7358888888888888 0.37244270833333337 0.00996296296296306 0.008880208333333339
0 0.7014074074074074 0.384546875 0.02142592592592602 0.006026041666666604
0 0.8077314814814814 0.40184374999999994 0.012370370370370172 0.009609375000000009
0 0.7968518518518519 0.40341145833333325 0.010555555555555745 0.006718750000000107
0 0.8623148148148146 0.41016145833333334 0.010574074074074246 0.005130208333333286
0 0.8687037037037038 0.42729687499999996 0.009851851851852049 0.009645833333333265
0 0.7587222222222222 0.4008749999999999 0.009481481481481384 0.008104166666666624
0 0.7453148148148148 0.40205729166666665 0.01440740740740725 0.004104166666666664
0 0.7373888888888889 0.41036979166666665 0.005833333333333397 0.011489583333333364
0 0.6769259259259259 0.397953125 0.014407407407407409 0.007593749999999977
0 0.692425925925926 0.43468229166666666 0.01587037037037046 0.004307291666666657
0 0.7566296296296297 0.44022395833333333 0.01404629629629647 0.008411458333333321
0 0.7838055555555554 0.4239583333333333 0.010398148148148165 0.008312500000000079
0 0.7978425925925925 0.42488541666666657 0.007481481481481309 0.006666666666666643
0 0.7987592592592592 0.4301145833333333 0.01331481481481502 0.0068749999999999645
0 0.8342314814814814 0.42427083333333326 0.010212962962962832 0.008104166666666579
0 0.8370555555555554 0.4334479166666666 0.010027777777777816 0.0075937500000000215
0 0.7909166666666667 0.445609375 0.011490740740740711 0.007901041666666764
0 0.7434907407407406 0.46176562499999996 0.006379629629629828 0.0053333333333332785
0 0.7567222222222221 0.45597916666666666 0.008166666666666503 0.008645833333333287
0 0.7770370370370371 0.4626927083333333 0.011824074074074058 0.006229166666666686
0 0.7921944444444444 0.4566145833333334 0.007740740740740648 0.0067708333333333925
0 0.7953703703703703 0.46308333333333335 0.014722222222222412 0.003989583333333435
0 0.8485462962962962 0.43933333333333324 0.00878703703703694 0.005744791666666593
0 0.855074074074074 0.4436406249999999 0.011231481481481688 0.006317708333333449
0 0.8736759259259259 0.44437499999999996 0.011379629629629701 0.005031250000000043
0 0.8673981481481481 0.4413697916666666 0.010685185185185258 0.004244791666666714