0 0.1716111111111111 0.33208333333333334 0.01148148148148146 0.011869791666666619
0 0.3121203703703703 0.3096927083333333 0.01924999999999994 0.017494791666666655
0 0.10625925925925925 0.35759375000000004 0.009629629629629636 0.011661458333333385
0 0.08867592592592592 0.387171875 0.012962962962962966 0.009994791666666725
0 0.13402777777777777 0.3893541666666666 0.015546296296296329 0.01228645833333326
0 0.18494444444444444 0.378421875 0.01148148148148146 0.009994791666666725
0 0.3106388888888889 0.377484375 0.022212962962962973 0.00770833333333334
0 0.15287037037037038 0.4653958333333333 0.010648148148148136 0.008776041666666679
0 0.089 0.48702083333333335 0.026055555555555544 0.005781249999999893
0 0.10175925925925926 0.499046875 0.01670370370370371 0.007739583333333222
0 0.17907407407407408 0.6058645833333334 0.017287037037037045 0.00955208333333335
0 0.14279629629629628 0.6117708333333333 0.014509259259259288 0.009203124999999979
0 0.09525 0.6181979166666667 0.016981481481481483 0.007817708333333506
0 0.11686111111111111 0.6444218749999999 0.01760185185185187 0.007119791666666764
0 0.32811111111111113 0.5953489583333333 0.01811111111111106 0.005744791666666771
0 0.38337037037037036 0.6287864583333332 0.01161111111111113 0.006270833333333314
0 0.2023888888888889 0.6915260416666666 0.022888888888888834 0.007583333333333364
0 0.28657407407407404 0.70475 0.009722222222222222 0.016401041666666494
0 0.3356574074074074 0.7459947916666666 0.020851851851851837 0.006718750000000107
0 0.43330555555555555 0.7299843749999999 0.03280555555555556 0.008432291666666637
0 0.45492592592592584 0.7582135416666667 0.012601851851851918 0.010875000000000056
0 0.4667685185185185 0.7657916666666666 0.017601851851851792 0.00696354166666655
0 0.5539907407407406 0.7406770833333333 0.015203703703703771 0.005864583333333506
0 0.5262870370370369 0.7265625 0.010648148148148096 0.010140624999999837
0 0.6291574074074074 0.7120208333333332 0.022157407407407466 0.010630208333333257
0 0.7013981481481482 0.7329791666666666 0.01455555555555558 0.006354166666666572
0 0.7312685185185185 0.6947916666666666 0.014768518518518665 0.007453124999999972
0 0.8096574074074073 0.6572031249999999 0.017296296296296355 0.008432291666666637
0 0.6505 0.6439843749999999 0.014990740740740844 0.005677083333333321
0 0.9122407407407407 0.6232916666666666 0.015648148148148126 0.013203124999999894
0 0.8307407407407408 0.601578125 0.014472222222222324 0.00564583333333335
0 0.8198981481481481 0.6213020833333334 0.011074074074074108 0.004067708333333364
0 0.9285648148148147 0.5227083333333333 0.014851851851851923 0.010296875000000049
0 0.6821574074074074 0.5508645833333333 0.012166666666666812 0.010265625000000079
0 0.5029537037037037 0.5631354166666667 0.01175000000000005 0.01115104166666665
0 0.9494444444444444 0.490859375 0.01035185185185191 0.009500000000000064
0 0.8930648148148148 0.4904010416666667 0.008166666666666503 0.007354166666666551
0 0.9337777777777777 0.40702604166666667 0.018879629629629826 0.005749999999999922
0 0.8439629629629629 0.34706770833333334 0.012851851851851847 0.012093750000000014
0 0.7357777777777778 0.5332447916666666 0.008185185185185004 0.009833333333333272
0 0.45941666666666664 0.4747031249999999 0.010833333333333427 0.003453125000000057
0 0.4466851851851852 0.46993229166666667 0.013537037037037042 0.005078125
0 0.4517407407407407 0.46409374999999997 0.009925925925925899 0.003958333333333286
0 0.5198888888888888 0.3498177083333333 0.0158148148148148 0.004281250000000014
0 0.6009814814814813 0.3647447916666666 0.015018518518518596 0.005291666666666739
0 0.4620740740740741 0.25397916666666664 0.028148148148148127 0.00852604166666664
0 0.36530555555555555 0.28032291666666664 0.018675925925925835 0.007005208333333357
0 0.32510185185185186 0.2732395833333333 0.017324074074074106 0.004718749999999971
0 0.24294444444444444 0.2886927083333333 0.018138888888888892 0.004567708333333353