0 0.1689537037037037 0.345375 0.009129629629629656 0.005109374999999972
0 0.19671296296296295 0.34307291666666667 0.007351851851851876 0.007588541666666604
0 0.22568518518518518 0.34809375 0.017425925925925945 0.006291666666666629
0 0.22773148148148145 0.3313177083333333 0.007037037037037032 0.008171875000000028
0 0.15599074074074074 0.36135416666666664 0.005250000000000001 0.007656250000000054
0 0.12607407407407406 0.35795833333333327 0.020990740740740754 0.0061770833333333105
0 0.1358333333333333 0.352640625 0.010287037037037037 0.005463541666666671
0 0.13368518518518518 0.3653125 0.012907407407407392 0.006359374999999989
0 0.1249722222222222 0.3721614583333333 0.015638888888888876 0.005182291666666661
0 0.21802777777777776 0.36333333333333334 0.015324074074074111 0.006296874999999957
0 0.2283611111111111 0.380046875 0.005148148148148124 0.008552083333333372
0 0.15357407407407409 0.3309739583333333 0.007351851851851837 0.008901041666666654
0 0.14391666666666666 0.32846354166666664 0.010703703703703719 0.0070677083333333
0 0.21812962962962965 0.31417708333333333 0.008611111111111095 0.010375000000000068
0 0.1905185185185185 0.3075885416666667 0.005037037037037035 0.007479166666666615
0 0.1839074074074074 0.312109375 0.0056666666666666445 0.0069479166666666535
0 0.19446296296296295 0.29808333333333337 0.011018518518518523 0.006880208333333382
0 0.2013333333333333 0.28892708333333333 0.006509259259259261 0.009119791666666632
0 0.2391759259259259 0.31615624999999997 0.010388888888888914 0.0075989583333332614
0 0.23167592592592592 0.30215625 0.01616666666666665 0.007234375000000082
0 0.2265833333333333 0.29102083333333334 0.006611111111111099 0.006578125000000057
0 0.20983333333333332 0.2834583333333333 0.010287037037037075 0.004208333333333325
0 0.2223333333333333 0.279265625 0.012592592592592588 0.004322916666666643
0 0.22516666666666668 0.2828958333333333 0.013222222222222198 0.0038854166666666854
0 0.1745648148148148 0.2974583333333333 0.012805555555555534 0.005281250000000082
0 0.2901944444444444 0.28543749999999996 0.011648148148148213 0.004270833333333357
0 0.29391666666666666 0.27894270833333334 0.012175925925925904 0.004739583333333286
0 0.2687777777777777 0.27717187499999996 0.010388888888888914 0.006156249999999997
0 0.245787037037037 0.2734479166666667 0.014805555555555591 0.005796875000000057
0 0.24212037037037035 0.2847604166666667 0.007453703703703635 0.006807291666666604
0 0.2493611111111111 0.2831041666666666 0.008083333333333324 0.005624999999999947
0 0.26032407407407404 0.28047395833333333 0.008398148148148168 0.00991145833333329
0 0.27953703703703703 0.31024479166666663 0.013018518518518441 0.004286458333333343
0 0.3002685185185185 0.31260937499999997 0.008499999999999928 0.008302083333333331
0 0.3183240740740741 0.31178125 0.009342592592592623 0.005942708333333347
0 0.32855555555555555 0.29016666666666663 0.012805555555555594 0.005927083333333361
0 0.3319722222222222 0.2700625 0.021518518518518527 0.004338541666666629
0 0.3215277777777778 0.26294791666666667 0.006296296296296254 0.006755208333333318
0 0.2937592592592593 0.25379166666666664 0.018157407407407393 0.005453125000000014
0 0.31570370370370365 0.23932291666666666 0.01606481481481481 0.009114583333333304
0 0.310037037037037 0.259140625 0.014805555555555591 0.005166666666666675
0 0.3333333333333333 0.25683854166666664 0.008499999999999928 0.004104166666666664
0 0.35553703703703704 0.249515625 0.008185185185185202 0.009296874999999982
0 0.3519722222222222 0.26578645833333336 0.008611111111111095 0.005348958333333353
0 0.35911111111111105 0.26046874999999997 0.012805555555555594 0.006765624999999975
0 0.36099999999999993 0.23743229166666663 0.014064814814814853 0.004619791666666639
0 0.4018333333333333 0.22795833333333332 0.017009259259259262 0.006578124999999968
0 0.4473888888888889 0.23800520833333333 0.011129629629629613 0.014031250000000028
0 0.4800833333333333 0.22504166666666664 0.006611111111111257 0.010656249999999989
0 0.47950925925925925 0.23584895833333333 0.014907407407407428 0.004640624999999954
0 0.40262037037037035 0.2613020833333333 0.014805555555555511 0.006302083333333375
0 0.3963703703703704 0.27809895833333337 0.019944444444444463 0.006953124999999982
0 0.3805185185185185 0.29141666666666666 0.012175925925925904 0.009140624999999947
0 0.3888148148148148 0.3035833333333333 0.014907407407407428 0.005130208333333286
0 0.4113796296296296 0.2788072916666666 0.010916666666666686 0.011911458333333246
0 0.4272314814814815 0.27369791666666665 0.008611111111111016 0.008062500000000038
0 0.4431851851851851 0.2712760416666667 0.016583333333333252 0.005343750000000025
0 0.4599814814814814 0.28284895833333334 0.014907407407407428 0.006531250000000011
0 0.4848611111111111 0.26855729166666664 0.007981481481481327 0.008411458333333321
0 0.48843518518518514 0.237015625 0.010074074074074228 0.008609374999999985
0 0.5380277777777778 0.23447916666666666 0.016694444444444418 0.005447916666666686
0 0.5604907407407408 0.245765625 0.021935185185185287 0.006046875000000007
0 0.5567685185185185 0.2593802083333333 0.007555555555555631 0.010250000000000004
0 0.5743981481481482 0.25367708333333333 0.011333333333333289 0.006286458333333389
0 0.6176481481481481 0.228078125 0.018472222222222317 0.009296874999999982
0 0.5054351851851852 0.25733854166666664 0.014481481481481574 0.004401041666666661
0 0.523074074074074 0.28356250000000005 0.013222222222222198 0.004416666666666647
0 0.5776574074074073 0.2800208333333333 0.009027777777777777 0.009375
0 0.5591851851851851 0.2891770833333333 0.01616666666666665 0.004302083333333329
0 0.6346574074074073 0.28424479166666666 0.00713888888888887 0.009317708333333386
0 0.6581203703703703 0.2600572916666667 0.015638888888889035 0.006645833333333328
0 0.6396944444444445 0.27133854166666665 0.010916666666666686 0.0051145833333333
0 0.6867222222222221 0.23552083333333332 0.010499999999999924 0.0046979166666666575
0 0.6915462962962963 0.2540677083333333 0.013851851851851886 0.006833333333333335
0 0.7122314814814814 0.2568177083333333 0.008611111111111095 0.004416666666666647
0 0.7194166666666667 0.24402604166666664 0.010388888888888914 0.004348958333333375
0 0.7345370370370369 0.2401614583333333 0.009129629629629536 0.004760416666666689
0 0.7477592592592592 0.24647916666666667 0.01416666666666673 0.004645833333333282
0 0.7734814814814814 0.260828125 0.010814814814814768 0.006421875000000021
0 0.7327499999999999 0.2794322916666666 0.007453703703703556 0.010322916666666604
0 0.7146944444444443 0.27565104166666665 0.010388888888888914 0.0055937499999999755
0 0.785287037037037 0.28627604166666665 0.01238888888888899 0.0055937499999999755
0 0.6654166666666667 0.2995572916666666 0.013222222222222198 0.007354166666666639
0 0.6695092592592593 0.30593229166666663 0.005037037037037035 0.009651041666666683
0 0.6450462962962962 0.3049322916666667 0.01784259259259263 0.005348958333333353
0 0.5881574074074074 0.2990833333333333 0.0117592592592593 0.006411458333333275
0 0.5984444444444444 0.3083854166666667 0.010499999999999924 0.006520833333333353
0 0.6476759259259259 0.33646875 0.005462962962963047 0.0039427083333333
0 0.6515555555555554 0.35026041666666663 0.0107037037037036 0.004244791666666714
0 0.7574722222222222 0.3359947916666667 0.013435185185185283 0.008661458333333361
0 0.8479074074074074 0.32277083333333334 0.01921296296296286 0.0045312500000000535
0 0.844287037037037 0.31453125 0.016379629629629574 0.003994791666666675
0 0.8349444444444444 0.3073802083333333 0.015324074074074032 0.0031614583333333
0 0.8655925925925926 0.330796875 0.011129629629629613 0.007130208333333332
0 0.7880185185185183 0.3409583333333333 0.014694444444444343 0.005479166666666657
0 0.8567777777777777 0.34121875 0.010499999999999924 0.0038750000000000286
0 0.9006574074074074 0.346859375 0.011333333333333447 0.008427083333333396
0 0.749074074074074 0.3785104166666667 0.009870370370370552 0.009375
0 0.6807407407407408 0.3646875 0.01238888888888899 0.0061770833333333105
0 0.6780648148148147 0.3400625 0.00955555555555555 0.004395833333333332
0 0.8778703703703703 0.3126041666666667 0.0060925925925924196 0.005817708333333371
0 0.8793425925925926 0.30811979166666664 0.007768518518518716 0.0046302083333333854
0 0.788212962962963 0.36509375 0.006231481481481498 0.002822916666666675
0 0.7727222222222221 0.39180208333333333 0.006231481481481498 0.002140624999999918
0 0.8991666666666667 0.393953125 0.010148148148148076 0.0055416666666666895
0 0.8522407407407406 0.3739114583333333 0.013537037037037042 0.00422916666666664
0 0.7923981481481481 0.4191979166666666 0.008722222222222185 0.006750000000000078
0 0.8777962962962963 0.4200989583333333 0.018518518518518413 0.007750000000000057
0 0.9337129629629629 0.4143385416666666 0.013537037037037042 0.0039427083333333
0 0.8847407407407407 0.4407395833333333 0.012287037037036914 0.0074583333333333
0 0.9106481481481481 0.4507083333333333 0.01175000000000005 0.005453125000000014
0 0.884074074074074 0.4622239583333333 0.017361111111111112 0.0038437500000000568
0 0.9037499999999999 0.46269791666666665 0.009703703703703721 0.0032916666666666927
0 0.9457314814814812 0.46738541666666666 0.010861111111111023 0.011161458333333308
0 0.8362499999999998 0.46332291666666664 0.013620370370370298 0.005447916666666686
0 0.8941759259259259 0.4802291666666666 0.011935185185185384 0.007406250000000014
0 0.8939999999999999 0.49372916666666666 0.012648148148148328 0.007958333333333378
0 0.9060185185185184 0.5024427083333334 0.019592592592592772 0.005151041666666778
0 0.9270370370370371 0.49031770833333327 0.018879629629629826 0.003536458333333314
0 0.9508518518518518 0.4883385416666666 0.011490740740740711 0.0046875
0 0.9379907407407406 0.4950052083333333 0.0151388888888887 0.004796875000000078
0 0.9095833333333333 0.5477447916666667 0.009620370370370463 0.009296874999999894
0 0.9362037037037036 0.5753229166666666 0.01745370370370362 0.005250000000000021
0 0.8703148148148148 0.5508229166666666 0.01175000000000005 0.007937499999999886
0 0.846712962962963 0.5570833333333333 0.015851851851851645 0.004838541666666707
0 0.9159907407407407 0.5821041666666666 0.010509259259259175 0.007697916666666771
0 0.9354074074074075 0.6088020833333333 0.018518518518518413 0.0069947916666665225
0 0.9009444444444443 0.612859375 0.010509259259259175 0.008500000000000086
0 0.852462962962963 0.6027395833333333 0.008101851851851747 0.006890624999999951
0 0.9301944444444444 0.6196927083333332 0.011490740740740711 0.007041666666666657
0 0.9329537037037038 0.6414375 0.005611111111111061 0.007052083333333315
0 0.9056666666666666 0.6521302083333332 0.017805555555555467 0.004104166666666664
0 0.8696481481481482 0.6302343749999999 0.008277777777777828 0.004791666666666572
0 0.9135000000000001 0.6604166666666667 0.016916666666666753 0.007151041666666735
0 0.883361111111111 0.660515625 0.013805555555555632 0.004343750000000135
0 0.9049074074074074 0.6812552083333333 0.01415740740740748 0.007052083333333315
0 0.8776111111111111 0.6974583333333333 0.01299999999999986 0.005796875000000057
0 0.8334537037037036 0.7079479166666667 0.01976851851851854 0.004239583333333208
0 0.8164444444444443 0.7184166666666666 0.01620370370370381 0.005546875000000106
0 0.7852777777777777 0.7022864583333334 0.014777777777777917 0.004130208333333307
0 0.817111111111111 0.7357239583333333 0.013805555555555632 0.005093750000000163
0 0.8041574074074074 0.7405312499999999 0.01620370370370381 0.0038958333333333427
0 0.7923518518518519 0.7423593749999999 0.013444444444444533 0.004244791666666714
0 0.7825648148148148 0.7483437499999999 0.005074074074074196 0.007796874999999837
0 0.7840277777777778 0.7353645833333333 0.014962962962962933 0.00408333333333335
0 0.7617685185185186 0.7562552083333334 0.012648148148148328 0.005390624999999894
0 0.7390648148148148 0.7623906249999999 0.011037037037037104 0.0055416666666666
0 0.7338981481481481 0.7375 0.01406481481481497 0.008348958333333378
0 0.700398148148148 0.7595833333333333 0.0063703703703704186 0.006364583333333229
0 0.6893518518518518 0.7655208333333332 0.005935185185185313 0.006619791666666685
0 0.6793148148148147 0.756015625 0.006962962962962946 0.005062499999999836
0 0.6598981481481482 0.7532604166666667 0.013240740740740699 0.008635416666666628
0 0.6406574074074074 0.7485989583333332 0.011175925925925867 0.007697916666666771
0 0.674074074074074 0.730328125 0.014277777777777898 0.004052083333333378
0 0.6541018518518518 0.7216354166666666 0.007037037037036953 0.005911458333333286
0 0.6797592592592592 0.7078802083333333 0.01034259259259266 0.007500000000000106
0 0.7178333333333332 0.7082083333333333 0.012833333333333346 0.007614583333333336
0 0.7571851851851851 0.7189010416666666 0.008342592592592584 0.009291666666666743
0 0.7744629629629628 0.724703125 0.007722222222222146 0.008557291666666522
0 0.7884351851851851 0.723578125 0.013620370370370298 0.00564583333333335
0 0.6391666666666665 0.6994791666666667 0.016907407407407347 0.007703124999999922
0 0.6068611111111111 0.7750208333333333 0.012435185185185244 0.00568229166666665
0 0.5935185185185184 0.772609375 0.009657407407407467 0.009416666666666629
0 0.5883888888888889 0.7756666666666666 0.00881481481481485 0.008197916666666494
0 0.5640555555555555 0.77471875 0.011111111111111112 0.007109375000000107
0 0.5551203703703703 0.7680572916666667 0.008212962962962915 0.006015625000000036
0 0.5715462962962963 0.7683958333333333 0.006277777777777753 0.0034374999999998933
0 0.5708148148148149 0.7567083333333333 0.014972222222222342 0.0053333333333332785
0 0.57275 0.7622812499999999 0.00724999999999988 0.007510416666666764
0 0.5058981481481482 0.759328125 0.011138888888888863 0.007166666666666721
0 0.5011851851851852 0.7265416666666666 0.013027777777777772 0.00739583333333318
0 0.5061018518518519 0.7123906249999999 0.0071296296296296195 0.0023177083333331796
0 0.4231666666666666 0.7319583333333333 0.014249999999999987 0.007729166666666743
0 0.6230648148148148 0.3955833333333333 0.026611111111111068 0.007854166666666629
0 0.5545648148148148 0.376296875 0.009194444444444451 0.00994791666666659
0 0.483824074074074 0.38628124999999996 0.01774074074074087 0.006500000000000039
0 0.3895462962962962 0.380640625 0.04794444444444442 0.011619791666666667
0 0.40296296296296297 0.31641145833333334 0.04052777777777771 0.006437499999999918
0 0.28980555555555554 0.33985937499999996 0.023120370370370423 0.007109375000000018
0 0.3467037037037037 0.3447864583333333 0.01916666666666672 0.0050416666666666995
0 0.3735833333333334 0.3524791666666666 0.014138888888888819 0.005317708333333382
0 0.3957685185185185 0.345046875 0.009212962962962952 0.009546874999999932
0 0.3947962962962963 0.3329583333333333 0.01674074074074083 0.007338541666666654
0 0.3370462962962963 0.39067708333333334 0.014194444444444482 0.009359375000000014
0 0.30319444444444443 0.3610208333333333 0.01389814814814814 0.008421875000000068
0 0.28464814814814815 0.3628125 0.014046296296296232 0.005515624999999957
0 0.19343518518518515 0.393171875 0.009907407407407396 0.007364583333333385
0 0.2110277777777778 0.4479739583333333 0.011379629629629621 0.009036458333333285
0 0.18937037037037036 0.40914583333333326 0.012416666666666663 0.009875000000000078
0 0.12883333333333333 0.39865625 0.021731481481481494 0.007359375000000057
0 0.11471296296296296 0.40053124999999995 0.01389814814814814 0.006609375000000028
0 0.11862962962962963 0.4083072916666667 0.0102037037037037 0.005703124999999964
0 0.11929629629629629 0.4176666666666666 0.012416666666666663 0.004958333333333264
0 0.13304629629629627 0.42959895833333334 0.009759259259259264 0.008375000000000021
0 0.1105 0.4272708333333333 0.011675925925925925 0.008708333333333406
0 0.1256574074074074 0.42519270833333334 0.007388888888888919 0.006541666666666579
0 0.18035185185185185 0.4575416666666666 0.01389814814814814 0.006380208333333392
0 0.22699074074074074 0.4449791666666666 0.006944444444444444 0.008203125
0 0.13408333333333333 0.4463125 0.010055555555555568 0.007869791666666615
0 0.1116111111111111 0.44256770833333337 0.020101851851851846 0.004375000000000106
0 0.11183333333333333 0.44843229166666665 0.01404629629629631 0.008348958333333378
0 0.11057407407407407 0.47242187499999994 0.019805555555555583 0.004713541666666643
0 0.1787962962962963 0.4630989583333333 0.007240740740740728 0.006291666666666629
0 0.11597222222222223 0.4841458333333333 0.019074074074074094 0.005203125000000064
0 0.10037962962962962 0.485140625 0.015370370370370366 0.006203125000000043
0 0.17007407407407407 0.49055208333333333 0.011972222222222228 0.011031250000000093
0 0.09335185185185184 0.490671875 0.013749999999999998 0.007187500000000036
0 0.1398425925925926 0.5020260416666666 0.010935185185185187 0.009041666666666615
0 0.10791666666666665 0.5108854166666666 0.009166666666666658 0.0053072916666666355
0 0.09756481481481481 0.5140052083333333 0.007981481481481485 0.007052083333333315
0 0.11456481481481481 0.51525 0.007685185185185183 0.006421875000000021
0 0.20023148148148145 0.48938541666666663 0.010203703703703661 0.007703124999999922
0 0.2174537037037037 0.5160833333333332 0.015370370370370366 0.006223958333333357
0 0.2904814814814815 0.5021510416666667 0.014194444444444482 0.004802083333333406
0 0.28064814814814815 0.5229479166666666 0.014935185185185182 0.009473958333333421
0 0.16142592592592592 0.5345 0.01862962962962962 0.007630208333333321
0 0.13437962962962963 0.5433177083333334 0.01596296296296297 0.008302083333333422
0 0.11301851851851852 0.5401145833333333 0.007833333333333354 0.005390624999999894
0 0.10799074074074073 0.5433177083333334 0.011972222222222228 0.004312500000000163
0 0.10650925925925926 0.5523802083333333 0.012564814814814796 0.005473958333333506
0 0.10487962962962961 0.5703385416666666 0.00931481481481483 0.008463541666666607
0 0.11560185185185183 0.5853489583333332 0.01389814814814814 0.0075416666666667355
0 0.1324537037037037 0.577359375 0.01035185185185187 0.0055416666666666
0 0.14878703703703702 0.5789010416666667 0.0102037037037037 0.006125000000000114
0 0.1790185185185185 0.57628125 0.01655555555555556 0.008369791666666692
0 0.15381481481481482 0.589171875 0.007833333333333314 0.011208333333333265
0 0.12985185185185186 0.6214895833333334 0.014842592592592555 0.005473958333333506
0 0.17162037037037037 0.6217760416666666 0.01810185185185187 0.004906249999999978
0 0.12361111111111112 0.6275572916666666 0.0151759259259259 0.00546875
0 0.22598148148148145 0.6063333333333334 0.01147222222222221 0.00994270833333335
0 0.1719074074074074 0.650203125 0.0085462962962963 0.005598958333333392
0 0.17409259259259258 0.6557968750000001 0.007981481481481485 0.005593749999999886
0 0.13828703703703704 0.6541874999999999 0.017314814814814818 0.007500000000000106
0 0.13693518518518516 0.6378020833333332 0.007416666666666671 0.004328124999999972
0 0.2316574074074074 0.645171875 0.014055555555555562 0.005026041666666714
0 0.21373148148148147 0.6646875 0.008092592592592575 0.010291666666666721
0 0.15223148148148147 0.671953125 0.01237037037037037 0.005088541666666657
0 0.18607407407407406 0.68375 0.013944444444444473 0.004015625000000078
0 0.18708333333333332 0.6894739583333334 0.009222222222222203 0.004463541666666693
0 0.18016666666666667 0.69684375 0.004157407407407416 0.007437500000000164
0 0.2023148148148148 0.6986458333333333 0.014731481481481505 0.0038333333333333995
0 0.18899074074074074 0.6950104166666666 0.008990740740740695 0.004526041666666636
0 0.19978703703703704 0.7134114583333333 0.011694444444444467 0.0041510416666666215
0 0.2075462962962963 0.7164479166666666 0.015518518518518536 0.004953125000000114
0 0.23244444444444443 0.71259375 0.01697222222222218 0.004026041666666735
0 0.2526296296296296 0.7130364583333333 0.013490740740740787 0.0041510416666666215
0 0.27624074074074073 0.7081302083333332 0.01888888888888884 0.003072916666666714
0 0.2549907407407407 0.6988958333333334 0.006074074074073997 0.008130208333333399
0 0.316037037037037 0.6796666666666666 0.008324074074074083 0.007994791666666678
0 0.3303148148148148 0.6792239583333333 0.00764814814814814 0.009390625000000163
0 0.3129444444444444 0.6946614583333333 0.010009259259259235 0.005854166666666494
0 0.2688148148148148 0.690453125 0.008768518518518518 0.0033854166666666074
0 0.3132314814814815 0.7267916666666666 0.0058425925925925685 0.008901041666666743
0 0.29760185185185184 0.7316927083333333 0.011018518518518523 0.0061822916666665504
0 0.26240740740740737 0.7471927083333332 0.008092592592592575 0.0053072916666666355
0 0.3560185185185185 0.44500520833333324 0.030194444444444458 0.008484374999999923
0 0.4992222222222221 0.4553697916666666 0.013879629629629638 0.011921874999999993
0 0.5296666666666666 0.4745885416666667 0.01237962962962958 0.002807291666666778
0 0.34002777777777776 0.5455625 0.019333333333333355 0.0046875
0 0.3542314814814815 0.551296875 0.00954629629629622 0.012890625
0 0.2842037037037037 0.556375 0.008842592592592523 0.010395833333333293
0 0.20302777777777778 0.5651979166666667 0.005657407407407394 0.010130208333333179
0 0.22584259259259257 0.56884375 0.0095462962962963 0.004692708333333506
0 0.25608333333333333 0.5854895833333333 0.011314814814814866 0.011322916666666493
0 0.2992870370370371 0.5807135416666667 0.006481481481481508 0.010520833333333179
0 0.30949074074074073 0.587609375 0.004953703703703698 0.008406249999999994
0 0.2911574074074074 0.6527395833333334 0.018509259259259243 0.0049635416666667705
0 0.3186851851851852 0.6319739583333334 0.012027777777777813 0.006406250000000035
0 0.35764814814814816 0.6564166666666666 0.002944444444444451 0.003953125000000135
0 0.3808148148148147 0.6626145833333333 0.006129629629629581 0.003229166666666572
0 0.41029629629629627 0.6496458333333333 0.008490740740740755 0.004744791666666792
0 0.40964814814814815 0.62715625 0.013555555555555543 0.005927083333333449
0 0.34721296296296295 0.70946875 0.0040092592592593235 0.005812499999999865
0 0.3413796296296296 0.7327447916666665 0.0043611111111111715 0.007796874999999837
0 0.3518148148148148 0.731484375 0.008962962962962943 0.007661458333333293
0 0.30477777777777776 0.746046875 0.013916666666666641 0.0077395833333333995
0 0.32069444444444445 0.7476406250000001 0.011787037037037054 0.004557291666666607
0 0.32941666666666664 0.7513854166666667 0.008962962962962943 0.00532812499999995
0 0.3397314814814815 0.7596093749999999 0.006009259259259241 0.006921874999999922
0 0.4008611111111111 0.7465416666666667 0.008018518518518489 0.007531250000000078
0 0.3769259259259259 0.7190729166666665 0.0125 0.004328124999999972
0 0.4377685185185185 0.7065677083333333 0.015796296296296298 0.005713541666666622
0 0.3955555555555555 0.7535364583333333 0.008249999999999917 0.005135416666666792
0 0.3797592592592592 0.7709166666666667 0.006842592592592527 0.006010416666666707
0 0.39602777777777776 0.7800312500000001 0.008249999999999917 0.0050156250000000565
0 0.4095833333333333 0.7785729166666666 0.007074074074074114 0.007135416666666572
0 0.43817592592592597 0.7671666666666667 0.010490740740740832 0.00501041666666655
0 0.4225 0.6976927083333333 0.008842592592592603 0.0053333333333332785
0 0.4703055555555556 0.7031979166666666 0.006129629629629581 0.005203124999999887
0 0.4423055555555555 0.665953125 0.008842592592592603 0.007119791666666764
0 0.44531481481481483 0.6797187499999999 0.005657407407407473 0.006401041666666707
0 0.5251851851851852 0.6050416666666667 0.013324074074074115 0.010635416666666763
0 0.5153425925925926 0.5414427083333333 0.011314814814814788 0.007187500000000036
0 0.4723055555555555 0.5574270833333334 0.011555555555555467 0.004942708333333279
0 0.6073148148148148 0.6658645833333333 0.017379629629629613 0.004515624999999979
0 0.6210925925925925 0.651640625 0.00893518518518527 0.011187499999999951
0 0.6849907407407406 0.6223385416666667 0.00893518518518527 0.012072916666666522
0 0.6528611111111111 0.5619791666666666 0.013222222222222198 0.0036041666666667637
0 0.762787037037037 0.5382916666666666 0.008814814814814692 0.010078124999999893
0 0.7951111111111111 0.519765625 0.00587962962962965 0.008968750000000015