0 0.4315740740740741 0.26852083333333326 0.01999999999999997 0.006973958333333386
0 0.30998148148148147 0.30204687499999994 0.019194444444444434 0.007874999999999943
0 0.27038888888888885 0.32589583333333333 0.02000000000000005 0.01147395833333329
0 0.26638888888888884 0.316671875 0.013601851851851875 0.006526041666666682
0 0.1799907407407407 0.41532812499999994 0.009601851851851863 0.010348958333333335
0 0.15599074074074074 0.4374895833333333 0.02319444444444447 0.009677083333333236
0 0.11939814814814813 0.3986770833333333 0.0147962962962963 0.017999999999999926
0 0.10279629629629627 0.4459270833333333 0.018398148148148153 0.010348958333333335
0 0.1295925925925926 0.47044791666666663 0.013601851851851837 0.013499999999999979
0 0.3925833333333333 0.49879687500000003 0.019601851851851867 0.007197916666666693
0 0.4933703703703704 0.5299583333333333 0.02279629629629625 0.005177083333333421
0 0.5088981481481482 0.4051927083333333 0.021351851851851854 0.007005208333333357
0 0.606462962962963 0.344140625 0.011268518518518534 0.005005208333333311
0 0.5486388888888889 0.46424479166666666 0.014231481481481328 0.005671874999999993
0 0.46174074074074073 0.49127083333333327 0.012453703703703746 0.008338541666666721
0 0.7001759259259259 0.4797604166666666 0.012453703703703746 0.008005208333333336
0 0.9118148148148149 0.4206875 0.019064814814814843 0.005083333333333329
0 0.8365462962962962 0.42322916666666666 0.013046296296296115 0.004515624999999979
0 0.8666574074074074 0.44044791666666666 0.011712962962963046 0.00696354166666655
0 0.9464444444444443 0.5213645833333332 0.010037037037037067 0.011104166666666693
0 0.9307314814814814 0.524453125 0.008231481481481574 0.010359374999999994
0 0.8798240740740741 0.5356614583333333 0.00996296296296306 0.011822916666666572
0 0.9315370370370369 0.6021614583333333 0.012453703703703746 0.00997916666666665
0 0.9304444444444444 0.5794010416666666 0.006537037037037092 0.007177083333333378
0 0.7963055555555555 0.6147656249999999 0.009648148148148215 0.005776041666666743
0 0.669787037037037 0.611875 0.012453703703703746 0.004552083333333279
0 0.48032407407407407 0.6209947916666666 0.02464814814814815 0.00603645833333335
0 0.4119351851851851 0.6421302083333333 0.007953703703703734 0.007604166666666678
0 0.34652777777777777 0.5984010416666667 0.015509259259259285 0.005593749999999886
0 0.3497037037037037 0.6935729166666667 0.01948148148148141 0.006260416666666657
0 0.3550092592592593 0.7020572916666666 0.017555555555555578 0.005276041666666664
0 0.289462962962963 0.7272760416666666 0.016027777777777728 0.010833333333333427
0 0.26942592592592596 0.727375 0.019601851851851787 0.006041666666666679
0 0.20753703703703702 0.7025937499999999 0.026740740740740735 0.010026041666666607
0 0.08518518518518518 0.60834375 0.008361111111111116 0.006687500000000135
0 0.1448148148148148 0.6284166666666666 0.011888888888888853 0.006687500000000135
0 0.08019444444444444 0.5116302083333333 0.013416666666666681 0.010171874999999986
0 0.3480740740740741 0.7577812500000001 0.011212962962962949 0.009140625000000036
0 0.4915555555555555 0.71190625 0.013453703703703626 0.0063072916666667925
0 0.5128611111111111 0.7432760416666666 0.021296296296296348 0.007249999999999979
0 0.4831481481481481 0.7708645833333333 0.020175925925925892 0.008197916666666494
0 0.523787037037037 0.7689739583333333 0.017379629629629613 0.005046875000000029
0 0.5669444444444444 0.7547864583333334 0.015129629629629606 0.015135416666666578
0 0.5806759259259259 0.7601458333333333 0.017935185185185137 0.008828124999999964
0 0.6831203703703703 0.7088802083333332 0.022333333333333233 0.008557291666666522
0 0.6847407407407408 0.7212604166666666 0.022981481481481422 0.008921875000000056
0 0.7272962962962962 0.7443854166666666 0.014888888888888927 0.004552083333333279
0 0.6695277777777778 0.7611354166666666 0.01586111111111121 0.007463541666666629
0 0.14530555555555555 0.5507916666666667 0.010305555555555538 0.005604166666666721