0 0.0609074074074074 0.7162239583333333 0.011694444444444447 0.010380208333333307
0 0.07460185185185184 0.7343958333333334 0.010768518518518514 0.010729166666666679
0 0.10982407407407406 0.7503177083333332 0.011694444444444427 0.01107291666666672
0 0.010851851851851852 0.6736822916666666 0.009416666666666665 0.008057291666666622
0 0.042388888888888886 0.6722760416666667 0.008231481481481485 0.006947916666666743
0 0.08211111111111112 0.6730937499999999 0.011629629629629632 0.0061302083333332645
0 0.07217592592592594 0.6593333333333333 0.008722222222222204 0.009947916666666678
0 0.002425925925925926 0.6080364583333333 0.004842592592592594 0.008171875000000028
0 0.0030277777777777772 0.6217291666666667 0.0060555555555555545 0.005859375
0 0.025555555555555554 0.5926406249999999 0.010416666666666666 0.010901041666666523
0 0.029546296296296293 0.5645104166666666 0.011138888888888884 0.008312500000000079
0 0.029787037037037035 0.5303125 0.011629629629629632 0.005859375
0 0.02434259259259259 0.5360364583333334 0.005574074074074067 0.005859375
0 0.02688888888888889 0.539984375 0.008722222222222223 0.003677083333333364
0 0.036333333333333336 0.5429166666666667 0.010175925925925918 0.008718749999999886
0 0.06285185185185185 0.5289531249999999 0.011870370370370371 0.006947916666666565
0 0.05135185185185184 0.5099479166666667 0.012111111111111109 0.005723958333333279
0 0.06769444444444443 0.5228906249999999 0.010416666666666666 0.004359374999999943
0 0.09143518518518517 0.5185260416666667 0.011870370370370361 0.008718750000000063
0 0.011212962962962961 0.455421875 0.008074074074074074 0.010427083333333264
0 0.005092592592592592 0.4645833333333333 0.010185185185185184 0.007291666666666608
0 0.058148148148148136 0.4598802083333333 0.01763888888888889 0.007229166666666664
0 0.07086111111111111 0.4537395833333333 0.014944444444444432 0.005380208333333236
0 0.0590462962962963 0.4518072916666666 0.009870370370370373 0.0042031249999999075
0 0.08610185185185185 0.4616458333333333 0.008972222222222223 0.00639062500000005
0 0.09925925925925926 0.45945833333333325 0.006574074074074056 0.005380208333333236
0 0.008666666666666665 0.40387500000000004 0.010166666666666666 0.006223958333333357
0 0.020481481481481482 0.38975 0.012259259259259261 0.004203124999999997
0 0.008518518518518517 0.39689583333333334 0.00987037037037037 0.0030260416666666678
0 0.047166666666666655 0.6283697916666666 0.009277777777777772 0.007249999999999979
0 0.03737037037037037 0.6312708333333333 0.008759259259259267 0.006671874999999971
0 0.06765740740740739 0.5689270833333333 0.015203703703703712 0.006671874999999971
0 0.12126851851851851 0.5049166666666667 0.007472222222222216 0.005364583333333251
0 0.11625 0.5226770833333333 0.010824074074074099 0.006958333333333222
0 0.15684259259259256 0.51209375 0.009537037037037047 0.006380208333333392
0 0.16096296296296295 0.5336927083333334 0.005925925925925905 0.009281250000000085
0 0.15439814814814815 0.5265156249999999 0.010305555555555538 0.005656250000000007
0 0.18262037037037035 0.5297083333333333 0.014694444444444442 0.007104166666666778
0 0.1721759259259259 0.5398541666666666 0.009277777777777748 0.00884374999999995
0 0.15774074074074074 0.56015625 0.008759259259259227 0.005656250000000007
0 0.13674074074074075 0.5510208333333333 0.015203703703703731 0.0036250000000000782
0 0.17694444444444443 0.5508020833333334 0.016240740740740774 0.004927083333333293
0 0.12470370370370369 0.5644791666666666 0.009166666666666658 0.006932291666666579
0 0.08503703703703704 0.586703125 0.015175925925925919 0.012624999999999886
0 0.13039814814814815 0.4808125 0.009796296296296268 0.014583333333333393
0 0.15284259259259259 0.47521354166666663 0.012324074074074076 0.009067708333333434
0 0.1476296296296296 0.455296875 0.021500000000000026 0.009421874999999958
0 0.12454629629629628 0.43227083333333327 0.0069537037037036955 0.0056927083333333075
0 0.0972037037037037 0.44863020833333334 0.014222222222222195 0.006401041666666707
0 0.049314814814814804 0.4442708333333333 0.008222222222222225 0.006223958333333357
0 0.03461111111111111 0.4256041666666667 0.014222222222222216 0.005869791666666657
0 0.0862962962962963 0.403640625 0.009481481481481483 0.006401041666666707
0 0.05563888888888889 0.4135989583333333 0.008222222222222225 0.004979166666666579
0 0.11237962962962962 0.4040885416666667 0.010435185185185207 0.004088541666666679
0 0.126287037037037 0.41155729166666666 0.010435185185185169 0.006223958333333357
0 0.15900925925925924 0.41946874999999995 0.01453703703703704 0.004979166666666579
0 0.21590740740740738 0.42791666666666667 0.022759259259259243 0.006223958333333357
0 0.05942592592592593 0.331625 0.01453703703703704 0.009958333333333246
0 0.036509259259259255 0.34203125 0.011694444444444436 0.005869791666666657
0 0.06069444444444444 0.360609375 0.016435185185185178 0.005692708333333396
0 0.07681481481481481 0.36967708333333327 0.009481481481481483 0.007822916666666657
0 0.10021296296296296 0.36416666666666664 0.01580555555555555 0.008177083333333357
0 0.1225 0.36078645833333334 0.015490740740740744 0.006401041666666618
0 0.13513888888888886 0.34620833333333334 0.018018518518518514 0.006046874999999919
0 0.04773148148148147 0.32051562499999997 0.016435185185185178 0.007645833333333396
0 0.07397222222222222 0.3142916666666667 0.010120370370370384 0.008713541666666647
0 0.2496574074074074 0.3575260416666667 0.008203703703703743 0.008270833333333361
0 0.23443518518518516 0.33944270833333334 0.02907407407407408 0.011734374999999986
0 0.02436111111111111 0.26600520833333335 0.022796296296296287 0.008546875000000042
0 0.05107407407407406 0.272703125 0.007759259259259249 0.007609374999999918
0 0.09776851851851852 0.28068229166666664 0.012703703703703715 0.005942708333333347
0 0.15007407407407408 0.26332812499999997 0.020629629629629657 0.007984375000000021
0 0.10519444444444444 0.24536458333333333 0.01006481481481482 0.006588541666666625
0 0.04809259259259259 0.22698437499999996 0.016203703703703706 0.004411458333333318
0 0.17805555555555555 0.22352083333333334 0.02423148148148149 0.007765624999999954
0 0.23872222222222222 0.2570520833333333 0.01977777777777779 0.0075729166666666185
0 0.22443518518518515 0.22869791666666667 0.008240740740740746 0.009578124999999993
0 0.25025925925925924 0.20435937499999998 0.020324074074074144 0.006953124999999982
0 0.28638888888888886 0.203046875 0.007962962962962984 0.009270833333333317
0 0.27773148148148147 0.2146354166666667 0.01428703703703699 0.0052552083333333496
0 0.296962962962963 0.22151041666666665 0.013731481481481546 0.006953124999999982
0 0.31605555555555553 0.2346458333333333 0.015111111111111184 0.006333333333333346
0 0.320037037037037 0.19670833333333332 0.01428703703703699 0.0074166666666666495
0 0.3142685185185185 0.191765625 0.0076944444444443936 0.006796874999999991
0 0.17553703703703705 0.17917187499999998 0.012638888888888882 0.0060260416666666925
0 0.1938148148148148 0.18596875 0.007962962962962984 0.008635416666666673
0 0.2277222222222222 0.17143229166666665 0.012435185185185165 0.0046979166666666575
0 0.2708055555555556 0.13461979166666665 0.01376851851851855 0.013354166666666644
0 0.2536018518518518 0.12513541666666667 0.01376851851851855 0.007161458333333348
0 0.404824074074074 0.08734374999999998 0.014444444444444413 0.004916666666666658
0 0.39741666666666664 0.09664583333333333 0.015583333333333371 0.003848958333333319
0 0.5671388888888889 0.08199999999999999 0.01900925925925918 0.00748437500000001
0 0.46164814814814814 0.095359375 0.014064814814814813 0.007270833333333315
0 0.40425925925925926 0.13534375 0.007981481481481485 0.00513020833333333
0 0.46507407407407403 0.154484375 0.014064814814814813 0.00491666666666668
0 0.429537037037037 0.1724427083333333 0.011407407407407453 0.007057291666666643
0 0.47419444444444436 0.13577083333333334 0.011787037037037054 0.00513020833333333
0 0.5266481481481481 0.13256770833333334 0.015583333333333213 0.0042760416666666416
0 0.4854259259259259 0.16209895833333335 0.0068148148148147744 0.006557291666666698
0 0.5077407407407407 0.1794791666666667 0.0052777777777778725 0.007916666666666706
0 0.5295092592592593 0.178859375 0.010990740740740692 0.007666666666666666
0 0.5190648148148148 0.16420312499999998 0.014296296296296399 0.007052083333333315
0 0.520824074074074 0.20483333333333328 0.014296296296296399 0.006432291666666678
0 0.0895648148148148 0.6448333333333333 0.01377777777777777 0.00909895833333323
0 0.09824999999999999 0.6295 0.016777777777777794 0.012130208333333314
0 0.1315 0.6702760416666667 0.017370370370370362 0.008088541666666772
0 0.14827777777777776 0.65309375 0.01377777777777776 0.010109374999999865
0 0.18125 0.6750520833333333 0.015083333333333353 0.006666666666666821
0 0.1580925925925926 0.6379374999999999 0.011314814814814826 0.010604166666666793
0 0.18151851851851852 0.66225 0.011851851851851869 0.006515625000000113
0 0.20522222222222222 0.654375 0.016694444444444418 0.007723958333333236
0 0.19593518518518518 0.6232395833333333 0.016425925925925906 0.007880208333333449
0 0.20266666666666666 0.6386927083333334 0.011583333333333298 0.008484374999999923
0 0.22878703703703704 0.629453125 0.011583333333333298 0.007572916666666707
0 0.21048148148148146 0.7058020833333334 0.007370370370370378 0.008812499999999978
0 0.2175462962962963 0.6887760416666666 0.008601851851851845 0.00795312500000005
0 0.24735185185185182 0.6721822916666665 0.008601851851851845 0.006911458333333264
0 0.2604166666666667 0.6978489583333333 0.007685185185185143 0.0129635416666666
0 0.3005185185185185 0.692578125 0.021509259259259277 0.010026041666666607
0 0.3292407407407407 0.7134895833333333 0.012601851851851838 0.00933333333333337
0 0.32263888888888886 0.7034687500000001 0.016592592592592582 0.005875000000000163
0 0.20097222222222222 0.7485885416666667 0.010462962962963 0.010244791666666763
0 0.19922222222222222 0.7570885416666666 0.013953703703703723 0.0050156250000000565
0 0.23313888888888887 0.7616666666666667 0.023648148148148192 0.0063229166666666
0 0.2358518518518518 0.7811822916666665 0.009694444444444469 0.007848958333333479
0 0.2488425925925926 0.7935 0.01007407407407407 0.00806770833333328
0 0.2769351851851852 0.8097447916666667 0.008916666666666689 0.006541666666666756
0 0.3618240740740741 0.8144322916666666 0.01046296296296292 0.008937500000000043
0 0.3443796296296296 0.79840625 0.012787037037037013 0.006979166666666714
0 0.33391666666666664 0.7907760416666666 0.009694444444444469 0.007411458333333343
0 0.3096944444444445 0.779546875 0.016277777777777815 0.007192708333333364
0 0.2891481481481481 0.7571979166666666 0.007749999999999978 0.012208333333333422
0 0.31492592592592594 0.7713697916666666 0.016666666666666666 0.0056666666666666645
0 0.35155555555555557 0.7817291666666667 0.01705555555555552 0.005453124999999837
0 0.4005833333333333 0.8018958333333334 0.016666666666666666 0.005666666666666753
0 0.4048425925925926 0.7968802083333333 0.022092592592592553 0.006541666666666668
0 0.4587222222222222 0.7943697916666667 0.024416666666666722 0.0050156250000000565
0 0.45678703703703705 0.8150833333333333 0.023648148148148116 0.0080677083333331
0 0.44476851851851856 0.8226041666666667 0.01821296296296298 0.005666666666666842
0 0.4418611111111111 0.8277291666666666 0.013175925925925943 0.005453125000000014
0 0.5193796296296296 0.8319791666666667 0.01627777777777766 0.006104166666666444
0 0.5428333333333333 0.8278385416666666 0.01899074074074068 0.013515624999999786
0 0.5552314814814815 0.7961145833333333 0.015120370370370355 0.015041666666666753
0 0.5943796296296295 0.8492031250000001 0.015120370370370355 0.011338541666666656
0 0.604462962962963 0.8354687499999999 0.025972222222222126 0.011338541666666656
0 0.6 0.8160677083333333 0.0294537037037036 0.007411458333333343
0 0.6215185185185186 0.8150833333333333 0.014342592592592653 0.0080677083333331
0 0.6354722222222222 0.8103958333333333 0.014342592592592653 0.010463541666666742
0 0.646712962962963 0.8190104166666666 0.016666666666666666 0.011989583333333442
0 0.5974814814814814 0.797421875 0.027518518518518595 0.015479166666666622
0 0.6618240740740741 0.793828125 0.03139814814814817 0.010901041666666523
0 0.6085277777777778 0.7793281249999999 0.03875925925925922 0.0124270833333334
0 0.5618240740740741 0.7851041666666667 0.0205462962962964 0.007411458333333343
0 0.5286851851851851 0.7762760416666666 0.012407407407407492 0.009812500000000135
0 0.5556203703703704 0.7719166666666666 0.0282962962962963 0.011989583333333265
0 0.5358518518518518 0.7558906249999999 0.023648148148148116 0.009156250000000022
0 0.5782962962962962 0.756546875 0.011629629629629632 0.014390625000000056
0 0.49341666666666667 0.7710416666666667 0.017833333333333378 0.0063229166666666
0 0.4443796296296296 0.7747499999999999 0.01124074074074078 0.00806770833333328
0 0.4953518518518518 0.7513124999999999 0.009305555555555461 0.007848958333333479
0 0.5063981481481481 0.7619947916666666 0.019768518518518383 0.008286458333333257
0 0.688574074074074 0.7428072916666666 0.012018518518518482 0.0218020833333334
0 0.7414814814814813 0.7516406250000001 0.031787037037036864 0.00806770833333328
0 0.710861111111111 0.7320156250000001 0.02015740740740731 0.013302083333333315
0 0.6691851851851852 0.7259114583333333 0.013564814814814951 0.00806770833333328
0 0.646324074074074 0.7248229166666667 0.023648148148148116 0.0063229166666666
0 0.6034907407407407 0.7357239583333333 0.014731481481481505 0.013734374999999943
0 0.6300462962962963 0.7138125 0.02131481481481485 0.006541666666666579
0 0.6810092592592593 0.7163177083333332 0.02015740740740739 0.009375
0 0.7606666666666666 0.7334322916666667 0.01744444444444437 0.0156979166666666
0 0.5350833333333334 0.7401927083333334 0.01899074074074068 0.006541666666666579
0 0.4571759259259259 0.7411718749999999 0.01124074074074078 0.009812500000000135
0 0.44825925925925925 0.7201354166666667 0.016666666666666666 0.011770833333333286
0 0.48100925925925925 0.713375 0.02015740740740739 0.006541666666666579
0 0.5001944444444444 0.699640625 0.015888888888888966 0.007411458333333343
0 0.5095 0.6914635416666666 0.0205462962962964 0.0063229166666666
0 0.5496111111111112 0.675875 0.015499999999999957 0.008286458333333257
0 0.5005833333333333 0.6813281250000001 0.019768518518518383 0.007848958333333479
0 0.4649259259259259 0.67565625 0.017444444444444526 0.012645833333333379
0 0.4176388888888889 0.6817604166666666 0.024416666666666722 0.006541666666666579
0 0.3947685185185185 0.6844895833333333 0.015120370370370355 0.011557291666666636
0 0.4029074074074074 0.671953125 0.03216666666666662 0.005234375000000036
0 0.3391481481481481 0.6660625 0.011629629629629552 0.012208333333333422
0 0.3352685185185185 0.6809999999999999 0.015500000000000035 0.005453124999999837
0 0.3852777777777777 0.7268958333333334 0.01085185185185193 0.012645833333333379
0 0.36841666666666667 0.7282031250000001 0.022092592592592553 0.008718749999999886
0 0.364537037037037 0.7382291666666667 0.025972222222222167 0.0056666666666666645
0 0.3424444444444444 0.7298385416666666 0.01046296296296292 0.011989583333333265
0 0.37636111111111115 0.7506562499999999 0.023259259259259264 0.0061041666666666215
0 0.2862407407407407 0.7152291666666667 0.012787037037037013 0.011557291666666636
0 0.24728703703703703 0.7314739583333333 0.018601851851851908 0.005234375000000036
0 0.23062037037037036 0.7335416666666668 0.013175925925925943 0.008937499999999866
0 0.2715092592592593 0.750765625 0.014342592592592575 0.008937499999999866
0 0.31240740740740736 0.7588333333333332 0.01705555555555552 0.0124270833333334
0 0.5093888888888889 0.2167708333333333 0.012972222222222267 0.009031250000000046
0 0.574111111111111 0.1387395833333333 0.011546296296296374 0.009526041666666662
0 0.5535277777777777 0.138203125 0.014240740740740894 0.008010416666666664
0 0.6018148148148148 0.14188020833333334 0.02386111111111104 0.006708333333333316
0 0.6435648148148148 0.14036458333333332 0.015777777777777797 0.01277083333333331
0 0.6083611111111111 0.17347916666666666 0.0169351851851851 0.006276041666666643
0 0.5883518518518518 0.179109375 0.01770370370370355 0.004979166666666623
0 0.5777685185185185 0.18549479166666666 0.009620370370370463 0.009088541666666705
0 0.6483796296296296 0.16698958333333333 0.011546296296296374 0.008442708333333337
0 0.737074074074074 0.14869791666666665 0.008083333333333245 0.011255208333333355
0 0.7316851851851851 0.16774479166666664 0.009620370370370463 0.006062499999999993
0 0.6957037037037037 0.17207291666666666 0.009231481481481453 0.006927083333333295
0 0.6352962962962962 0.15367708333333333 0.0076944444444443936 0.007359375000000013
0 0.6933981481481482 0.108546875 0.0169351851851851 0.004979166666666668
0 0.7297592592592592 0.12358854166666666 0.01654629629629609 0.005624999999999991
0 0.7368796296296296 0.10735937499999999 0.01847222222222216 0.006494791666666666
0 0.6930092592592593 0.10097395833333334 0.013083333333333435 0.0067083333333333274
0 0.333287037037037 0.22576562500000003 0.011453703703703707 0.007963541666666619
0 0.34002777777777776 0.23960416666666667 0.0181944444444444 0.012130208333333314
0 0.33521296296296293 0.25757291666666665 0.013296296296296282 0.005557291666666675
0 0.3156111111111111 0.25824479166666664 0.012268518518518493 0.004218749999999982
0 0.3863333333333333 0.25517708333333333 0.01875 0.006901041666666696
0 0.3861666666666666 0.27070833333333333 0.02386111111111104 0.005369791666666668
0 0.4311574074074073 0.2713802083333333 0.008861111111111104 0.00824479166666663
0 0.365037037037037 0.2848958333333333 0.012268518518518571 0.006135416666666682
0 0.38497222222222216 0.313171875 0.02283333333333325 0.005177083333333332
0 0.39263888888888887 0.3100104166666667 0.018407407407407404 0.005369791666666668
0 0.43507407407407406 0.3204583333333333 0.015333333333333282 0.009395833333333315
0 0.4553518518518518 0.3193072916666667 0.008861111111111104 0.00670833333333336
0 0.4648981481481481 0.31576041666666665 0.015675925925925878 0.004218749999999982
0 0.3529351851851852 0.34691666666666665 0.020111111111111135 0.003640624999999975
0 0.33282407407407405 0.33253645833333334 0.00920370370370378 0.009395833333333315
0 0.3631574074074074 0.3538177083333333 0.01670370370370367 0.00670833333333336
0 0.31169444444444444 0.35362499999999997 0.01056481481481476 0.00670833333333336
0 0.39997222222222223 0.40481249999999996 0.01125000000000003 0.010927083333333342
0 0.3684444444444444 0.39081770833333335 0.012268518518518571 0.00824479166666663
0 0.3055925925925926 0.37640104166666666 0.013222222222222198 0.008875000000000011
0 0.30312962962962964 0.38132812499999996 0.008379629629629588 0.0058125000000000425
0 0.31123148148148144 0.39688541666666666 0.012296296296296244 0.009588541666666695
0 0.3168148148148148 0.4194375 0.010055555555555568 0.010999999999999944
0 0.4412777777777777 0.4055260416666666 0.019833333333333297 0.006755208333333406
0 0.47326851851851853 0.40002604166666667 0.022907407407407415 0.007697916666666638
0 0.40467592592592594 0.3705625 0.02039814814814807 0.004401041666666661
0 0.40761111111111115 0.3749635416666666 0.02067592592592591 0.0037708333333333678
0 0.48290740740740734 0.3825052083333333 0.013129629629629689 0.010057291666666668
0 0.5136388888888889 0.3768489583333333 0.018722222222222248 0.007541666666666646
0 0.5066574074074074 0.40215104166666665 0.022629629629629732 0.0056562499999999625
0 0.5439537037037037 0.389890625 0.02067592592592591 0.005031250000000043
0 0.15563888888888888 0.30683333333333335 0.025592592592592566 0.009708333333333385
0 0.21307407407407405 0.2974583333333333 0.02142592592592594 0.00703125
0 0.543462962962963 0.2821197916666666 0.03150925925925918 0.007911458333333333
0 0.5732777777777778 0.2805364583333333 0.015750000000000045 0.009812499999999957
0 0.5940925925925926 0.3050625 0.02362962962962961 0.010125000000000028
0 0.5741203703703703 0.321203125 0.02194444444444454 0.008859375000000025
0 0.5535833333333333 0.32721354166666666 0.01349999999999988 0.011390624999999942
0 0.47088888888888886 0.3318020833333333 0.010129629629629575 0.00727604166666671
0 0.5901481481481481 0.38351562499999997 0.008768518518518596 0.012104166666666671
0 0.6138611111111112 0.3448489583333333 0.013944444444444395 0.005604166666666632
0 0.5096574074074073 0.369390625 0.01274999999999993 0.008515624999999982
0 0.6818055555555556 0.36871875000000004 0.019129629629629757 0.004932291666666711
0 0.6710462962962963 0.38485937499999995 0.01593518518518522 0.01076041666666674
0 0.6584907407407407 0.40077083333333335 0.02112037037037027 0.006276041666666643
0 0.6660648148148148 0.4071614583333333 0.016333333333333477 0.0038124999999999075
0 0.6732314814814815 0.41803124999999997 0.01235185185185183 0.0076197916666666645
0 0.6901666666666666 0.39875520833333333 0.01593518518518522 0.004932291666666666
0 0.6961481481481482 0.3865416666666667 0.01992592592592596 0.005156250000000018
0 0.7106944444444443 0.40839583333333335 0.015537037037037038 0.008515624999999893
0 0.7096944444444445 0.4275572916666667 0.010361111111111161 0.010536458333333342
0 0.7385833333333333 0.42576562500000004 0.012351851851851671 0.012328124999999978
0 0.764287037037037 0.4430260416666666 0.020722222222222322 0.005156250000000107
0 0.7684722222222221 0.42184375 0.02032407407407422 0.004932291666666621
0 0.7529351851851851 0.4249791666666667 0.008370370370370337 0.0076197916666666645
0 0.7927777777777777 0.39584374999999994 0.013944444444444395 0.009864583333333376
0 0.6568981481481482 0.2987864583333333 0.02112037037037027 0.006276041666666643
0 0.6790092592592593 0.29329687499999996 0.010361111111111161 0.01008854166666664
0 0.6088796296296296 0.216859375 0.014342592592592653 0.0060520833333333355
0 0.6507222222222222 0.24084374999999997 0.010361111111111161 0.00873958333333329
0 0.6790092592592593 0.2551927083333333 0.015138888888888858 0.005156250000000018
0 0.6973425925925926 0.2214583333333333 0.014342592592592653 0.004932291666666711
0 0.675425925925926 0.20161979166666666 0.00637962962962967 0.005156249999999996
0 0.5600648148148148 0.24846354166666665 0.010759259259259106 0.008291666666666675
0 0.7059074074074074 0.26516666666666666 0.01235185185185175 0.008963541666666686
0 0.7274259259259259 0.23445833333333335 0.013944444444444395 0.008067708333333368
0 0.7144814814814814 0.22840625 0.010361111111111161 0.0067239583333333465
0 0.7539259259259258 0.21069791666666665 0.027898148148148356 0.006276041666666643
0 0.7891944444444445 0.2059895833333333 0.009166666666666856 0.008067708333333368
0 0.7288240740740741 0.28040624999999997 0.020722222222222322 0.008067708333333368
0 0.7593055555555555 0.29744270833333336 0.01633333333333332 0.005380208333333325
0 0.7686759259259258 0.28040624999999997 0.011157407407407366 0.007619791666666753
0 0.7899907407407407 0.2196614583333333 0.011555555555555467 0.006276041666666643
0 0.8156944444444444 0.18066145833333333 0.011157407407407366 0.006723958333333302
0 0.72125 0.19455729166666666 0.014342592592592495 0.003588541666666645
0 0.7961666666666667 0.11173437499999998 0.007175925925926031 0.008291666666666675
0 0.8031388888888888 0.09582291666666666 0.014740740740740913 0.0069479166666666535
0 0.8718796296296296 0.12238541666666665 0.021518518518518527 0.008515625000000027
0 0.8987777777777777 0.14221875 0.014740740740740913 0.010088541666666683
0 0.8535462962962962 0.1896302083333333 0.007175925925926031 0.008963541666666686
0 0.9605370370370371 0.17505729166666667 0.018731481481481498 0.006276041666666643
0 0.9436018518518516 0.22044791666666663 0.010361111111111161 0.009640625000000024
0 0.860324074074074 0.20868229166666669 0.011157407407407366 0.008515624999999982
0 0.9210925925925925 0.19108333333333333 0.015537037037037116 0.006947916666666698
0 0.8963888888888889 0.15925520833333331 0.015537037037037116 0.008291666666666631
0 0.8139629629629629 0.306046875 0.01772222222222221 0.007541666666666646
0 0.8182777777777778 0.28597395833333333 0.010055555555555568 0.00727604166666671
0 0.8234999999999999 0.2884427083333333 0.010925925925925778 0.009427083333333286
0 0.8782777777777776 0.2963645833333333 0.013064814814814616 0.006473958333333396
0 0.9185648148148147 0.3081770833333334 0.010268518518518337 0.008052083333333382
0 0.7916296296296297 0.32716666666666666 0.00715740740740753 0.008223958333333314
0 0.9240092592592593 0.340640625 0.016796296296296493 0.0040260416666666465
0 0.9887222222222221 0.3234010416666666 0.011824074074074058 0.007000000000000029
0 0.9333425925925926 0.29890104166666664 0.010574074074074246 0.006302083333333286
0 0.9632037037037037 0.3006510416666667 0.012444444444444496 0.005947916666666675
0 0.9949444444444443 0.28560416666666666 0.007462962962962807 0.007348958333333311
0 0.9733148148148147 0.364703125 0.01212962962962965 0.008052083333333382
0 0.9871666666666666 0.34379166666666666 0.011824074074074058 0.0061250000000000245
0 0.895074074074074 0.2821874999999999 0.006222222222222248 0.0040260416666666465
0 0.8998981481481481 0.28560416666666666 0.010268518518518337 0.007697916666666682
0 0.985972222222222 0.2496458333333333 0.01416666666666673 0.01339062499999999
0 0.8745925925925925 0.24390625 0.00906481481481478 0.008927083333333297
0 0.8828055555555554 0.23131249999999998 0.009638888888888964 0.0066979166666667036
0 0.8612685185185184 0.23354166666666662 0.013037037037036864 0.004781250000000003
0 0.9278703703703702 0.3810052083333333 0.014740740740740913 0.012114583333333328
0 0.9876666666666667 0.38626562499999995 0.017574074074074197 0.007968749999999946
0 0.9573425925925926 0.4057135416666666 0.019268518518518362 0.007333333333333236
0 0.9491296296296294 0.4143229166666666 0.010768518518518514 0.004781250000000093
0 0.8675462962962963 0.43046354166666667 0.011333333333333447 0.005098958333333315
0 0.8984629629629629 0.435671875 0.00906481481481478 0.0044843750000000075
0 0.8849907407407407 0.42848437500000003 0.009620370370370463 0.004328124999999972
0 0.892 0.41364062500000004 0.0076944444444443936 0.006802083333333364
0 0.8792222222222221 0.40923958333333327 0.012370370370370172 0.006958333333333222
0 0.8458333333333333 0.3828802083333333 0.01593518518518522 0.00834895833333329
0 0.8520185185185184 0.36920312499999997 0.00906481481481478 0.004791666666666661
0 0.8544907407407407 0.3729895833333333 0.007416666666666553 0.005562500000000003
0 0.8776574074074074 0.46678125000000004 0.009268518518518615 0.005927083333333449
0 0.9157870370370369 0.4703333333333333 0.012222222222222159 0.004979166666666579
0 0.953074074074074 0.4696249999999999 0.010953703703703532 0.006401041666666707
0 0.9562314814814815 0.45895833333333336 0.009694444444444153 0.0068749999999999645
0 0.98025 0.4447395833333333 0.018120370370370627 0.008296875000000092
0 0.9876203703703704 0.45765625 0.010953703703703532 0.008057291666666622
0 0.8211944444444444 0.45279687499999993 0.010953703703703532 0.010666666666666736
0 0.8264629629629628 0.4358489583333333 0.013907407407407391 0.009953125000000007
0 0.8456296296296295 0.43217708333333327 0.007583333333333384 0.008296875000000092
0 0.8119259259259258 0.47531249999999997 0.012638888888889078 0.007822916666666657
0 0.8230925925925926 0.4916666666666666 0.015592592592592621 0.006401041666666707
0 0.851111111111111 0.51690625 0.011796296296296305 0.008057291666666622
0 0.8622777777777777 0.5061249999999999 0.012222222222222159 0.007348958333333222
0 0.8877685185185185 0.5022135416666667 0.014324074074073994 0.006635416666666671
0 0.9141018518518518 0.5096770833333333 0.018962962962963084 0.005927083333333449
0 0.9368518518518518 0.5158385416666667 0.013064814814814616 0.009718750000000043
0 0.930111111111111 0.5012656249999999 0.013064814814814616 0.00947916666666675
0 0.9056759259259258 0.4994843749999999 0.011379629629629701 0.004979166666666579
0 0.9884629629629629 0.5287552083333333 0.012638888888889078 0.006635416666666671
0 0.9884629629629629 0.5512708333333334 0.010111111111111072 0.007109375000000107
0 0.952861111111111 0.5645416666666667 0.014749999999999848 0.004739583333333286
0 0.948435185185185 0.5557760416666666 0.011796296296296305 0.009005208333333315
0 0.8565833333333334 0.5423854166666666 0.010111111111111072 0.007822916666666657
0 0.8129814814814813 0.5358645833333332 0.010537037037037244 0.006635416666666671
0 0.8235092592592592 0.5466510416666666 0.008851851851851696 0.0073489583333334
0 0.9168333333333332 0.5987916666666667 0.03707407407407415 0.010666666666666736
0 0.9787777777777776 0.6002135416666666 0.030333333333333535 0.014932291666666764
0 0.9048333333333334 0.6075625 0.03497222222222231 0.00877083333333335
0 0.8690185185185184 0.6094583333333333 0.032444444444444304 0.012562499999999944
0 0.8603796296296297 0.6196458333333333 0.02359259259259261 0.011140624999999993
0 0.9242129629629628 0.6344583333333333 0.020648148148148002 0.009479166666666572
0 0.9360092592592592 0.623203125 0.01980555555555554 0.0068749999999999645
0 0.7839074074074074 0.576984375 0.009694444444444469 0.010192708333333477
0 0.8801851851851852 0.5724843749999999 0.015166666666666767 0.008296874999999915
0 0.7917037037037037 0.5464114583333333 0.018537037037036914 0.008296874999999915
0 0.757361111111111 0.547125 0.014750000000000164 0.007822916666666657
0 0.7497777777777777 0.5530468749999999 0.014750000000000164 0.005453124999999837
0 0.7318703703703703 0.5504427083333333 0.018537037037036914 0.008296874999999915
0 0.7348148148148147 0.5571979166666666 0.011796296296296305 0.005213541666666721
0 0.8003333333333333 0.5703489583333333 0.01643518518518508 0.004505208333333321
0 0.7419814814814815 0.5810156249999999 0.007583333333333384 0.006401041666666707
0 0.728712962962963 0.5784114583333333 0.013064814814814616 0.0073489583333334
0 0.7306018518518518 0.6010416666666666 0.013481481481481537 0.005687499999999979
0 0.817824074074074 0.5666770833333332 0.008425925925925842 0.007109375000000107
0 0.8296203703703703 0.65934375 0.012638888888889078 0.006635416666666494
0 0.34774074074074074 0.42427083333333326 0.011000000000000022 0.008796874999999992
0 0.3465833333333333 0.4449583333333333 0.015638888888888876 0.006515624999999936
0 0.32139814814814816 0.4542395833333333 0.009268518518518537 0.0055364583333334496
0 0.3153981481481481 0.45772395833333335 0.0079074074074074 0.0039531249999999575
0 0.35432407407407407 0.4727083333333333 0.009657407407407347 0.005270833333333336
0 0.28905555555555557 0.47205208333333337 0.014342592592592575 0.010208333333333286
0 0.2726574074074074 0.47748437499999996 0.011416666666666705 0.005598958333333392
0 0.2782222222222222 0.48497395833333334 0.013175925925925943 0.004447916666666707
0 0.39911111111111114 0.48135416666666664 0.015509259259259207 0.006093749999999965
0 0.40452777777777776 0.47740104166666664 0.011712962962962889 0.0024687500000000638
0 0.4172592592592592 0.48579687499999996 0.014342592592592653 0.0031302083333333286
0 0.41462037037037036 0.47871874999999997 0.01492592592592593 0.0037864583333332646
0 0.39223148148148146 0.506546875 0.011120370370370362 0.007411458333333343
0 0.3658888888888889 0.49954687499999995 0.012296296296296324 0.005270833333333336
0 0.3396944444444444 0.4993802083333333 0.01610185185185181 0.0032916666666666927
0 0.2564166666666667 0.4987239583333333 0.00995370370370373 0.007572916666666707
0 0.26841666666666664 0.5107447916666666 0.012296296296296244 0.005598958333333392
0 0.23534259259259258 0.516421875 0.012296296296296324 0.007078124999999958
0 0.3300277777777778 0.5313229166666666 0.0178518518518518 0.004937499999999951
0 0.37935185185185183 0.5169166666666667 0.009370370370370374 0.007411458333333343
0 0.4008703703703704 0.5342864583333332 0.01375925925925922 0.0039531249999999575
0 0.4124259259259259 0.51790625 0.006435185185185175 0.005104166666666643
0 0.5182870370370369 0.436359375 0.011962962962962977 0.006098958333333293
0 0.5513888888888889 0.4235312499999999 0.012342592592592579 0.005260416666666679
0 0.6284166666666667 0.4473020833333333 0.015333333333333282 0.006942708333333237
0 0.6177592592592592 0.46539062499999995 0.01645370370370374 0.005260416666666679
0 0.6964814814814815 0.48221875000000003 0.017574074074074037 0.005260416666666679
0 0.6536574074074074 0.45686979166666664 0.014212962962962827 0.004625000000000057
0 0.751824074074074 0.5043020833333334 0.007101851851852025 0.006942708333333237
0 0.7501388888888888 0.5156614583333333 0.008222222222222323 0.006942708333333237
0 0.6336574074074074 0.53659375 0.009351851851851715 0.004208333333333236
0 0.6254259259259259 0.5299635416666666 0.01084259259259268 0.009463541666666764
0 0.6007499999999999 0.5289114583333333 0.01009259259259273 0.008624999999999971
0 0.6097222222222223 0.5423749999999999 0.01608333333333323 0.004416666666666735
0 0.5712037037037037 0.5318593749999999 0.0220648148148148 0.005677083333333321
0 0.5856018518518519 0.5260729166666666 0.010472222222222171 0.007994791666666678
0 0.5599907407407406 0.53921875 0.01682407407407409 0.004838541666666707
0 0.5023981481481482 0.5320677083333334 0.013092592592592685 0.002734375
0 0.501462962962963 0.5382760416666666 0.020944444444444342 0.0029427083333333215
0 0.46481481481481474 0.523234375 0.01645370370370374 0.010307291666666708
0 0.5764444444444444 0.500203125 0.01832407407407399 0.0037864583333332646
0 0.6901203703703703 0.6199947916666667 0.01682407407407409 0.005677083333333321
0 0.9821481481481481 0.6535989583333334 0.012990740740740926 0.00795312500000005
0 0.8959722222222221 0.6555312499999999 0.01719444444444428 0.007093749999999943
0 0.9059074074074074 0.6642395833333332 0.011842592592592559 0.0055885416666667355
0 0.9278796296296296 0.6775677083333334 0.013759259259259062 0.0055885416666667355
0 0.97775 0.68928125 0.011083333333333042 0.006661458333333314
0 0.974888888888889 0.700890625 0.012990740740740926 0.006234374999999836
0 0.9588333333333332 0.7120677083333333 0.01146296296296296 0.0053750000000000854
0 0.822787037037037 0.6845520833333333 0.013759259259259062 0.006234374999999836
0 0.8373055555555554 0.69928125 0.01299074074074061 0.0055885416666667355
0 0.8382685185185185 0.7123906249999999 0.014138888888888977 0.0034374999999998933
0 0.8350185185185186 0.7250729166666667 0.01299074074074061 0.012468750000000028
0 0.8736111111111111 0.7394791666666667 0.016814814814814998 0.0051614583333332575
0 0.9110648148148148 0.7415208333333333 0.025990740740740786 0.008385416666666678
0 0.9597962962962963 0.74453125 0.02484259259259242 0.004942708333333279
0 0.9127870370370369 0.7528072916666667 0.019490740740740697 0.006447916666666664
0 0.9508148148148149 0.7506562499999999 0.02292592592592592 0.0055885416666667355
0 0.8428518518518517 0.7526979166666667 0.013379629629629778 0.009244791666666608
0 0.8459074074074073 0.7590364583333333 0.027129629629629587 0.0077395833333333995
0 0.9231018518518519 0.7750520833333333 0.021018518518518665 0.007526041666666572
0 0.9664814814814814 0.7865520833333333 0.029805555555555606 0.012895833333333506
0 0.8189629629629629 0.789671875 0.01604629629629623 0.007093749999999943
0 0.796611111111111 0.7865520833333333 0.022546296296296318 0.007307291666666771
0 0.7511296296296296 0.7784947916666667 0.025601851851851935 0.010531249999999836
0 0.7230462962962961 0.8230989583333332 0.02292592592592592 0.0051614583333332575
0 0.7142592592592593 0.83040625 0.01604629629629623 0.007307291666666771
0 0.7803703703703703 0.8238489583333333 0.0198703703703703 0.004515625000000157
0 0.8315740740740741 0.818796875 0.01604629629629623 0.009026041666666628
0 0.8778148148148148 0.8209479166666667 0.025990740740740786 0.006880208333333471
0 0.8818333333333332 0.8133177083333333 0.014907407407407428 0.007953124999999872
0 0.9023148148148148 0.616671875 0.01586111111111121 0.008322916666666735
0 0.8317407407407406 0.6474479166666666 0.013212962962962945 0.010999999999999944
0 0.8280462962962962 0.6294583333333332 0.01426851851851849 0.010109374999999865
0 0.7992314814814814 0.6413489583333334 0.022203703703703722 0.004161458333333279
0 0.7656666666666666 0.6190520833333333 0.021675925925926105 0.006541666666666579
0 0.7503425925925926 0.684015625 0.022731481481481335 0.005651041666666678
0 0.7416203703703704 0.6568124999999999 0.016916666666666753 0.007135416666666572
0 0.6702592592592592 0.65309375 0.02114814814814802 0.005651041666666678
0 0.7617037037037037 0.702453125 0.01902777777777784 0.00802604166666665
0 0.8066388888888889 0.7199947916666667 0.02642592592592589 0.00802604166666665
0 0.6097314814814815 0.6432812499999999 0.014268518518518647 0.01040624999999995
0 0.6155462962962962 0.661125 0.016388888888888984 0.007432291666666657
0 0.5957222222222222 0.6575572916666667 0.01586111111111121 0.006244791666666494
0 0.5806574074074073 0.6904114583333333 0.013212962962962945 0.006541666666666579
0 0.61925 0.6890729166666667 0.01744444444444437 0.006244791666666494
0 0.6340462962962963 0.6973958333333333 0.02167592592592595 0.008624999999999971
0 0.6995925925925925 0.7153854166666667 0.019555555555555455 0.007135416666666572
0 0.5840925925925926 0.6404583333333334 0.022203703703703722 0.008921875000000056
0 0.6113240740740741 0.5786145833333334 0.013212962962962945 0.008322916666666735
0 0.6388055555555555 0.5729635416666665 0.011101851851851861 0.010109374999999865
0 0.5320277777777778 0.5689479166666667 0.014268518518518647 0.006838541666666665
0 0.4968796296296296 0.5625572916666666 0.01479629629629626 0.004161458333333279
0 0.5690277777777777 0.58203125 0.014268518518518647 0.006838541666666665
0 0.4910648148148148 0.5876822916666666 0.011629629629629632 0.006838541666666665
0 0.5325555555555554 0.5876822916666666 0.019555555555555455 0.00802604166666665
0 0.5423425925925927 0.60165625 0.012685185185185174 0.00802604166666665
0 0.4931759259259259 0.6064114583333333 0.01902777777777768 0.005651041666666678
0 0.49449999999999994 0.6101302083333333 0.014268518518518647 0.007729166666666743
0 0.47018518518518515 0.6299010416666666 0.010046296296296317 0.00802604166666665
0 0.4123055555555556 0.6349583333333333 0.022203703703703722 0.005651041666666678
0 0.41072222222222216 0.6432812499999999 0.012685185185185174 0.0038645833333333713
0 0.38112037037037033 0.6345104166666666 0.012685185185185174 0.00951562500000005
0 0.36869444444444444 0.617265625 0.013212962962962945 0.005947916666666764
0 0.42710185185185184 0.57653125 0.022203703703703722 0.005947916666666764
0 0.382962962962963 0.5607708333333333 0.01426851851851849 0.011296875000000029
0 0.3797962962962963 0.5705833333333332 0.01955555555555561 0.007729166666666743
0 0.36024074074074075 0.5763854166666667 0.00687037037037028 0.012192708333333257
0 0.3208611111111111 0.575046875 0.011629629629629552 0.003567708333333286
0 0.3343333333333333 0.579953125 0.012157407407407403 0.003270833333333378
0 0.3163611111111111 0.6047760416666667 0.01426851851851849 0.007135416666666572
0 0.3179537037037037 0.5913958333333333 0.013212962962962945 0.007135416666666572
0 0.3047314814814815 0.5832239583333333 0.010046296296296317 0.005651041666666678
0 0.28835185185185186 0.5809895833333333 0.016388888888888904 0.006541666666666579
0 0.2954814814814815 0.6070104166666667 0.01902777777777776 0.005052083333333179
0 0.29337037037037034 0.595265625 0.015861111111111135 0.004161458333333279
0 0.24050925925925926 0.5882760416666667 0.021148148148148176 0.006838541666666665
0 0.23522222222222225 0.5771249999999999 0.015861111111111135 0.007135416666666572
0 0.2568981481481481 0.5777187500000001 0.012685185185185254 0.007135416666666572
0 0.27196296296296296 0.581140625 0.008981481481481524 0.005651041666666678
0 0.28121296296296294 0.5497708333333333 0.020083333333333384 0.007135416666666572
0 0.20060185185185186 0.5407031250000001 0.017444444444444446 0.006838541666666665
0 0.2230648148148148 0.5598802083333333 0.022203703703703722 0.005354166666666771
0 0.22148148148148145 0.5546770833333333 0.01902777777777776 0.005052083333333179