0 0.3098055555555555 0.228703125 0.019462962962962946 0.006192708333333297
0 0.3095462962962963 0.23390624999999998 0.014814814814814841 0.0040520833333332895
0 0.3134537037037037 0.2401770833333333 0.00803703703703699 0.006989583333333283
0 0.35105555555555557 0.22370312499999997 0.011574074074074087 0.005901041666666718
0 0.37546296296296294 0.2205520833333333 0.013490740740740787 0.005401041666666639
0 0.3613796296296296 0.23191666666666663 0.005675925925925974 0.006401041666666618
0 0.3773425925925925 0.23142187499999997 0.012972222222222267 0.005239583333333275
0 0.3964351851851851 0.23478125 0.009583333333333301 0.004828124999999961
0 0.40502777777777776 0.2509583333333333 0.007740740740740806 0.004338541666666718
0 0.3738333333333333 0.26203645833333333 0.011722222222222141 0.004343750000000046
0 0.3736851851851851 0.27223437500000003 0.008185185185185162 0.005421875000000043
0 0.38382407407407404 0.29154166666666664 0.007074074074074114 0.006536458333333339
0 0.37965740740740733 0.31080729166666665 0.008333333333333333 0.004588541666666668
0 0.3605277777777778 0.3145364583333333 0.01680555555555555 0.004427083333333304
0 0.3029814814814815 0.29417187499999997 0.008777777777777768 0.005828125000000029
0 0.25399074074074074 0.31905729166666663 0.00855555555555559 0.005999999999999961
0 0.20596296296296296 0.32901041666666664 0.00523148148148146 0.0037604166666667105
0 0.17123148148148148 0.32088020833333336 0.013787037037037032 0.004421874999999975
0 0.17277777777777775 0.3232031249999999 0.009657407407407427 0.0028802083333332893
0 0.14078703703703704 0.321109375 0.00995370370370369 0.004130208333333396
0 0.13897222222222222 0.33533333333333337 0.01032407407407404 0.003718750000000082
0 0.15519444444444447 0.340375 0.016222222222222193 0.004093749999999919
0 0.1598796296296296 0.3455364583333333 0.006999999999999989 0.003828124999999982
0 0.17775925925925923 0.34972916666666665 0.006490740740740739 0.005385416666666654
0 0.19887962962962963 0.35795833333333327 0.00523148148148146 0.0064166666666666036
0 0.1367685185185185 0.3485 0.005898148148148152 0.004921875000000053
0 0.12493518518518519 0.343171875 0.018944444444444427 0.0029635416666667245
0 0.11037037037037037 0.3462604166666667 0.007074074074074075 0.003921874999999986
0 0.12091666666666667 0.35084375 0.015777777777777797 0.0033854166666666963
0 0.1029259259259259 0.3520260416666666 0.006342592592592587 0.0035104166666666712
0 0.10177777777777777 0.35758333333333325 0.006268518518518541 0.004921875000000053
0 0.11077777777777777 0.35722916666666665 0.01555555555555554 0.0018125000000000391
0 0.13241666666666665 0.3642187499999999 0.010472222222222211 0.0042604166666667
0 0.14819444444444446 0.36600520833333333 0.004870370370370362 0.004843749999999947
0 0.14192592592592593 0.37307291666666664 0.008259259259259287 0.004302083333333329
0 0.15718518518518515 0.38717708333333334 0.006925925925925943 0.0036354166666666466
0 0.13230555555555554 0.38732291666666663 0.008333333333333333 0.005005208333333311
0 0.16278703703703704 0.3963177083333333 0.008407407407407379 0.0030156250000000105
0 0.19692592592592592 0.39522395833333335 0.005009259259259283 0.007536458333333318
0 0.20518518518518516 0.4007604166666667 0.00472222222222227 0.006421874999999977
0 0.20496296296296296 0.4112083333333333 0.004277777777777755 0.004927083333333293
0 0.19003703703703703 0.4100052083333333 0.006712962962962936 0.010484375000000056
0 0.12525925925925926 0.40913541666666664 0.0061944444444444555 0.003677083333333364
0 0.1123611111111111 0.41809375 0.010175925925925948 0.0037604166666666216
0 0.09989814814814814 0.4157708333333333 0.008259259259259247 0.0035937500000001064
0 0.09282407407407407 0.42713541666666666 0.008259259259259247 0.004677083333333343
0 0.08906481481481482 0.4436406249999999 0.005157407407407404 0.007083333333333286
0 0.08257407407407408 0.44277083333333334 0.005453703703703698 0.0048437500000000355
0 0.08021296296296296 0.439078125 0.006925925925925923 0.002432291666666764
0 0.09584259259259259 0.45518749999999997 0.008111111111111116 0.0040468750000000496
0 0.10701851851851851 0.469890625 0.009657407407407427 0.004093750000000007
0 0.21108333333333332 0.43020312499999996 0.006342592592592587 0.006578125000000057
0 0.24160185185185185 0.41136979166666665 0.0054537037037037175 0.006489583333333293
0 0.25266666666666665 0.40108333333333335 0.0032407407407407146 0.0058229166666667
0 0.2829259259259259 0.42206770833333335 0.009212962962963032 0.0037499999999999643
0 0.2504537037037037 0.48054687499999993 0.006342592592592587 0.008484374999999923
0 0.17469444444444443 0.4608072916666666 0.0058240740740741065 0.0039270833333333146
0 0.0755 0.48814062499999994 0.008259259259259247 0.007328124999999908
0 0.08331481481481481 0.4841145833333333 0.00472222222222221 0.0039270833333333146
0 0.12887962962962962 0.4903385416666667 0.005601851851851849 0.005421875000000043
0 0.09982407407407408 0.49518749999999995 0.010620370370370382 0.003348958333333307
0 0.10605555555555556 0.5081927083333333 0.013490740740740748 0.0033072916666666784
0 0.07814814814814815 0.5086666666666666 0.00855555555555557 0.006494791666666622
0 0.07981481481481481 0.5139739583333334 0.012462962962962978 0.0030468749999998934
0 0.08212962962962964 0.529109375 0.007370370370370378 0.0063593750000000785
0 0.11133333333333333 0.52853125 0.00855555555555555 0.0049218749999999645
0 0.0791111111111111 0.54259375 0.006046296296296304 0.009901041666666721
0 0.08910185185185185 0.5485625 0.014814814814814812 0.004036458333333393
0 0.10962962962962963 0.5509479166666666 0.007370370370370378 0.0033854166666666074
0 0.1276574074074074 0.551546875 0.004500000000000013 0.004416666666666735
0 0.20853703703703702 0.5499479166666668 0.0065648148148147656 0.009932291666666693
0 0.19950925925925922 0.54528125 0.004870370370370362 0.0063229166666666
0 0.2151759259259259 0.5351979166666666 0.003907407407407406 0.008557291666666699
0 0.2214074074074074 0.538890625 0.004425925925925927 0.0059843749999998865
0 0.09621296296296296 0.5709375 0.00663888888888889 0.008364583333333364
0 0.09403703703703703 0.5813697916666667 0.00803703703703703 0.0056666666666666645
0 0.12025 0.5936822916666665 0.008703703703703682 0.002843750000000078
0 0.13779629629629628 0.595796875 0.005305555555555586 0.002843750000000078
0 0.1819259259259259 0.5965208333333333 0.004648148148148105 0.0050416666666665225
0 0.09625 0.6075989583333332 0.008777777777777768 0.0036354166666667355
0 0.11310185185185186 0.6063541666666666 0.008990740740740735 0.00330208333333335
0 0.10149074074074073 0.6134687499999999 0.009212962962962952 0.0045104166666666504
0 0.1168611111111111 0.613671875 0.01032407407407408 0.0037656249999999504
0 0.13624999999999998 0.6086979166666666 0.013712962962962965 0.006911458333333264
0 0.1076388888888889 0.6235052083333333 0.007222222222222246 0.0069947916666665225
0 0.12688888888888886 0.6331249999999999 0.010027777777777776 0.005505208333333478
0 0.13550925925925925 0.6341406249999999 0.011648148148148133 0.006979166666666714
0 0.15755555555555556 0.6230052083333334 0.00855555555555555 0.004010416666666572
0 0.17716666666666667 0.6247864583333332 0.013268518518518511 0.0035937500000001064
0 0.21214814814814814 0.6328385416666666 0.01776851851851854 0.005260416666666679
0 0.22077777777777774 0.611265625 0.006712962962962936 0.009151041666666693
0 0.23062037037037036 0.5872916666666665 0.006490740740740759 0.006239583333333343
0 0.26357407407407407 0.6018125 0.008990740740740775 0.0037604166666666216
0 0.22796296296296295 0.564234375 0.007962962962962984 0.004989583333333237
0 0.11617592592592592 0.6515989583333333 0.013861111111111137 0.008218750000000163
0 0.13795370370370372 0.6568177083333333 0.014981481481481474 0.004635416666666714
0 0.15888888888888889 0.6713385416666666 0.01428703703703703 0.006885416666666621
0 0.18357407407407406 0.6650520833333333 0.010009259259259235 0.005109374999999972
0 0.19082407407407406 0.6755885416666667 0.012046296296296314 0.006567708333333399
0 0.22366666666666665 0.6636875 0.015407407407407368 0.003562500000000135
0 0.24088888888888887 0.6595312499999999 0.005324074074074048 0.0063593750000000785
0 0.21344444444444446 0.6867760416666666 0.006305555555555584 0.006010416666666707
0 0.19438888888888886 0.688703125 0.004342592592592591 0.0025416666666666643
0 0.17730555555555555 0.7037552083333333 0.004620370370370372 0.0075937500000000215
0 0.16075 0.6947135416666665 0.0063703703703703795 0.006760416666666736
0 0.17002777777777775 0.7022552083333332 0.004342592592592591 0.0055416666666666
0 0.19263888888888886 0.7273854166666667 0.010500000000000002 0.0027083333333331795
0 0.23504629629629628 0.732234375 0.010009259259259235 0.0040468750000000496
0 0.26301851851851854 0.72665625 0.006722222222222188 0.005895833333333478
0 0.2617962962962963 0.7330416666666666 0.00637037037037034 0.003062500000000057
0 0.2813703703703703 0.7217135416666667 0.012324074074073998 0.006010416666666707
0 0.27846296296296297 0.7489583333333333 0.010296296296296328 0.0047239583333334775
0 0.30745370370370373 0.7371770833333333 0.008611111111111095 0.004479166666666678
0 0.3096574074074074 0.7304166666666667 0.015129629629629686 0.004276041666666686
0 0.328212962962963 0.74734375 0.009379629629629625 0.010786458333333294
0 0.3340648148148148 0.7223385416666667 0.00637037037037034 0.004348958333333286
0 0.3559814814814814 0.743875 0.0069351851851851935 0.00802083333333332
0 0.2912037037037037 0.7635104166666666 0.009314814814814791 0.007119791666666764
0 0.3086759259259259 0.7669010416666666 0.01694444444444443 0.0036562500000000497
0 0.3448425925925926 0.7697552083333333 0.011129629629629613 0.004875000000000007
0 0.35356481481481483 0.76165625 0.01134259259259258 0.004041666666666721
0 0.3884351851851851 0.77390625 0.005046296296296286 0.00372916666666665
0 0.39326851851851846 0.7691770833333333 0.006305555555555505 0.0032552083333333925
0 0.36630555555555555 0.74225 0.005324074074074127 0.005171874999999914
0 0.3879444444444444 0.7415416666666667 0.007425925925925962 0.007062499999999972
0 0.4171111111111111 0.76271875 0.012398148148148084 0.0056927083333333075
0 0.4247129629629629 0.7560364583333332 0.01288888888888885 0.004385416666666764
0 0.43220370370370365 0.7795572916666667 0.006861111111111029 0.0038385416666665505
0 0.438787037037037 0.7858229166666666 0.011620370370370382 0.004395833333333421
0 0.4432314814814815 0.7764635416666665 0.009175925925925948 0.003406249999999922
0 0.4518796296296296 0.7836354166666666 0.008407407407407499 0.005458333333333343
0 0.46784259259259253 0.774609375 0.009101851851851942 0.007583333333333364
0 0.38653703703703696 0.7215677083333334 0.018175925925925974 0.004244791666666714
0 0.33925 0.685125 0.008472222222222174 0.010244791666666763
0 0.29612037037037037 0.6938541666666667 0.006694444444444435 0.009250000000000114
0 0.4141203703703703 0.69690625 0.011962962962962977 0.0033645833333332932
0 0.44962037037037034 0.7064427083333332 0.015990740740740726 0.004213541666666742
0 0.5214166666666666 0.7131145833333333 0.01824999999999998 0.004255208333333371
0 0.5763888888888888 0.7180364583333334 0.003824074074074228 0.0068749999999999645
0 0.6075925925925927 0.7037552083333333 0.014694444444444343 0.006208333333333371
0 0.4820833333333333 0.7347447916666667 0.008638888888888769 0.0035312500000001636
0 0.49608333333333327 0.7548645833333333 0.01264814814814817 0.003348958333333307
0 0.5074537037037037 0.749734375 0.0036851851851851494 0.006046875000000007
0 0.5110092592592592 0.7601354166666667 0.006481481481481429 0.0036250000000000782
0 0.5190925925925925 0.7573854166666667 0.0032777777777777965 0.0034947916666666855
0 0.5157685185185185 0.75346875 0.00944444444444454 0.005421874999999865
0 0.5322962962962963 0.7613958333333334 0.004879629629629613 0.007760416666666714
0 0.5478611111111111 0.75096875 0.007685185185185143 0.0033854166666666074
0 0.5491851851851851 0.7674479166666666 0.015129629629629606 0.0050156250000000565
0 0.5433055555555555 0.7739999999999999 0.008638888888888769 0.003807291666666579
0 0.5358611111111111 0.7810677083333333 0.019685185185185125 0.005520833333333286
0 0.5898333333333332 0.7811145833333333 0.015444444444444452 0.003807291666666579
0 0.5738333333333333 0.7651302083333332 0.009685185185185219 0.0060520833333333355
0 0.5826759259259259 0.763234375 0.008638888888888769 0.0069166666666667705
0 0.612324074074074 0.7787708333333333 0.013685185185185213 0.004973958333333428
0 0.6355925925925926 0.7726041666666668 0.015787037037037047 0.008114583333333236
0 0.6150462962962963 0.7547499999999999 0.012888888888889009 0.004557291666666607
0 0.6844074074074074 0.7600260416666667 0.01777777777777787 0.004703125000000164
0 0.6496666666666666 0.755625 0.011074074074074108 0.008015624999999993
0 0.6481759259259259 0.7463958333333333 0.007768518518518558 0.005557291666666764
0 0.6199074074074074 0.7462135416666666 0.014324074074074152 0.007067708333333478
0 0.6896851851851852 0.7450833333333333 0.01097222222222219 0.009442708333333449
0 0.7237129629629628 0.7346406249999999 0.008324074074074083 0.011354166666666821
0 0.6544722222222222 0.7424583333333332 0.007870370370370318 0.006760416666666736
0 0.6827777777777777 0.7301875 0.015231481481481523 0.0054114583333332075
0 0.6483518518518518 0.7306562499999999 0.009342592592592465 0.0040729166666666925
0 0.6623888888888888 0.72434375 0.015796296296296298 0.004812499999999886
0 0.6569351851851852 0.718859375 0.0070092592592592 0.0054947916666668204
0 0.6699074074074074 0.7036927083333333 0.016805555555555587 0.0037864583333332646
0 0.7527314814814815 0.73990625 0.006444444444444583 0.0055416666666666
0 0.7759722222222222 0.744953125 0.006879629629629689 0.008583333333333342
0 0.8040648148148147 0.7310625 0.012953703703703606 0.004296875
0 0.7744074074074073 0.7280260416666666 0.006324074074074006 0.008098958333333428
0 0.7895462962962964 0.7103229166666666 0.008962962962963021 0.008338541666666721
0 0.8065555555555556 0.7090989583333334 0.01276851851851859 0.005265625000000007
0 0.8274907407407407 0.7179427083333334 0.009453703703703633 0.006890624999999951
0 0.832861111111111 0.7178541666666666 0.01406481481481497 0.005749999999999922
0 0.8635555555555555 0.6707291666666666 0.012648148148148328 0.006156250000000085
0 0.784824074074074 0.6589062499999999 0.015888888888888966 0.00838020833333335
0 0.8942685185185184 0.6734322916666666 0.014222222222222235 0.004286458333333343
0 0.90775 0.6576093749999999 0.01607407407407398 0.006197916666666714
0 0.8639259259259259 0.654359375 0.0106203703703705 0.007078125000000135
0 0.8816111111111111 0.6486458333333334 0.01514814814814795 0.006453124999999993
0 0.917861111111111 0.6384635416666666 0.012101851851851898 0.007911458333333421
0 0.9064537037037037 0.6227031249999999 0.008685185185185181 0.007869791666666792
0 0.9174444444444444 0.629921875 0.013666666666666553 0.005119791666666628
0 0.8914074074074073 0.6204166666666666 0.006277777777777753 0.004541666666666622
0 0.9093240740740741 0.6182552083333333 0.016620370370370414 0.0038281249999998932
0 0.9375833333333332 0.6178177083333333 0.007759259259259466 0.0068229166666666785
0 0.9364722222222223 0.59353125 0.005537037037037054 0.008124999999999893
0 0.7784074074074073 0.6091197916666666 0.0180092592592593 0.0056406250000000215
0 0.7591018518518517 0.6025729166666667 0.011546296296296216 0.009999999999999964
0 0.7198518518518517 0.6225781249999999 0.016157407407407554 0.005749999999999922
0 0.5793055555555555 0.6724947916666666 0.017287037037037104 0.009078124999999914
0 0.5599074074074074 0.671359375 0.009592592592592552 0.009749999999999837
0 0.2694074074074074 0.6588229166666666 0.010222222222222162 0.010682291666666722
0 0.26825 0.6323593750000001 0.004898148148148114 0.004328124999999972
0 0.39770370370370367 0.6168437499999999 0.009416666666666629 0.012906250000000164
0 0.34800925925925924 0.6082291666666666 0.009314814814814791 0.01072395833333335
0 0.43639814814814815 0.6172604166666666 0.015259259259259276 0.005822916666666522
0 0.4338888888888889 0.6658020833333332 0.009388888888888875 0.005744791666666771
0 0.4834814814814814 0.5881770833333333 0.007287037037036884 0.009718749999999865
0 0.4392407407407407 0.5687552083333334 0.0220648148148148 0.006630208333333343
0 0.626537037037037 0.5770104166666666 0.010185185185185238 0.0061041666666666215
0 0.591824074074074 0.5727395833333333 0.012055555555555486 0.01019791666666663
0 0.6169259259259259 0.5623333333333334 0.016527777777777745 0.006807291666666692
0 0.7197777777777777 0.5460156249999999 0.011435185185185206 0.006442708333333336
0 0.8094722222222221 0.5556927083333333 0.02182407407407412 0.0048697916666666785
0 0.8671574074074073 0.5520416666666667 0.023074074074074247 0.005864583333333506
0 0.9076944444444444 0.5465729166666666 0.019953703703703557 0.0048697916666666785
0 0.8690833333333333 0.5399062499999999 0.011953703703703885 0.004161458333333279
0 0.9297314814814814 0.5488854166666666 0.009768518518518477 0.011244791666666743
0 0.9416851851851852 0.5677135416666667 0.01642592592592583 0.006578125000000057
0 0.9483333333333333 0.5420729166666666 0.0076944444444443936 0.008145833333333208
0 0.9389259259259259 0.5313125 0.009462962962962883 0.0069687500000000565
0 0.9082129629629629 0.5095677083333333 0.014759259259259415 0.003588541666666778
0 0.9519166666666665 0.47696875 0.012787037037037092 0.008432291666666637
0 0.7783703703703703 0.4813802083333333 0.009916666666666806 0.009281249999999908
0 0.4885648148148148 0.5309739583333333 0.012833333333333188 0.007463541666666629
0 0.5402777777777777 0.5075364583333333 0.017925925925925887 0.005489583333333314
0 0.4739907407407407 0.50703125 0.016138888888888894 0.00607291666666665
0 0.39425925925925925 0.5000781249999999 0.009527777777777796 0.008083333333333265
0 0.38223148148148145 0.5015104166666666 0.009814814814814889 0.005854166666666672
0 0.3120277777777778 0.5376874999999999 0.010379629629629664 0.008151041666666714
0 0.35571296296296295 0.5862291666666666 0.00995370370370369 0.004635416666666714
0 0.21074074074074073 0.5124166666666666 0.00916666666666662 0.008750000000000036
0 0.17790740740740738 0.49225520833333325 0.020268518518518498 0.004734374999999957
0 0.1574722222222222 0.5037864583333332 0.004527777777777765 0.007161458333333393
0 0.2624166666666667 0.5237552083333333 0.014712962962962924 0.0050677083333333425
0 0.31952777777777774 0.45499999999999996 0.011277777777777704 0.010401041666666621
0 0.35300925925925924 0.40223958333333326 0.014685185185185171 0.00790104166666672
0 0.32325000000000004 0.3856302083333333 0.006851851851851857 0.004973958333333339
0 0.37845370370370374 0.37458854166666666 0.029175925925925918 0.005020833333333386
0 0.29603703703703704 0.30149479166666665 0.006435185185185254 0.0028802083333332893
0 0.25504629629629627 0.2854583333333333 0.013018518518518441 0.003963541666666614
0 0.24248148148148146 0.28815625 0.013314814814814785 0.002786458333333286
0 0.2388888888888889 0.29156249999999995 0.008231481481481496 0.0038645833333333713
0 0.21562962962962962 0.28384895833333335 0.016009259259259303 0.0077187499999999964
0 0.23960185185185184 0.27313541666666663 0.01608333333333331 0.004473958333333261
0 0.20878703703703702 0.2688645833333333 0.021314814814814773 0.004765625000000018
0 0.18354629629629626 0.27465104166666665 0.011666666666666695 0.002958333333333396
0 0.19539814814814815 0.2780625 0.0053148148148147965 0.0052343749999999465
0 0.18044444444444444 0.2962604166666667 0.010398148148148165 0.003765625000000039
0 0.2982037037037037 0.27063541666666663 0.006287037037037003 0.006796874999999947
0 0.27584259259259264 0.26531249999999995 0.008231481481481496 0.004479166666666678
0 0.24737962962962964 0.24562499999999998 0.01159259259259255 0.005984374999999975
0 0.5328425925925926 0.3782395833333333 0.013601851851851955 0.009296874999999982
0 0.6183888888888889 0.3932552083333333 0.016407407407407485 0.006338541666666675
0 0.4770370370370371 0.27653645833333335 0.013435185185185125 0.00781770833333333
0 0.45673148148148146 0.27093229166666666 0.007175925925925873 0.006052083333333247
0 0.47512037037037036 0.2579166666666667 0.01121296296296287 0.007296875000000025
0 0.46475925925925926 0.257890625 0.008083333333333402 0.006218750000000028
0 0.4628425925925926 0.236546875 0.013944444444444395 0.004447916666666618
0 0.46364814814814814 0.24268229166666666 0.01071296296296301 0.0037708333333333678
0 0.4745648148148147 0.24629166666666666 0.02081481481481483 0.0029895833333333675
0 0.515787037037037 0.24163541666666663 0.016768518518518426 0.006781249999999961
0 0.4865833333333333 0.231203125 0.013740740740740718 0.005244791666666693
0 0.4728425925925925 0.2214270833333333 0.012935185185185105 0.0061510416666666675
0 0.5014351851851852 0.2267395833333333 0.013537037037036884 0.005302083333333307
0 0.5341759259259259 0.25343229166666664 0.014342592592592653 0.004406249999999989
0 0.5363425925925925 0.25004687499999995 0.007574074074074133 0.004177083333333354
0 0.5553888888888889 0.2627552083333333 0.018388888888888743 0.006739583333333332
0 0.5483703703703704 0.27432291666666664 0.013435185185185125 0.007140624999999989
0 0.5545833333333333 0.2845260416666666 0.014342592592592653 0.004932291666666711
0 0.5976203703703703 0.2702552083333333 0.0058611111111109915 0.005036458333333371
0 0.7933981481481481 0.46153645833333334 0.017851851851851723 0.005239583333333364
0 0.8435925925925926 0.4490677083333333 0.017407407407407365 0.007406250000000014
0 0.7811203703703703 0.44521875 0.008481481481481663 0.006734375000000093
0 0.7542037037037037 0.44789583333333327 0.014129629629629726 0.007406250000000014
0 0.7432685185185185 0.47292187499999994 0.006842592592592686 0.009932291666666693
0 0.896324074074074 0.44094791666666666 0.007731481481481397 0.013260416666666686
0 0.8840555555555555 0.43663541666666666 0.01621296296296306 0.0031302083333333286
0 0.8754259259259258 0.427265625 0.007879629629629726 0.007473958333333286
0 0.9138796296296297 0.4070520833333333 0.017851851851851723 0.005703124999999964
0 0.8839814814814815 0.3995208333333333 0.009814814814814731 0.00871354166666669
0 0.8925277777777776 0.3805364583333333 0.016509259259259088 0.006390624999999961
0 0.8891851851851852 0.3671041666666667 0.014870370370370424 0.003114583333333343
0 0.8598796296296295 0.36459374999999994 0.013388888888889028 0.004125000000000068
0 0.8432222222222221 0.37945312499999995 0.013981481481481397 0.004218749999999982
0 0.9020462962962963 0.35459375 0.016509259259259088 0.004703124999999986
0 0.8298333333333333 0.33204687499999996 0.008629629629629676 0.010812500000000025
0 0.902574074074074 0.3315416666666666 0.0202314814814814 0.007796875000000014
0 0.730111111111111 0.40707812499999996 0.009120370370370286 0.005869791666666657
0 0.7684444444444444 0.3650677083333333 0.016490740740740584 0.005807291666666714
0 0.7527777777777778 0.3362708333333333 0.016490740740740584 0.004776041666666675
0 0.7269907407407407 0.33146354166666664 0.006777777777777614 0.007010416666666686
0 0.7383333333333332 0.3095208333333333 0.01028703703703684 0.006401041666666618
0 0.6845370370370369 0.314421875 0.01777777777777787 0.005552083333333346
0 0.6687592592592593 0.2990260416666667 0.00865740740740727 0.008697916666666661
0 0.6229166666666667 0.2938333333333333 0.017305555555555605 0.0069947916666666995
0 0.6228611111111112 0.27461979166666667 0.010879629629629682 0.011979166666666697
0 0.5626944444444444 0.30159895833333333 0.01964814814814812 0.006734375000000003
0 0.79025 0.29232291666666665 0.015666666666666627 0.011333333333333329
0 0.7730648148148147 0.29041145833333337 0.0088888888888887 0.004885416666666753
0 0.8602407407407406 0.31946354166666663 0.017425925925925866 0.011020833333333346
0 0.8269722222222222 0.2889010416666667 0.01847222222222216 0.004625000000000057
0 0.8013611111111112 0.262125 0.007953703703703734 0.007906250000000004
0 0.8359722222222222 0.27867187499999996 0.017305555555555605 0.005609374999999961
0 0.7934074074074075 0.25726041666666666 0.009351851851851873 0.0109375
0 0.7752870370370369 0.2505833333333333 0.013333333333333523 0.0033697916666667106
0 0.7543518518518518 0.24304687499999997 0.007953703703703734 0.0068489583333333215
0 0.6974074074074074 0.24157291666666664 0.01824074074074073 0.005213541666666632
0 0.6550185185185184 0.2602291666666666 0.01134259259259254 0.006083333333333307
0 0.6296944444444444 0.23785416666666664 0.01824074074074073 0.0055416666666666895
0 0.6108703703703704 0.2445 0.01707407407407418 0.005416666666666625
0 0.6244351851851851 0.25759374999999995 0.009120370370370286 0.007135416666666661
0 0.6473518518518518 0.2232239583333333 0.018472222222222317 0.005484374999999986
0 0.598824074074074 0.23483854166666665 0.009824074074073982 0.011744791666666643
0 0.5621111111111111 0.23115625 0.010759259259259106 0.008317708333333318
0 0.5794722222222223 0.22006770833333328 0.013916666666666641 0.004692708333333328
0 0.5514722222222223 0.22125 0.007722222222222146 0.008640625000000046
0 0.4908981481481481 0.21332291666666664 0.010759259259259106 0.006598958333333282
0 0.8825555555555554 0.5672916666666666 0.008212962962962757 0.004052083333333378
0 0.31252777777777774 0.34209375 0.0037777777777778156 0.007286458333333368
0 0.3644074074074074 0.43689062500000003 0.011685185185185137 0.005833333333333357